#M00069	YY1
#p.cut	M00069	OpenChromDnaseHepg2	0.01	0.05	0.1	0.25	0.5	0.75	0.9	0.95	0.99	
#p.Tcut2	M00069	OpenChromDnaseHepg2	12.69	14.34	15.09	16.18	17.28	18.38	19.48	20.23	21.88	
#p.Tcut2b	M00069	OpenChromDnaseHepg2	12.92	14.57	15.32	16.42	17.52	18.62	19.72	20.46	22.11	
A	C	G	T
0.16677489	0.34945887	0.26304113	0.22072511
0.10347247	0.55006828	0.19213179	0.15432746
0.13605692	0.58720831	0.13738094	0.13935383
0.14483271	0.13493132	0.49434761	0.22588837
0.06388034	0.71296164	0.19418691	0.02897111
0.12538953	0.3587498	0.29710725	0.21875342
0.03844801	0.00646999	0.9355622	0.0195198
0.00642669	0.97113709	0.00946961	0.01296661
0.00299774	0.98720906	0.00649042	0.00330279
0.98075939	0.00648145	0.01275816	1e-06
0.00330303	0.01593624	0.00932303	0.9714377
1e-06	0.81235788	0.1287419	0.05889922
0.01608179	0.08691552	0.01290381	0.88409887
0.03835598	0.0193971	0.15723403	0.78501289
0.01312655	0.24333832	0.65257516	0.09095997
0.12024318	0.24644927	0.43233038	0.20097717
0.13406059	0.64617	0.05860573	0.16116369
0.07502917	0.0980309	0.08786677	0.73907315
0.02935323	0.40099508	0.49819373	0.07145796
0.12959383	0.51439175	0.21657581	0.13943861
0.29214094	0.05242842	0.25130938	0.40412125
0.16677489	0.34945887	0.26304113	0.22072511
