#M00025	Elk-1
#p.cut	M00025	EpiUwRmapDNaseCD8.Primary.Cells.SRX055204	0.01	0.05	0.1	0.25	0.5	0.75	0.9	0.95	0.99	
#p.Tcut2	M00025	EpiUwRmapDNaseCD8.Primary.Cells.SRX055204	12.78	14.43	15.18	16.27	17.37	18.47	19.57	20.32	21.97	
#p.Tcut2b	M00025	EpiUwRmapDNaseCD8.Primary.Cells.SRX055204	11.61	13.26	14.01	15.11	16.21	17.31	18.4	19.15	20.8	
A	C	G	T
0.19143016	0.3320967	0.32439869	0.15207445
0.05662656	0.56600673	0.20038168	0.17698503
0.09676063	0.54709029	0.25749258	0.0986565
0.29860433	0.44758174	0.18376703	0.07004689
0.37343429	0.03345785	0.53462827	0.0584796
0.01169952	0.97658928	0.01003736	0.00167384
0.04680245	0.94504777	1e-06	0.00814878
0.00823033	0.0066921	0.98507656	1e-06
0.00331661	0.00334669	0.98999029	0.00334642
0.9917556	0.00322388	0.00501952	1e-06
0.99330563	0.00167384	0.00334669	0.00167384
0.08147726	0.01337017	0.90347873	0.00167384
0.00334669	0.25365304	0.04482716	0.69817311
0.14869899	0.29695194	0.40610818	0.14824089
0.20832091	0.4875812	0.22391045	0.08018745
0.19143016	0.3320967	0.32439869	0.15207445
