#M00026	RSRFC4
#p.cut	M00026	EpiUwRmapDNaseFetal.Stomach.SRX214043	0.01	0.05	0.1	0.25	0.5	0.75	0.9	0.95	0.99	
#p.Tcut2	M00026	EpiUwRmapDNaseFetal.Stomach.SRX214043	17.6	19.25	20	21.09	22.19	23.29	24.39	25.14	26.79	
#p.Tcut2b	M00026	EpiUwRmapDNaseFetal.Stomach.SRX214043	12.93	14.58	15.32	16.42	17.52	18.62	19.72	20.47	22.12	
A	C	G	T
0.25862201	0.20095034	0.20420754	0.33622011
0.37776925	0.11172186	0.35415977	0.15634911
0.2356878	0.02810054	0.33259837	0.40361329
0.05145866	0.04664354	0.47113589	0.43076191
1e-06	0.97241214	1e-06	0.02758586
0.00199795	0.00607397	1e-06	0.99192708
0.98313363	0.0021714	0.01267811	0.00201686
0.00843278	0.00216936	0.00217195	0.9872259
0.01500567	0.00214674	0.00420212	0.97864546
0.10850101	0.00198069	1e-06	0.8895173
0.46536806	0.00201929	0.00422749	0.52838516
1e-06	0.01269932	0.00200641	0.98529327
0.99349211	0.00216384	0.00434305	1e-06
0.06424311	0.00201929	0.93156558	0.00217202
0.31305313	0.58819755	0.00204414	0.09670518
0.31011823	0.16585038	0.02588883	0.49814256
0.12166722	0.28772516	0.12506562	0.465542
0.25862201	0.20095034	0.20420754	0.33622011
