#M00044	Sn
#p.cut	M00044	EpiUwRmapDNaseMobilized.CD3.Primary.Cells.SRX089240	0.01	0.05	0.1	0.25	0.5	0.75	0.9	0.95	0.99	
#p.Tcut2	M00044	EpiUwRmapDNaseMobilized.CD3.Primary.Cells.SRX089240	13.83	15.48	16.23	17.33	18.43	19.53	20.62	21.37	23.02	
#p.Tcut2b	M00044	EpiUwRmapDNaseMobilized.CD3.Primary.Cells.SRX089240	13.26	14.91	15.66	16.76	17.86	18.96	20.06	20.8	22.45	
A	C	G	T
0.26249068	0.24993786	0.21998509	0.26758638
0.82515226	0.12764206	0.02731268	0.019893
0.02737557	0.5512791	0.42134433	1e-06
0.14096168	0.81257785	0.00657694	0.03988353
0.96724592	1e-06	0.02597299	0.00678009
0.01958377	0.71970308	0.20620153	0.05451161
1e-06	0.89959492	0.0600818	0.04032228
1e-06	0.00665154	1e-06	0.99334646
0.03405488	1e-06	0.96594312	1e-06
0.08060183	0.15412826	0.00665861	0.7586113
1e-06	0.00683832	1e-06	0.99315968
0.14676788	0.01938746	0.17002187	0.66382279
0.20008689	0.22232452	0.52357791	0.05401068
0.02053537	0.84499417	0.08783037	0.04664009
0.87312981	0.01981425	0.01309217	0.09396377
0.26249068	0.24993786	0.21998509	0.26758638
