#M00084	MZF1
#p.cut	M00084	UwDnaseHpaec	0.01	0.05	0.1	0.25	0.5	0.75	0.9	0.95	0.99	
#p.Tcut2	M00084	UwDnaseHpaec	14.89	16.54	17.29	18.39	19.48	20.58	21.68	22.43	24.08	
#p.Tcut2b	M00084	UwDnaseHpaec	10.8	12.45	13.19	14.29	15.39	16.49	17.59	18.34	19.99	
A	C	G	T
0.24962523	0.16278108	0.43168777	0.15590592
0.20021216	0.25991291	0.30175515	0.23811978
0.23025442	0.20892199	0.35341838	0.20740521
0.22447233	0.23250613	0.34844575	0.19457579
0.25995416	0.2359524	0.33483997	0.16925347
0.2364161	0.24535976	0.33155932	0.18666482
0.2238862	0.2110663	0.35476584	0.21028165
0.2221893	0.20252183	0.35679391	0.21849496
0.24986577	0.21178537	0.36661592	0.17173293
0.26369535	0.20891182	0.34980421	0.17758862
0.28447074	0.16726798	0.34003906	0.20822223
0.2352993	0.24407488	0.33180693	0.18881889
0.22235433	0.21024598	0.34549331	0.22190638
0.24854627	0.19446419	0.36042549	0.19656405
0.1730879	0.1939187	0.4145492	0.2184442
0.22978126	0.2221171	0.39808468	0.15001696
0.24342929	0.24049723	0.35948571	0.15658778
0.22214598	0.19923473	0.41174034	0.16687894
0.23109368	0.20460447	0.37006396	0.19423789
0.29512777	0.15122661	0.36139965	0.19224597
0.04674498	0.01384555	0.70942413	0.22998533
0.03300794	0.02183632	0.82403507	0.12112066
0.1391206	0.01097716	0.82841575	0.02148649
0.09030824	0.06073072	0.61202349	0.23693755
0.00528126	0.00276998	0.92911511	0.06283365
0.94536256	0.01380351	0.03531325	0.00552068
0.02164172	0.01377833	0.95351053	0.01106942
0.00276998	0.00276998	0.98636755	0.00809249
0.01926766	0.00276996	0.9751924	0.00276998
0.01367525	1e-06	0.98078641	0.00553734
0.10117726	0.10982949	0.77791634	0.01107691
0.93420706	0.01084321	0.05218137	0.00276836
0.90129065	0.03543775	0.06050162	0.00276998
0.24962523	0.16278108	0.43168777	0.15590592
