#M00093	BR-C Z3
#p.cut	M00093	UwDgfTh1wb33676984	0.01	0.05	0.1	0.25	0.5	0.75	0.9	0.95	0.99	
#p.Tcut2	M00093	UwDgfTh1wb33676984	21.5	23.15	23.89	24.99	26.09	27.19	28.29	29.04	30.69	
#p.Tcut2b	M00093	UwDgfTh1wb33676984	11.96	13.61	14.36	15.46	16.56	17.65	18.75	19.5	21.15	
A	C	G	T
0.42317125	0.16389006	0.15154334	0.26139535
0.94464987	0.00471487	0.02284471	0.02779056
0.60451749	0.18297843	0.15303397	0.05947011
0.09800247	0.01392957	0.01880061	0.86926735
0.98177315	1e-06	0.01388324	0.00434262
0.98175322	1e-06	0.01375624	0.00448953
0.99043672	0.00478126	0.00478101	1e-06
0.0138842	0.93475869	0.00888474	0.04247237
0.2115488	0.01408528	0.01856283	0.75580309
0.96683529	1e-06	0.03316271	1e-06
0.81772139	0.00885016	0.15469239	0.01873606
0.91612898	0.00478126	0.01410154	0.06498822
0.64611945	0.08470739	0.04081028	0.22836288
0.1061426	0.18126507	0.67042787	0.04216446
0.80225775	0.05985351	0.01762637	0.12026237
0.37706183	0.21452201	0.2005238	0.20789236
0.40036562	0.1725204	0.21623532	0.21087867
0.32004784	0.23273503	0.18625753	0.26095961
0.38845782	0.14462781	0.12727767	0.3396367
0.37187265	0.14019614	0.23371621	0.254215
0.31086032	0.14939525	0.21891452	0.3208299
0.40533255	0.14819819	0.14960495	0.29686431
0.37203422	0.13486253	0.19172467	0.30137857
0.33878657	0.22204142	0.18720333	0.25196868
0.31649375	0.21574609	0.14829426	0.31946589
0.33409109	0.19631555	0.19552265	0.27407071
0.2888593	0.22996605	0.20741615	0.27375851
0.34828198	0.19574788	0.17135535	0.28461479
0.33794435	0.18844112	0.17125226	0.30236227
0.30594132	0.18779591	0.18204985	0.32421292
0.26777095	0.22018174	0.11200331	0.400044
0.23696908	0.25712232	0.18468255	0.32122605
0.42317125	0.16389006	0.15154334	0.26139535
