#M00067	Hairy
#p.cut	M00067	OpenChromDnaseHuvec	0.01	0.05	0.1	0.25	0.5	0.75	0.9	0.95	0.99	
#p.Tcut2	M00067	OpenChromDnaseHuvec	11.35	13	13.75	14.85	15.95	17.05	18.14	18.89	20.54	
#p.Tcut2b	M00067	OpenChromDnaseHuvec	7.35	9	9.74	10.84	11.94	13.04	14.14	14.89	16.54	
A	C	G	T
0.15442508	0.38457935	0.33408282	0.12691275
0.05897277	0.18345663	0.67016671	0.0874039
0.07612316	0.10141028	0.78710257	0.03536399
0.00513957	0.99144309	0.00171403	0.00170332
0.77675175	0.1757625	0.01357017	0.03391558
0.00685375	0.95461242	0.01529267	0.02324116
0.03974112	0.00512972	0.94499979	0.01012937
0.00326038	0.9099577	0.03885356	0.04792836
0.00684644	0.0792017	0.86063553	0.05331633
0.14145904	0.66044938	0.1813128	0.01677878
0.0153238	0.79863634	0.15707627	0.0289636
0.38063733	0.33969837	0.10474302	0.17492128
0.06887091	0.21126328	0.45646777	0.26339804
0.15442508	0.38457935	0.33408282	0.12691275
