#M00091	BR-C Z1
#p.cut	M00091	UwDnaseHgf	0.01	0.05	0.1	0.25	0.5	0.75	0.9	0.95	0.99	
#p.Tcut2	M00091	UwDnaseHgf	20.19	21.84	22.58	23.68	24.78	25.88	26.98	27.72	29.38	
#p.Tcut2b	M00091	UwDnaseHgf	10.32	11.97	12.72	13.82	14.92	16.01	17.11	17.86	19.51	
A	C	G	T
0.42060526	0.15981432	0.15909091	0.26048951
0.70279474	0.01049085	0.00709324	0.27962118
0.503546	0.0382624	0.10533274	0.35285886
0.43456398	0.0282321	0.45346955	0.08373437
0.04205586	0.04507547	0.01418733	0.89868134
0.84623199	0.07367313	0.03838767	0.04170722
0.98249582	0.00689258	0.00706401	0.00354759
0.35957773	0.00354759	0.00354759	0.6333271
0.82143707	1e-06	0.01370823	0.1648537
0.67465818	0.02449264	0.28666245	0.01418673
0.96138962	0.00679646	0.02826634	0.00354759
0.01406074	0.94047696	0.01014823	0.03531406
0.98939782	0.00354757	0.00705361	1e-06
0.98950993	1e-06	0.00694264	0.00354643
0.82180526	0.00354759	0.16433863	0.01030852
0.51515454	0.01036598	0.02081397	0.4536655
0.31577592	0.37989853	0.12954307	0.17478248
0.39132938	0.16807079	0.01377773	0.4268221
0.52027392	0.2413838	0.16823273	0.07010955
0.42060526	0.15981432	0.15909091	0.26048951
