#M00001	MyoD
#p.cut	M00001	UwDnaseCaco2	0.01	0.05	0.1	0.25	0.5	0.75	0.9	0.95	0.99	
#p.Tcut2	M00001	UwDnaseCaco2	11.38	13.03	13.77	14.87	15.97	17.07	18.17	18.92	20.57	
#p.Tcut2b	M00001	UwDnaseCaco2	11.72	13.37	14.11	15.21	16.31	17.41	18.51	19.26	20.91	
A	C	G	T
0.19431438	0.2541806	0.36413043	0.18737458
0.06473694	0.39140016	0.53943078	0.00443212
0.40367772	0.13382471	0.45363562	0.00886194
0.58310412	1e-06	0.34274729	0.07414759
0.00443212	0.97404449	0.00443212	0.01709128
0.9871041	0.00873479	0.00416011	1e-06
0.01316505	1e-06	0.98246653	0.00436743
0.00873857	0.0044242	0.98683622	1e-06
1e-06	0.01737013	0.00876916	0.97385972
0.00886136	1e-06	0.98265679	0.00848085
0.00443142	0.09599462	0.56882891	0.33074506
0.00443212	0.22225783	0.01729156	0.7560185
0.08187026	0.00443212	0.82628215	0.08741548
0.19431438	0.2541806	0.36413043	0.18737458
