#M00047	qa-1F
#p.cut	M00047	EpiUwRmapDNaseFetal.Thymus.SRX100968	0.01	0.05	0.1	0.25	0.5	0.75	0.9	0.95	0.99	
#p.Tcut2	M00047	EpiUwRmapDNaseFetal.Thymus.SRX100968	13.12	14.77	15.52	16.62	17.72	18.82	19.91	20.66	22.31	
#p.Tcut2b	M00047	EpiUwRmapDNaseFetal.Thymus.SRX100968	12.36	14.01	14.75	15.85	16.95	18.05	19.15	19.9	21.55	
A	C	G	T
0.2377193	0.26374269	0.22171053	0.27682749
0.19632729	0.56693598	0.02148202	0.21525471
0.21375826	0.21686636	0.07063856	0.49873682
0.03499703	0.04420228	0.90292067	0.01788002
0.01730213	0.01759845	0.95615891	0.00894051
0.28109204	0.27116885	0.3199706	0.12776851
0.12734137	0.03501509	0.08373887	0.75390467
0.72013036	0.08219304	0.18050875	0.01716786
0.91729799	0.02191611	0.01310373	0.04768217
0.39618723	0.00829862	0.31187661	0.28363754
0.06638938	0.37860218	0.12659169	0.42841675
0.39001064	0.20177426	0.29372296	0.11449214
0.10089665	0.46622298	0.02218517	0.41069521
1e-06	0.03026794	0.00849679	0.96123428
0.02591142	0.29831209	0.02199539	0.6537811
0.77122853	0.11960806	0.01697799	0.09218542
0.19838994	0.04445694	0.02637682	0.7307763
0.0219388	0.84262694	0.06513475	0.07029951
0.14429611	0.77367427	0.03072778	0.05130185
0.08330842	0.25881927	0.18784462	0.47002769
0.02652203	0.48249299	0.29342961	0.19755537
0.2377193	0.26374269	0.22171053	0.27682749
