#M00045	E4BP4
#p.cut	M00045	UwDnaseCaco2	0.01	0.05	0.1	0.25	0.5	0.75	0.9	0.95	0.99	
#p.Tcut2	M00045	UwDnaseCaco2	15.73	17.38	18.12	19.22	20.32	21.42	22.52	23.27	24.92	
#p.Tcut2b	M00045	UwDnaseCaco2	10.99	12.64	13.39	14.48	15.58	16.68	17.78	18.53	20.18	
A	C	G	T
0.30685008	0.18486805	0.20409882	0.30418304
0.38075329	0.30648492	0.01477208	0.29798971
0.49580095	0.0071291	0.49706895	1e-06
1e-06	0.01477553	1e-06	0.98522247
1e-06	0.00688235	1e-06	0.99311565
0.97805341	0.0071291	0.01481649	1e-06
1e-06	0.03704162	1e-06	0.96295638
0.04362252	1e-06	0.94949412	0.00688235
1e-06	0.01453812	1e-06	0.98545988
0.999997	1e-06	1e-06	1e-06
0.97805146	1e-06	0.02194654	1e-06
0.0071291	0.59826375	0.00720199	0.38740516
0.5624032	0.04398894	0.29209605	0.1015118
0.30685008	0.18486805	0.20409882	0.30418304
