#M00077	GATA-3
#p.cut	M00077	UwDnaseHmvecdad	0.01	0.05	0.1	0.25	0.5	0.75	0.9	0.95	0.99	
#p.Tcut2	M00077	UwDnaseHmvecdad	13.31	14.96	15.71	16.81	17.9	19	20.1	20.85	22.5	
#p.Tcut2b	M00077	UwDnaseHmvecdad	11.55	13.2	13.94	15.04	16.14	17.24	18.34	19.09	20.74	
A	C	G	T
0.26473923	0.18524817	0.34057697	0.20943563
0.32402062	0.05840941	0.35774242	0.25982755
0.02424638	0.01252972	0.94754497	0.01567893
0.92925974	0.01235145	0.04271179	0.01567703
0.00936175	0.00313672	0.98750053	1e-06
0.9628471	0.01249678	0.0152651	0.00939103
0.00597965	0.02500898	0.02810478	0.94090659
0.89246331	0.00313672	0.09215655	0.01224343
0.02422091	0.0094061	0.9539697	0.01240329
0.030827	0.00308903	0.96294785	0.00313611
0.03692873	0.00939833	0.95053622	0.00313672
0.26473923	0.18524817	0.34057697	0.20943563
