#M00089	Athb-1
#p.cut	M00089	UwDnaseCaco2	0.01	0.05	0.1	0.25	0.5	0.75	0.9	0.95	0.99	
#p.Tcut2	M00089	UwDnaseCaco2	15.31	16.96	17.7	18.8	19.9	21	22.1	22.84	24.5	
#p.Tcut2b	M00089	UwDnaseCaco2	10.34	11.99	12.74	13.83	14.93	16.03	17.13	17.88	19.53	
A	C	G	T
0.32364672	0.18746439	0.19145299	0.2974359
0.52306916	0.19775532	0.06251916	0.21665636
0.01578275	0.10774336	0.07733089	0.799143
0.27788545	0.07672159	0.47574099	0.16965197
0.09202776	0.75250095	0.09271299	0.0627583
0.96843349	1e-06	0.01578275	0.01578275
0.9545687	0.01578275	0.02964754	1e-06
0.01468799	1e-06	0.0153551	0.96995591
1e-06	0.2012021	1e-06	0.7987959
0.96934357	1e-06	0.03065443	1e-06
1e-06	0.04619312	1e-06	0.95380488
1e-06	0.01578275	1e-06	0.98421525
0.10688388	1e-06	0.86303992	0.0300752
0.09427226	0.61452618	0.27558269	0.01561886
0.84599444	0.01554996	0.06080136	0.07765425
0.32364672	0.18746439	0.19145299	0.2974359
