#M00018	Ubx
#p.cut	M00018	UwDnaseH7esDiffa14d	0.01	0.05	0.1	0.25	0.5	0.75	0.9	0.95	0.99	
#p.Tcut2	M00018	UwDnaseH7esDiffa14d	12.65	14.3	15.05	16.15	17.25	18.34	19.44	20.19	21.84	
#p.Tcut2b	M00018	UwDnaseH7esDiffa14d	11.74	13.39	14.14	15.24	16.34	17.43	18.53	19.28	20.93	
A	C	G	T
0.2334211	0.20413033	0.28945203	0.27299654
0.1071552	0.09641278	0.57692884	0.21950317
0.3690236	0.07689118	0.26764939	0.28643582
0.22984491	0.07635571	0.6358084	0.05799098
0.09691103	0.07302313	0.70129177	0.12877408
0.28134904	0.10304901	0.53282912	0.08277283
0.08764771	0.38352765	0.34965232	0.17917232
0.05307224	0.15039505	0.02922944	0.76730326
0.00494736	1e-06	0.00456704	0.9904846
0.94157423	0.01459638	0.03393587	0.00989352
0.98578445	0.00926719	0.00494736	1e-06
0.00947112	0.01430633	0.0094303	0.96679225
0.02420803	1e-06	0.8155623	0.16022866
0.08321018	0.00492105	0.90692842	0.00494035
0.06299589	0.55283909	0.33532596	0.04883906
0.06236989	0.41755578	0.03414998	0.48592435
0.13167987	0.22411514	0.02855637	0.61564862
0.16918539	0.25570553	0.14706908	0.42804
0.15922901	0.14083276	0.62666516	0.07327307
0.10186701	0.05242813	0.31058905	0.5351158
0.2334211	0.20413033	0.28945203	0.27299654
