#M00015	ABF1
#p.cut	M00015	UwDnaseTh1	0.01	0.05	0.1	0.25	0.5	0.75	0.9	0.95	0.99	
#p.Tcut2	M00015	UwDnaseTh1	16.19	17.84	18.59	19.69	20.78	21.88	22.98	23.73	25.38	
#p.Tcut2b	M00015	UwDnaseTh1	9.97	11.62	12.37	13.47	14.57	15.67	16.77	17.51	19.16	
A	C	G	T
0.33818516	0.18524347	0.15958563	0.31698575
0.62020419	0.01083366	0.10550268	0.26345947
0.207175	0.19390052	0.12300774	0.47591674
0.63325509	0.01371277	0.33679928	0.01623287
0.00565699	0.01370456	0.02754511	0.95309335
0.07787847	0.87819045	0.00824535	0.03568574
0.92612112	0.00258932	0.03907831	0.03221125
0.01600974	0.25457127	0.0082388	0.72118018
0.05163874	0.08802388	0.08366649	0.7766709
0.42056594	0.10213679	0.12049154	0.35680573
0.19953623	0.11419869	0.04350694	0.64275814
0.59652617	0.06803621	0.09568743	0.23975019
0.36340375	0.22289867	0.10860065	0.30509693
0.97013002	0.00800565	0.01127036	0.01059397
0.07150076	0.73041644	0.02957062	0.16851219
0.15003731	0.02508017	0.75066118	0.07422134
0.37575849	0.00848503	0.17066827	0.44508821
0.5764924	0.09528496	0.17967416	0.14854848
0.44501068	0.13152941	0.13105933	0.29240058
0.382026	0.23960786	0.17347251	0.20489363
0.33318707	0.12039747	0.05985856	0.4865569
0.33818516	0.18524347	0.15958563	0.31698575
