#M00051	NF-kappaB (p50)
#p.cut	M00051	EpiUwRmapDNaseMobilized.CD3.Primary.Cells.SRX089240	0.01	0.05	0.1	0.25	0.5	0.75	0.9	0.95	0.99	
#p.Tcut2	M00051	EpiUwRmapDNaseMobilized.CD3.Primary.Cells.SRX089240	13.69	15.34	16.09	17.19	18.29	19.39	20.49	21.23	22.88	
#p.Tcut2b	M00051	EpiUwRmapDNaseMobilized.CD3.Primary.Cells.SRX089240	13.17	14.82	15.57	16.67	17.77	18.87	19.96	20.71	22.36	
A	C	G	T
0.1865861	0.29854985	0.32205438	0.19280967
0.02130409	0.00304928	0.97259735	0.00304928
0.00914583	1e-06	0.99085217	1e-06
0.01196928	0.00609723	0.9819325	1e-06
0.01218334	1e-06	0.98781466	1e-06
0.97902259	0.00905377	0.00582609	0.00609756
0.00607015	0.01806176	0.36148892	0.61437917
0.00304928	0.21480627	0.01521485	0.7669296
1e-06	0.94873633	0.0120135	0.03924917
1e-06	0.98781792	0.00913211	0.00304897
0.00590194	0.97282447	0.01517603	0.00609756
0.28873544	0.32069787	0.1700986	0.22046809
0.1865861	0.29854985	0.32205438	0.19280967
