#M00078	Evi-1
#p.cut	M00078	EpiUwRmapDNaseH1.BMP4.Derived.Mesendoderm.Cultured.Cells.SRX100994	0.01	0.05	0.1	0.25	0.5	0.75	0.9	0.95	0.99	
#p.Tcut2	M00078	EpiUwRmapDNaseH1.BMP4.Derived.Mesendoderm.Cultured.Cells.SRX100994	16.07	17.72	18.46	19.56	20.66	21.76	22.86	23.6	25.26	
#p.Tcut2b	M00078	EpiUwRmapDNaseH1.BMP4.Derived.Mesendoderm.Cultured.Cells.SRX100994	9.69	11.34	12.09	13.19	14.29	15.39	16.48	17.23	18.88	
A	C	G	T
0.38988746	0.14211472	0.23808221	0.2299156
0.59356786	0.01083756	0.08476246	0.31083212
0.03469077	0.02172326	0.92364308	0.01994289
0.90138446	0.00889629	0.06133946	0.02837979
0.07861056	0.27519689	0.17533081	0.47086173
0.81215561	0.03273609	0.02832774	0.12678056
0.95839405	0.00445535	0.02420672	0.01294388
0.05246796	0.00649908	0.92369682	0.01733615
0.9385455	0.0198261	0.02873493	0.01289347
0.08501172	0.1298808	0.05274322	0.73236427
0.77302306	0.03937811	0.06350047	0.12409836
0.96237847	1e-06	0.01544247	0.02217806
0.0568007	0.02364542	0.89760399	0.02194989
0.92312676	0.01770972	0.03926357	0.01989994
0.0982114	0.09589338	0.1660921	0.63980312
0.76320894	0.10296316	0.03086175	0.10296615
0.77284694	0.07839264	0.03918451	0.10957591
0.38988746	0.14211472	0.23808221	0.2299156
