#M00007	Elk-1
#p.cut	M00007	EpiUwRmapDNaseMobilized.CD3.Primary.Cells.SRX089240	0.01	0.05	0.1	0.25	0.5	0.75	0.9	0.95	0.99	
#p.Tcut2	M00007	EpiUwRmapDNaseMobilized.CD3.Primary.Cells.SRX089240	13.99	15.64	16.39	17.48	18.58	19.68	20.78	21.53	23.18	
#p.Tcut2b	M00007	EpiUwRmapDNaseMobilized.CD3.Primary.Cells.SRX089240	13.13	14.78	15.53	16.63	17.73	18.83	19.92	20.67	22.32	
A	C	G	T
0.29400093	0.23581933	0.2700747	0.20010504
0.67368369	0.02268908	0.18962017	0.11400706
0.58753717	0.18348408	0.21912256	0.00985619
0.86611038	0.00658277	0.12730585	1e-06
0.00656515	0.86634757	0.11117261	0.01591467
0.76094644	0.22941017	0.00317695	0.00646644
0.00960986	0.00326008	0.98712905	1e-06
0.00329204	1e-06	0.99670596	1e-06
0.99678845	1e-06	0.00320955	1e-06
0.92491924	0.00986926	0.00658308	0.05862842
0.00985994	0.00314411	0.98699495	1e-06
0.00656515	0.09801514	0.00329204	0.89212767
0.2025155	0.24510589	0.38341069	0.16896792
0.31988947	0.63781105	0.01940916	0.02289031
0.26085294	0.3075441	0.40198292	0.02962003
0.20889093	0.23573047	0.03288971	0.5224889
0.29400093	0.23581933	0.2700747	0.20010504
