#M00022	Hb
#p.cut	M00022	EpiUwRmapDNaseFetal.Ovary.SRX201793	0.01	0.05	0.1	0.25	0.5	0.75	0.9	0.95	0.99	
#p.Tcut2	M00022	EpiUwRmapDNaseFetal.Ovary.SRX201793	16.56	18.21	18.96	20.06	21.16	22.26	23.35	24.1	25.75	
#p.Tcut2b	M00022	EpiUwRmapDNaseFetal.Ovary.SRX201793	10.6	12.25	13	14.1	15.19	16.29	17.39	18.14	19.79	
A	C	G	T
0.3898374	0.17934959	0.18268293	0.24813008
0.40249819	0.04983446	0.25656022	0.29110713
0.0284862	0.01237549	0.93062698	0.02851134
0.04088117	0.93490507	0.01219889	0.01201487
0.95517154	0.02054675	0.02051016	0.00377156
0.01642003	0.02045831	1e-06	0.96312065
0.93102942	0.01232314	0.03622639	0.02042104
0.9958442	1e-06	0.0041538	1e-06
0.97132714	1e-06	0.02451171	0.00416015
0.96728089	0.01210665	0.02061146	1e-06
0.97180745	0.0081722	0.0041602	0.01586015
0.91951993	0.03641113	0.02818962	0.01587933
0.3898374	0.17934959	0.18268293	0.24813008
