#M00002	E47
#p.cut	M00002	EpiUwRmapDNaseMobilized.CD3.Primary.Cells.SRX089240	0.01	0.05	0.1	0.25	0.5	0.75	0.9	0.95	0.99	
#p.Tcut2	M00002	EpiUwRmapDNaseMobilized.CD3.Primary.Cells.SRX089240	13.99	15.64	16.39	17.49	18.59	19.69	20.78	21.53	23.18	
#p.Tcut2b	M00002	EpiUwRmapDNaseMobilized.CD3.Primary.Cells.SRX089240	12.23	13.88	14.63	15.73	16.83	17.93	19.03	19.77	21.42	
A	C	G	T
0.18273299	0.2918239	0.33093196	0.19451115
0.28168944	0.44292363	0.2626701	0.01271683
0.11390755	0.50354752	0.35779628	0.02474866
0.35713933	0.06945124	0.42959442	0.14381501
0.03095181	0.01271689	0.9563303	1e-06
0.01215022	0.96932495	1e-06	0.01852383
0.96199215	0.00635895	0.01907485	0.01257406
0.00635858	0.0127169	0.98092352	1e-06
0.01255148	0.04405107	0.93703896	0.0063585
1e-06	0.03178912	0.00635895	0.96185093
0.00575341	1e-06	0.98788664	0.00635895
0.01231071	0.03120004	0.38485786	0.57163139
0.01271689	0.4834613	0.34044083	0.16338098
0.03767203	0.67286245	0.13886883	0.1505967
0.04425026	0.45881606	0.35813434	0.13879934
0.05029466	0.51158603	0.16168095	0.27643836
0.18273299	0.2918239	0.33093196	0.19451115
