#M00017	ATF
#p.cut	M00017	EpiUwRmapDNaseFetal.Kidney.Left.SRX040410	0.01	0.05	0.1	0.25	0.5	0.75	0.9	0.95	0.99	
#p.Tcut2	M00017	EpiUwRmapDNaseFetal.Kidney.Left.SRX040410	5.55	7.2	7.95	9.05	10.15	11.25	12.34	13.09	14.74	
#p.Tcut2b	M00017	EpiUwRmapDNaseFetal.Kidney.Left.SRX040410	7.89	9.55	10.29	11.39	12.49	13.59	14.69	15.43	17.09	
A	C	G	T
0.17226002	0.32973041	0.29977324	0.19823633
0.10863977	0.72844199	0.04992377	0.11299447
0.04605712	0.24163863	0.35015866	0.36214559
0.06561448	0.40712682	0.51630437	0.01095433
1e-06	0.00406021	0.00137616	0.99456263
1e-06	1e-06	0.99724464	0.00275336
0.9932785	1e-06	0.00534294	0.00137756
1e-06	0.97590265	0.00546511	0.01863124
0.01827778	0.00401928	0.97642349	0.00127945
0.02298038	0.01210872	1e-06	0.9649099
0.09795128	0.82430514	0.02684215	0.05090143
0.74705441	0.01211643	0.1319791	0.10885006
0.05688372	0.45953834	0.3094869	0.17409104
0.02719855	0.59366675	0.15265026	0.22648443
0.0749717	0.54170573	0.23670171	0.14662086
0.17226002	0.32973041	0.29977324	0.19823633
