#M00006	MEF-2
#p.cut	M00006	EpiUwRmapDNaseFetal.Heart.SRX062366	0.01	0.05	0.1	0.25	0.5	0.75	0.9	0.95	0.99	
#p.Tcut2	M00006	EpiUwRmapDNaseFetal.Heart.SRX062366	18.88	20.53	21.27	22.37	23.47	24.57	25.67	26.42	28.07	
#p.Tcut2b	M00006	EpiUwRmapDNaseFetal.Heart.SRX062366	13.59	15.24	15.99	17.09	18.19	19.29	20.39	21.13	22.78	
A	C	G	T
0.32077291	0.22099661	0.17004782	0.28818266
0.08007086	0.33694026	0.21833581	0.36465307
0.04108882	0.01949262	0.14559496	0.7938236
0.00654088	0.72400185	0.01292376	0.25653351
0.00637707	0.04067027	0.00218107	0.95077158
0.92863726	0.02594943	0.01743195	0.02798136
0.93954967	0.00397889	0.0195356	0.03693585
0.96533863	0.00435945	0.01304023	0.01726169
0.97216249	0.00436115	0.00855104	0.01492532
0.97846376	1e-06	0.00415574	0.01737951
0.01937139	0.00868203	0.00434816	0.96759843
0.96752269	0.01305077	0.01086577	0.00856077
0.80733931	0.03245051	0.10828752	0.05192266
0.06871604	0.84054687	0.04776026	0.04297683
0.05631061	0.32536605	0.01072065	0.60760268
0.03868628	0.67653928	0.02591769	0.25885675
0.07950506	0.31156102	0.02383706	0.58509686
0.32077291	0.22099661	0.17004782	0.28818266
