#M00097	Pax-6
#p.cut	M00097	OpenChromDnaseEcc1Dm002p1h	0.01	0.05	0.1	0.25	0.5	0.75	0.9	0.95	0.99	
#p.Tcut2	M00097	OpenChromDnaseEcc1Dm002p1h	14.93	16.58	17.33	18.43	19.53	20.63	21.72	22.47	24.12	
#p.Tcut2b	M00097	OpenChromDnaseEcc1Dm002p1h	11.67	13.32	14.07	15.17	16.27	17.36	18.46	19.21	20.86	
A	C	G	T
0.25966194	0.23007446	0.1960701	0.31419349
0.44802251	0.17547803	0.0952497	0.28124977
0.22892499	0.16218769	0.15908272	0.4498046
0.14914803	0.27519865	0.13611959	0.43953373
0.0226852	0.03421517	0.04871061	0.89438902
0.01052848	0.00853029	0.01210341	0.96883782
0.02784286	0.74242598	0.00524229	0.22448886
0.91417309	0.06851309	0.01043432	0.0068795
0.10157223	0.49517671	0.01225357	0.39099749
0.07274698	0.01679092	0.83631636	0.07414574
0.01909257	0.83593369	0.11933157	0.02564217
0.47023591	0.03819324	0.02068078	0.47089007
0.01052398	0.03466754	0.00856188	0.9462466
0.0275839	0.31486889	0.61104929	0.04649792
0.90142472	0.01199439	0.0745555	0.01202539
0.26953078	0.26461855	0.30428124	0.16156944
0.01547811	0.03957142	0.02268735	0.92226312
0.01891369	0.00853841	0.50495151	0.46759639
0.29373864	0.46607253	0.17453204	0.06565679
0.44963333	0.27661214	0.0760928	0.19766172
0.09998834	0.44641272	0.07263631	0.38096263
0.25966194	0.23007446	0.1960701	0.31419349
