#M00063	IRF-2
#p.cut	M00063	EpiUwRmapDNaseCD3.Primary.Cells.SRX204362	0.01	0.05	0.1	0.25	0.5	0.75	0.9	0.95	0.99	
#p.Tcut2	M00063	EpiUwRmapDNaseCD3.Primary.Cells.SRX204362	17	18.65	19.4	20.5	21.6	22.69	23.79	24.54	26.19	
#p.Tcut2b	M00063	EpiUwRmapDNaseCD3.Primary.Cells.SRX204362	13.94	15.59	16.33	17.43	18.53	19.63	20.73	21.48	23.13	
A	C	G	T
0.3567629	0.19058877	0.2431007	0.20954762
0.32513913	0.07528191	0.25763248	0.34194648
0.01939312	0.21437561	0.75650082	0.00973046
0.5840754	0.10873895	0.27133945	0.0358462
0.97845486	1e-06	0.0071324	0.01441173
0.99510801	1e-06	0.00488999	1e-06
0.99510871	0.00244479	0.0024455	1e-06
0.0145587	0.16148976	0.81906189	0.00488965
0.02578454	0.15232202	0.01222152	0.80967191
0.00717815	0.00243826	0.98793809	0.0024455
0.99267074	0.00243826	0.00488999	1e-06
0.99538719	1e-06	0.00461081	1e-06
0.98350513	0.00227542	0.01421845	1e-06
0.0119523	0.54470342	0.43622183	0.00712246
0.01916961	0.44147608	0.02371724	0.51563708
0.3567629	0.19058877	0.2431007	0.20954762
