#M00098	Pax-2
#p.cut	M00098	UwDgfSaec	0.01	0.05	0.1	0.25	0.5	0.75	0.9	0.95	0.99	
#p.Tcut2	M00098	UwDgfSaec	13.95	15.6	16.34	17.44	18.54	19.64	20.74	21.49	23.14	
#p.Tcut2b	M00098	UwDgfSaec	12.1	13.75	14.5	15.6	16.7	17.8	18.89	19.64	21.29	
A	C	G	T
0.2695485	0.21389403	0.22122917	0.2953283
0.29727113	0.39643997	0.08228278	0.22400612
0.07550221	0.31514639	0.1386489	0.4707025
0.10324192	0.16786204	0.01475012	0.71414592
0.40339442	0.16639675	0.12813714	0.30207169
0.1663884	0.01464601	0.78983873	0.02912686
0.01045502	0.01887514	1e-06	0.97066885
0.00404757	0.91776822	0.01059318	0.06759103
0.952178	0.00832136	0.01887682	0.02062382
0.09432728	0.24659161	0.03804679	0.62103432
0.05434358	0.02535968	0.78377232	0.13652442
0.02502976	0.50825112	0.24394564	0.22277348
0.73514523	0.00846438	0.22110667	0.03528373
0.02731795	0.01866513	0.00616497	0.94785195
0.01908936	0.02740128	0.76539722	0.18811214
0.90780221	0.03367783	0.01692027	0.04159968
0.04012453	0.32461222	0.17230202	0.46296122
0.01458764	0.10745491	0.360103	0.51785446
0.22460305	0.32388818	0.35471538	0.09679338
0.53567768	0.24402414	0.0965585	0.12373968
0.2695485	0.21389403	0.22122917	0.2953283
