#M00043	dl
#p.cut	M00043	EpiUwRmapDNaseMobilized.CD3.Primary.Cells.SRX089240	0.01	0.05	0.1	0.25	0.5	0.75	0.9	0.95	0.99	
#p.Tcut2	M00043	EpiUwRmapDNaseMobilized.CD3.Primary.Cells.SRX089240	14.77	16.43	17.17	18.27	19.37	20.47	21.57	22.31	23.96	
#p.Tcut2b	M00043	EpiUwRmapDNaseMobilized.CD3.Primary.Cells.SRX089240	13.7	15.35	16.1	17.2	18.29	19.39	20.49	21.24	22.89	
A	C	G	T
0.20193825	0.24194275	0.24183007	0.31428893
0.3439106	0.07463039	0.23164043	0.34981859
0.0224934	0.02312138	0.94274365	0.01164157
0.01746186	1e-06	0.98253614	1e-06
0.02852691	1e-06	0.96571813	0.00575396
0.20176446	0.01706937	0.03428241	0.74688376
0.1611008	0.01124908	0.01729216	0.81035796
1e-06	0.00567232	0.00546297	0.9888637
1e-06	0.01742438	1e-06	0.98257362
1e-06	0.02849089	0.00582129	0.96568683
0.00582128	0.96007331	0.01115452	0.02295089
1e-06	0.97674122	0.00582126	0.01743652
0.16101711	0.56923423	0.08064745	0.18910121
0.20193825	0.24194275	0.24183007	0.31428893
