#M00094	BR-C Z4
#p.cut	M00094	UwDnaseAg04450	0.01	0.05	0.1	0.25	0.5	0.75	0.9	0.95	0.99	
#p.Tcut2	M00094	UwDnaseAg04450	20.02	21.67	22.41	23.51	24.61	25.71	26.81	27.56	29.21	
#p.Tcut2b	M00094	UwDnaseAg04450	9.81	11.46	12.2	13.3	14.4	15.5	16.6	17.35	19	
A	C	G	T
0.43508727	0.16023272	0.14310051	0.26157951
0.52151364	0.01204062	0.01366443	0.45278131
0.46424276	0.00691479	0.0099362	0.51890624
0.81912717	0.00508568	0.02029743	0.15548972
0.92986454	0.00518635	0.05630999	0.00863913
0.02050187	0.01374462	0.01196213	0.95379137
0.98465573	0.00168069	0.01036609	0.00329748
0.99143887	0.00340914	0.00515098	1e-06
0.98120847	0.00691292	0.01015999	0.00171863
0.01547036	0.84010415	0.11735766	0.02706783
0.97419994	0.00691088	0.01376249	0.00512669
0.90110819	0.01362411	0.0051462	0.08012151
0.98300366	0.00172945	0.00678788	0.00847901
0.96764453	0.00683474	0.01037098	0.01514975
0.43508727	0.16023272	0.14310051	0.26157951
