#M00031	MATalpha2
#p.cut	M00031	UwDnaseCaco2	0.01	0.05	0.1	0.25	0.5	0.75	0.9	0.95	0.99	
#p.Tcut2	M00031	UwDnaseCaco2	16.64	18.29	19.04	20.14	21.24	22.33	23.43	24.18	25.83	
#p.Tcut2b	M00031	UwDnaseCaco2	11.91	13.56	14.3	15.4	16.5	17.6	18.7	19.45	21.1	
A	C	G	T
0.33403226	0.18758065	0.18427419	0.2941129
0.16164102	0.25017233	0.19672272	0.39146393
1e-06	0.01223189	0.01560406	0.97216305
1e-06	0.95932265	0.00802706	0.03264929
0.95536697	0.00811805	0.03238973	0.00412526
0.00411097	0.05265498	0.00794786	0.93528619
0.0041151	0.00788448	0.97593458	0.01206583
0.0082495	0.00397574	1e-06	0.98777376
0.93940465	0.00824917	0.04409673	0.00824945
0.97528392	0.01234137	0.00412526	0.00824945
0.97972143	0.00411393	0.00412526	0.01203938
0.97559267	0.00824429	0.00824785	0.00791519
0.33403226	0.18758065	0.18427419	0.2941129
