#M00064	PHO4
#p.cut	M00064	EpiUwRmapDNaseMobilized.CD3.Primary.Cells.SRX089240	0.01	0.05	0.1	0.25	0.5	0.75	0.9	0.95	0.99	
#p.Tcut2	M00064	EpiUwRmapDNaseMobilized.CD3.Primary.Cells.SRX089240	11.25	12.9	13.65	14.75	15.84	16.94	18.04	18.79	20.44	
#p.Tcut2b	M00064	EpiUwRmapDNaseMobilized.CD3.Primary.Cells.SRX089240	11.27	12.92	13.66	14.76	15.86	16.96	18.06	18.81	20.46	
A	C	G	T
0.20425988	0.27382777	0.31167637	0.21023598
0.0080244	0.28770373	1e-06	0.70427087
0.50165075	0.23938939	0.25093545	0.0080244
0.15971792	0.52315551	0.31311923	0.00400734
1e-06	0.99210745	0.00387885	0.0040127
0.9799385	1e-06	0.0160478	0.0040127
0.0160478	0.93242253	0.00801906	0.04351061
0.07894472	0.02756998	0.8815767	0.0119086
0.0040127	0.01177759	0.0119086	0.97230111
0.01172271	0.00802379	0.86548104	0.11477245
0.01983526	0.02756292	0.88900447	0.06359734
0.01192195	1e-06	0.92438667	0.06369038
0.20425988	0.27382777	0.31167637	0.21023598
