#M00014	repressor of CAR1 expression
#p.cut	M00014	OpenChromDnaseCerebellumoc	0.01	0.05	0.1	0.25	0.5	0.75	0.9	0.95	0.99	
#p.Tcut2	M00014	OpenChromDnaseCerebellumoc	12.13	13.79	14.53	15.63	16.73	17.83	18.93	19.67	21.32	
#p.Tcut2b	M00014	OpenChromDnaseCerebellumoc	11.78	13.43	14.18	15.27	16.37	17.47	18.57	19.32	20.97	
A	C	G	T
0.22699387	0.31678506	0.28541061	0.17081046
0.4239749	0.20178863	0.14348794	0.23074852
0.10953513	0.31258191	0.38905801	0.18882495
0.06935649	0.05684118	0.23321123	0.6405911
0.91207583	0.03096428	0.03552493	0.02143497
0.05143441	0.01215257	0.92874506	0.00766796
0.01238727	0.97215673	0.00769369	0.00776231
0.01517612	0.95138052	0.00618835	0.02725501
0.26847757	0.02459459	0.61165831	0.09526953
0.00304137	0.95239584	0.03548056	0.00908222
0.02279321	0.88348612	0.05572335	0.03799733
0.38535437	0.15759532	0.40185128	0.05519903
0.62151601	0.17336227	0.17599086	0.02913086
0.3917606	0.16558845	0.41973448	0.02291647
0.32401505	0.09539364	0.57278999	0.00780132
0.23295376	0.33772254	0.38213623	0.04718747
0.24710619	0.45424215	0.26078572	0.03786594
0.22699387	0.31678506	0.28541061	0.17081046
