#M00068	HEN1
#p.cut	M00068	OpenChromDnaseMcf7	0.01	0.05	0.1	0.25	0.5	0.75	0.9	0.95	0.99	
#p.Tcut2	M00068	OpenChromDnaseMcf7	16.44	18.09	18.84	19.93	21.03	22.13	23.23	23.98	25.63	
#p.Tcut2b	M00068	OpenChromDnaseMcf7	14.31	15.97	16.71	17.81	18.91	20.01	21.11	21.85	23.5	
A	C	G	T
0.17108295	0.32987711	0.30011521	0.19892473
0.10738033	0.23881727	0.27830893	0.37549346
0.22771065	0.17232282	0.41523048	0.18473606
0.07997278	0.00809002	0.86042624	0.05151096
0.03534552	1e-06	0.86155798	0.1030955
0.12309929	0.28376342	0.42345629	0.169681
0.14655619	0.81360452	0.01216423	0.02767505
0.10756319	0.46764218	0.17099028	0.25380435
0.00404935	0.97993889	0.00796074	0.00805102
0.94096805	0.00778928	0.04352909	0.00771357
0.01968256	0.07507554	0.86626678	0.03897513
0.05544228	0.83331522	0.11124149	1e-06
0.0078427	0.03587193	0.01176799	0.94451738
0.00810447	0.01215158	0.97974295	1e-06
0.12736261	0.51131116	0.18289104	0.17843519
0.01949718	0.02812289	0.54554393	0.406836
0.09120626	0.44520977	0.27402734	0.18955662
0.02007759	0.79708799	0.0519526	0.13088182
0.07492993	0.74600863	0.028227	0.15083444
0.17317824	0.60772715	0.05221601	0.1668786
0.09866725	0.41207874	0.18752661	0.30172739
0.17108295	0.32987711	0.30011521	0.19892473
