#M00082	Evi-1
#p.cut	M00082	EpiUwRmapDNaseH1.BMP4.Derived.Mesendoderm.Cultured.Cells.SRX135565	0.01	0.05	0.1	0.25	0.5	0.75	0.9	0.95	0.99	
#p.Tcut2	M00082	EpiUwRmapDNaseH1.BMP4.Derived.Mesendoderm.Cultured.Cells.SRX135565	17.16	18.81	19.56	20.65	21.75	22.85	23.95	24.7	26.35	
#p.Tcut2b	M00082	EpiUwRmapDNaseH1.BMP4.Derived.Mesendoderm.Cultured.Cells.SRX135565	11.66	13.31	14.06	15.16	16.26	17.36	18.45	19.2	20.85	
A	C	G	T
0.36857143	0.14928105	0.23062558	0.25152194
0.77708021	0.0056333	0.00855801	0.20872849
0.00654926	0.00284739	0.98964548	0.00095787
0.98572555	1e-06	0.00949286	0.00478059
0.0019192	0.00661756	0.00558714	0.98587611
0.98290502	0.00286635	0.01138942	0.00283921
0.99062428	1e-06	0.00466909	0.00470563
0.00759195	0.00096318	0.99144387	1e-06
0.97820258	0.00186307	0.01235136	0.007583
0.00766646	0.01612153	0.00752931	0.9686827
0.97648966	0.00088209	0.01021094	0.01241731
0.61551753	0.02073733	0.21736464	0.1463805
0.36857143	0.14928105	0.23062558	0.25152194
