#M00076	GATA-2
#p.cut	M00076	OpenChromDnaseGm13976	0.01	0.05	0.1	0.25	0.5	0.75	0.9	0.95	0.99	
#p.Tcut2	M00076	OpenChromDnaseGm13976	14.04	15.69	16.44	17.54	18.63	19.73	20.83	21.58	23.23	
#p.Tcut2b	M00076	OpenChromDnaseGm13976	11.39	13.04	13.78	14.88	15.98	17.08	18.18	18.93	20.58	
A	C	G	T
0.26218798	0.1748228	0.34416025	0.21882897
0.25949328	0.12464248	0.21668472	0.39917951
0.02609369	0.09917073	0.84695398	0.0277816
0.15478505	0.11061223	0.72076597	0.01383676
0.03555748	0.00935705	0.94129584	0.01378962
0.01244548	0.01850392	0.96595181	0.00309879
0.95207084	0.00790108	0.02628636	0.01374172
0.00756607	0.04836272	0.01245228	0.93161893
0.87314756	0.00937959	0.10527532	0.01219753
0.02812741	0.02470264	0.93633116	0.01083879
0.02926497	0.43705809	0.49044271	0.04323423
0.03579555	0.01558225	0.71049935	0.23812284
0.26218798	0.1748228	0.34416025	0.21882897
