#M00034	p53
#p.cut	M00034	UwDgfGm06990	0.01	0.05	0.1	0.25	0.5	0.75	0.9	0.95	0.99	
#p.Tcut2	M00034	UwDgfGm06990	11.73	13.38	14.13	15.23	16.33	17.43	18.52	19.27	20.92	
#p.Tcut2b	M00034	UwDgfGm06990	12.54	14.19	14.94	16.03	17.13	18.23	19.33	20.08	21.73	
A	C	G	T
0.18644781	0.29503367	0.31691919	0.20159933
0.10148262	0.01003272	0.85805536	0.03042929
0.35271327	0.06058027	0.55190024	0.03480621
0.56016386	0.09094441	0.29820973	0.050682
0.0510016	0.86917758	0.0502715	0.02954933
0.74161646	0.11171268	0.07598054	0.07069032
0.09644263	0.07618903	0.15694201	0.67042633
0.01485706	0.03986915	0.88546017	0.05981361
0.03565221	0.60466896	0.11115607	0.24852276
0.04532095	0.83885226	0.07540605	0.04042074
0.10941021	0.64733443	0.07658885	0.16666651
0.11491631	0.04088753	0.74389858	0.10029758
0.03535592	0.05563935	0.83873793	0.07026681
0.12569137	0.09020696	0.74886796	0.0352337
0.05554536	0.83373414	0.08549184	0.02522866
0.69149911	0.17143442	0.06100607	0.0760604
0.07116824	0.0955185	0.12220076	0.7111125
0.03469542	0.07145203	0.84906526	0.04478728
0.03967899	0.27095012	0.11138949	0.5779814
0.03978077	0.69120899	0.10171188	0.16729836
0.02570402	0.30425643	0.20143339	0.46860616
0.18644781	0.29503367	0.31691919	0.20159933
