#M00046	GCR1
#p.cut	M00046	EpiUwRmapDNaseMobilized.CD3.Primary.Cells.SRX089240	0.01	0.05	0.1	0.25	0.5	0.75	0.9	0.95	0.99	
#p.Tcut2	M00046	EpiUwRmapDNaseMobilized.CD3.Primary.Cells.SRX089240	12.79	14.44	15.18	16.28	17.38	18.48	19.58	20.33	21.98	
#p.Tcut2b	M00046	EpiUwRmapDNaseMobilized.CD3.Primary.Cells.SRX089240	12.37	14.02	14.76	15.86	16.96	18.06	19.16	19.9	21.56	
A	C	G	T
0.18092253	0.32301196	0.25411042	0.24195509
0.03445863	1e-06	0.96236501	0.00317536
0.01244954	0.00627869	0.97809646	0.00317531
1e-06	0.99047392	0.00634972	0.00317536
0.00617733	0.01584268	0.00317516	0.97480483
0.00634967	0.00301508	0.00617733	0.98445792
1e-06	0.99051371	1e-06	0.00948429
1e-06	0.98448657	0.00317471	0.01233772
0.25065313	0.00942685	0.01242103	0.72749899
1e-06	0.98145375	0.00935387	0.00919138
0.21321019	0.35644791	0.0881822	0.3421597
0.18092253	0.32301196	0.25411042	0.24195509
