#M00066	Tal-1alpha:E47
#p.cut	M00066	EpiUwRmapDNaseFetal.Brain.SRX121277	0.01	0.05	0.1	0.25	0.5	0.75	0.9	0.95	0.99	
#p.Tcut2	M00066	EpiUwRmapDNaseFetal.Brain.SRX121277	14.16	15.81	16.56	17.66	18.76	19.86	20.95	21.7	23.35	
#p.Tcut2b	M00066	EpiUwRmapDNaseFetal.Brain.SRX121277	13.07	14.72	15.47	16.57	17.67	18.76	19.86	20.61	22.26	
A	C	G	T
0.28703199	0.2002908	0.25240822	0.26026899
0.16455936	0.05109997	0.39102604	0.39331463
0.13246951	0.29921956	0.23709733	0.3312136
0.13730568	0.21776982	0.45525077	0.18967373
0.80183252	0.01525623	0.18162338	0.00128787
0.81179846	0.15262443	0.03557611	1e-06
1e-06	0.99871013	1e-06	0.00128787
0.99873166	1e-06	0.00126634	1e-06
0.00128787	1e-06	0.99613861	0.00257252
0.99624853	0.00117611	0.00257437	1e-06
1e-06	0.00632683	0.00128787	0.99238431
0.0024506	1e-06	0.9975474	1e-06
0.00124487	0.00894039	0.87078853	0.1190262
0.00381731	0.067285	0.00386161	0.92503607
0.14105506	0.30074082	0.48724616	0.07095795
0.39346776	0.22055528	0.13609654	0.24988042
0.15805051	0.40337701	0.30490603	0.13366646
0.28703199	0.2002908	0.25240822	0.26026899
