#M00024	E2F
#p.cut	M00024	UwDnaseTh17	0.01	0.05	0.1	0.25	0.5	0.75	0.9	0.95	0.99	
#p.Tcut2	M00024	UwDnaseTh17	9.17	10.82	11.57	12.67	13.77	14.87	15.96	16.71	18.36	
#p.Tcut2b	M00024	UwDnaseTh17	9	10.65	11.4	12.5	13.59	14.69	15.79	16.54	18.19	
A	C	G	T
0.27323033	0.23392023	0.28616601	0.20668344
0.18594747	0.04771458	0.07548481	0.69085314
0.2913607	0.22557493	0.09122066	0.39184372
0.21215176	0.28976204	0.47047733	0.02760887
0.05968082	0.20191761	0.72277835	0.01562322
0.06263449	0.78030101	0.09425832	0.06280618
0.0903166	0.02782732	0.84657002	0.03528605
0.07094156	0.40037377	0.43815417	0.09053049
0.01592241	0.03536734	0.91288733	0.03582291
0.90462132	0.01592736	0.07150672	0.00794459
0.93274908	0.01989304	0.04339501	0.00396286
0.90067707	0.01590806	0.07545041	0.00796446
0.92442577	0.02389067	0.03973737	0.01194619
0.31158741	0.31278698	0.08320094	0.29242468
0.05517915	0.05106373	0.42335532	0.4704018
0.29705086	0.05933968	0.60070065	0.04290881
0.27323033	0.23392023	0.28616601	0.20668344
