#M00062	IRF-1
#p.cut	M00062	EpiUwRmapDNaseCD3.Primary.Cells.SRX204362	0.01	0.05	0.1	0.25	0.5	0.75	0.9	0.95	0.99	
#p.Tcut2	M00062	EpiUwRmapDNaseCD3.Primary.Cells.SRX204362	18.07	19.72	20.47	21.56	22.66	23.76	24.86	25.61	27.26	
#p.Tcut2b	M00062	EpiUwRmapDNaseCD3.Primary.Cells.SRX204362	14.25	15.9	16.65	17.75	18.84	19.94	21.04	21.79	23.44	
A	C	G	T
0.3769333	0.1997874	0.20993888	0.21334042
0.02520019	0.49391954	0.43567533	0.04520494
0.971673	0.01420666	0.01411934	1e-06
0.98607322	1e-06	0.00557898	0.0083468
0.99715847	1e-06	0.00283953	1e-06
0.99180413	1e-06	0.00556808	0.00262679
0.08177817	0.36004595	0.52450874	0.03366714
0.00569246	0.15910626	0.00570683	0.82949445
0.01996659	1e-06	0.97717848	0.00285393
0.99429115	1e-06	0.00570685	1e-06
0.9945195	1e-06	0.0054785	1e-06
0.98336178	0.00276876	0.01118436	0.0026851
0.01396009	0.63444861	0.34588445	0.00570685
0.06726309	0.477168	0.01972346	0.43584544
0.3769333	0.1997874	0.20993888	0.21334042
