#M00035	v-Maf
#p.cut	M00035	UwDnaseCaco2	0.01	0.05	0.1	0.25	0.5	0.75	0.9	0.95	0.99	
#p.Tcut2	M00035	UwDnaseCaco2	12.35	14	14.75	15.85	16.95	18.05	19.14	19.89	21.54	
#p.Tcut2b	M00035	UwDnaseCaco2	12.78	14.43	15.18	16.27	17.37	18.47	19.57	20.32	21.97	
A	C	G	T
0.24754309	0.28001709	0.24668851	0.22575132
0.43593765	0.10923291	0.20121589	0.25361355
0.29867387	0.31225672	0.21264288	0.17642654
0.49238056	0.17721353	0.17750506	0.15290085
0.1247249	0.10048628	0.01634727	0.75844155
0.01643445	1e-06	0.92512422	0.05844033
0.22685434	0.75604601	1e-06	0.01709866
0.02491365	0.0166761	1e-06	0.95840926
1e-06	0.016433	0.96690769	0.01665831
0.97475258	0.0086158	0.01663062	1e-06
0.00782468	0.9406392	1e-06	0.05153512
0.1241525	0.11840453	0.07587415	0.68156882
0.09967701	0.69913306	0.15011256	0.05107737
0.78137869	0.01568928	0.08484137	0.11809066
0.02461833	1e-06	0.96686244	0.00851823
0.06557299	0.8755167	0.04267685	0.01623347
0.62120683	0.16878356	0.1009014	0.10910821
0.1504227	0.5386436	0.1515641	0.15936961
0.24754309	0.28001709	0.24668851	0.22575132
