#M00049	GAL4
#p.cut	M00049	EpiUwRmapDNaseMobilized.CD3.Primary.Cells.SRX089240	0.01	0.05	0.1	0.25	0.5	0.75	0.9	0.95	0.99	
#p.Tcut2	M00049	EpiUwRmapDNaseMobilized.CD3.Primary.Cells.SRX089240	10.03	11.69	12.43	13.53	14.63	15.73	16.83	17.57	19.23	
#p.Tcut2b	M00049	EpiUwRmapDNaseMobilized.CD3.Primary.Cells.SRX089240	9.08	10.73	11.48	12.58	13.67	14.77	15.87	16.62	18.27	
A	C	G	T
0.17190913	0.34534731	0.30540993	0.17733362
0.06900593	0.54284472	0.26457579	0.12357356
0.25852059	0.32552401	0.17013234	0.24582306
0.12328928	0.33766859	0.22298974	0.31605239
0.12122061	0.79583079	0.03693687	0.04601174
0.05248099	0.07343104	0.72956322	0.14452475
0.02997415	0.10360705	0.8528399	0.01357889
0.22015414	0.36538066	0.36176684	0.05269836
0.11492867	0.25219326	0.4055078	0.22737027
0.14064335	0.47820876	0.33313204	0.04801584
0.43560007	0.05939654	0.28710029	0.2179031
0.0390721	0.75672738	0.18347636	0.02072416
0.2773629	0.14318408	0.05066879	0.52878423
0.0503318	0.36873472	0.46820466	0.11272881
0.0318614	0.25308611	0.1191791	0.59587339
0.06443516	0.52088222	0.24045861	0.174224
0.03643144	0.60806832	0.27514921	0.08035103
0.14663229	0.19267089	0.13777138	0.52292543
0.01598002	0.88093743	0.0939168	0.00916574
0.03695856	0.85746122	0.04810168	0.05747854
0.0568896	0.08455523	0.82884919	0.02970598
0.69960412	0.07566145	0.04595432	0.17878012
0.42133314	0.04110239	0.52138121	0.01618326
0.1390309	0.54220892	0.29799081	0.02076937
0.17190913	0.34534731	0.30540993	0.17733362
