#M00072	CP2
#p.cut	M00072	OpenChromDnaseCerebellumoc	0.01	0.05	0.1	0.25	0.5	0.75	0.9	0.95	0.99	
#p.Tcut2	M00072	OpenChromDnaseCerebellumoc	14.84	16.49	17.23	18.33	19.43	20.53	21.63	22.38	24.03	
#p.Tcut2b	M00072	OpenChromDnaseCerebellumoc	14.46	16.11	16.86	17.96	19.06	20.16	21.25	22	23.65	
A	C	G	T
0.26617901	0.3012293	0.23167056	0.20092113
0.29350289	0.11189023	0.27846763	0.31613925
0.03123039	0.01362813	0.95338493	0.00175655
0.00690456	0.96708666	0.00699366	0.01901512
0.27885189	0.42450187	0.011941	0.28470524
0.01350657	0.95151582	0.01228622	0.02269139
0.53337188	0.02085853	0.14196223	0.30380736
0.91947263	0.01052526	0.06470286	0.00529925
0.42935564	0.54294113	0.0138822	0.01382103
0.00666024	0.96572257	0.0087471	0.01887008
0.0085973	0.96227115	0.00871988	0.02041168
0.96884313	0.00690712	0.01911295	0.0051368
0.02410695	0.00332218	0.96741982	0.00515105
0.26617901	0.3012293	0.23167056	0.20092113
