#M00081	Evi-1
#p.cut	M00081	UwDnaseTh1	0.01	0.05	0.1	0.25	0.5	0.75	0.9	0.95	0.99	
#p.Tcut2	M00081	UwDnaseTh1	19.36	21.01	21.76	22.85	23.95	25.05	26.15	26.9	28.55	
#p.Tcut2b	M00081	UwDnaseTh1	10.78	12.43	13.18	14.27	15.37	16.47	17.57	18.32	19.97	
A	C	G	T
0.39010909	0.13963636	0.19592727	0.27432727
0.5338723	0.00781894	0.24229914	0.21600963
0.23092506	0.00819913	0.76087481	1e-06
0.93626928	0.01581692	0.01601424	0.03189956
0.06544241	0.02439125	1e-06	0.91016534
0.911573	1e-06	0.04862354	0.03980247
0.46575628	0.01636491	0.17633804	0.34154077
0.2019181	0.00772812	0.76708867	0.02326511
0.86291403	1e-06	0.04088113	0.09620384
0.30306458	0.08913328	0.01634186	0.59146028
0.8166848	0.01639243	0.02424937	0.1426734
0.80744214	0.00819913	0.15265679	0.03170195
0.26342288	0.00819912	0.72837701	1e-06
0.91262701	0.00816413	0.02306104	0.05614783
0.18482585	0.02459535	0.00819913	0.78237968
0.92820181	0.01633703	0.02393579	0.03152536
0.39010909	0.13963636	0.19592727	0.27432727
