#M00070	Tal-1beta:ITF-2
#p.cut	M00070	EpiUwRmapDNaseFetal.Brain.SRX027076	0.01	0.05	0.1	0.25	0.5	0.75	0.9	0.95	0.99	
#p.Tcut2	M00070	EpiUwRmapDNaseFetal.Brain.SRX027076	14.45	16.1	16.85	17.95	19.05	20.15	21.25	21.99	23.64	
#p.Tcut2b	M00070	EpiUwRmapDNaseFetal.Brain.SRX027076	13.39	15.05	15.79	16.89	17.99	19.09	20.19	20.93	22.58	
A	C	G	T
0.29318149	0.19958298	0.2464357	0.26079983
0.07880701	0.23140597	0.53593335	0.15385368
0.14886106	0.17655113	0.40524578	0.26934203
0.24715978	0.1896718	0.40067271	0.1624957
0.94597572	0.00198001	0.04600202	0.00604225
0.89098946	0.08695235	0.02205719	1e-06
0.00092219	0.9980696	1e-06	0.00100721
0.99597017	1e-06	0.00302097	0.00100787
1e-06	0.00100788	0.9940421	0.00494902
0.999997	1e-06	1e-06	1e-06
0.00100788	0.00694236	0.00091212	0.99113764
0.00297473	1e-06	0.99601638	0.00100788
0.00198532	0.00703865	0.87192998	0.11904606
0.00393527	0.28856749	0.00201477	0.70548248
0.15259481	0.40004485	0.20378644	0.24357389
0.25299488	0.18128543	0.07368169	0.49203801
0.1267882	0.33245638	0.2673925	0.27336291
0.29318149	0.19958298	0.2464357	0.26079983
