#M00071	E47
#p.cut	M00071	UwDnaseHpaec	0.01	0.05	0.1	0.25	0.5	0.75	0.9	0.95	0.99	
#p.Tcut2	M00071	UwDnaseHpaec	14	15.65	16.4	17.49	18.59	19.69	20.79	21.54	23.19	
#p.Tcut2b	M00071	UwDnaseHpaec	13.45	15.1	15.85	16.95	18.04	19.14	20.24	20.99	22.64	
A	C	G	T
0.28214286	0.23228022	0.24450549	0.24107143
0.56040221	0.2550793	0.12258264	0.06193585
0.50946681	0.08457279	0.11464035	0.29132006
0.123219	0.18418042	0.3786086	0.31399198
0.72414091	0.19758535	0.02348555	0.05478819
0.52164117	0.02297969	0.45537814	1e-06
1e-06	0.97651658	1e-06	0.02348142
0.97688934	1e-06	0.02310866	1e-06
0.01566083	1e-06	0.97702085	0.00731732
0.03032437	0.02233033	0.9473443	1e-06
1e-06	0.0156225	0.00783094	0.97654556
0.02243708	0.00783094	0.95417161	0.01556038
0.00783094	0.24524774	0.03118042	0.7157409
0.04506286	0.01509261	0.02257472	0.9172698
0.22368138	0.67684485	0.03835161	0.06112216
0.60051563	0.19334732	0.09984403	0.10629301
0.26961551	0.45245391	0.16878395	0.10914663
0.31529495	0.1840908	0.20826682	0.29234743
0.35984297	0.1852223	0.25467206	0.20026266
0.33072922	0.21484851	0.23212317	0.2222991
0.31701421	0.2617158	0.23003549	0.1912345
0.26335777	0.25865893	0.17050288	0.30748043
0.26083328	0.22272859	0.25458944	0.2618487
0.24641498	0.30110624	0.17582849	0.27665029
0.19057993	0.21670063	0.19240367	0.40031577
0.28581475	0.18409313	0.28359913	0.246493
0.21481959	0.20673555	0.40082089	0.17762396
0.27001889	0.31659582	0.16867614	0.24470915
0.36857868	0.1675824	0.11697754	0.34686138
0.28214286	0.23228022	0.24450549	0.24107143
