#M00055	N-Myc
#p.cut	M00055	UwDnaseCaco2	0.01	0.05	0.1	0.25	0.5	0.75	0.9	0.95	0.99	
#p.Tcut2	M00055	UwDnaseCaco2	8.76	10.41	11.16	12.26	13.36	14.46	15.56	16.3	17.95	
#p.Tcut2b	M00055	UwDnaseCaco2	10.27	11.92	12.67	13.77	14.87	15.97	17.07	17.81	19.46	
A	C	G	T
0.16025641	0.38610614	0.26990161	0.18373584
0.03129175	0.3111649	0.09690081	0.56064254
0.0776088	0.74405889	0.05008272	0.12824958
0.04312964	0.93034243	0.01135126	0.01517668
1e-06	0.98079533	0.00379025	0.01541342
0.91114151	0.02300814	0.06584935	1e-06
0.01535473	0.90323079	0.00370711	0.07770737
0.04233103	0.0156973	0.93458635	0.00738531
1e-06	0.02281258	0.00793532	0.96925111
0.0037772	0.00390572	0.99231608	1e-06
0.06276255	0.32750862	0.10837791	0.50135092
0.10803581	0.86100574	0.01538813	0.01557033
0.22431171	0.53537918	0.15159202	0.08871709
0.16025641	0.38610614	0.26990161	0.18373584
