#M00075	GATA-1
#p.cut	M00075	UwDnaseCaco2	0.01	0.05	0.1	0.25	0.5	0.75	0.9	0.95	0.99	
#p.Tcut2	M00075	UwDnaseCaco2	11.92	13.57	14.32	15.41	16.51	17.61	18.71	19.46	21.11	
#p.Tcut2b	M00075	UwDnaseCaco2	10.47	12.12	12.87	13.97	15.07	16.17	17.27	18.01	19.66	
A	C	G	T
0.17876448	0.20988417	0.42911197	0.18223938
0.01155158	0.22802524	0.72933402	0.03108917
0.04207379	0.02330598	0.9306834	0.00393683
0.01181299	0.01563255	0.04948834	0.92306613
0.00774432	1e-06	0.99225368	1e-06
0.96094999	0.01556996	0.01172195	0.01175809
0.01883564	0.03885834	1e-06	0.94230502
0.17480751	1e-06	0.82124711	0.00394438
0.01943002	0.01535568	0.95732654	0.00788775
0.01548578	0.02716843	0.93034658	0.02699921
0.01545134	0.00393683	0.9534845	0.02712733
0.17876448	0.20988417	0.42911197	0.18223938
