#M00073	deltaEF1
#p.cut	M00073	UwDgfTh1wb33676984	0.01	0.05	0.1	0.25	0.5	0.75	0.9	0.95	0.99	
#p.Tcut2	M00073	UwDgfTh1wb33676984	17.34	18.99	19.73	20.83	21.93	23.03	24.13	24.88	26.53	
#p.Tcut2b	M00073	UwDgfTh1wb33676984	15.67	17.32	18.07	19.17	20.26	21.36	22.46	23.21	24.86	
A	C	G	T
0.27708736	0.2523244	0.19212004	0.27846819
0.42259984	0.01400237	0.00970187	0.55369593
1e-06	0.4857998	0.00970121	0.50449799
0.00485143	0.00928853	0.00970187	0.97615817
0.00914251	0.93983428	0.00439428	0.04662893
0.9664415	0.00485143	0.02385564	0.00485143
0.00439428	0.96265925	1e-06	0.03294547
0.00472754	0.96345051	1e-06	0.03182095
0.00472794	0.00921145	1e-06	0.98605961
0.01434789	0.00970187	0.95673435	0.01921589
0.97135184	0.00970156	0.01424196	0.00470465
0.95728875	0.01409515	0.01911607	0.00950004
0.27708736	0.2523244	0.19212004	0.27846819
