#M00016	E74A
#p.cut	M00016	UwDnaseTh17	0.01	0.05	0.1	0.25	0.5	0.75	0.9	0.95	0.99	
#p.Tcut2	M00016	UwDnaseTh17	12.76	14.41	15.15	16.25	17.35	18.45	19.55	20.3	21.95	
#p.Tcut2b	M00016	UwDnaseTh17	12.15	13.8	14.55	15.65	16.75	17.85	18.95	19.69	21.34	
A	C	G	T
0.27554802	0.22761128	0.30752939	0.18931131
0.36384078	0.30536323	0.15737377	0.17342223
0.25528149	0.18825681	0.47590521	0.0805565
0.86428871	0.03439856	0.08915845	0.01215428
0.82546069	0.01606893	0.09377382	0.06469655
0.19799485	0.43879366	0.14451193	0.21869957
0.03822346	0.91997955	0.03388288	0.0079141
0.54172779	0.44417894	0.00597994	0.00811332
0.02426036	0.00202908	0.97169376	0.0020168
0.01790993	0.0020168	0.97809753	0.00197574
0.9979812	1e-06	0.0020168	1e-06
0.99196139	0.00398908	0.00202045	0.00202908
0.20561628	0.00806264	0.78226392	0.00405716
0.01821163	0.05859006	0.01216332	0.91103499
0.10491785	0.06217388	0.76251885	0.07038942
0.37014969	0.16521502	0.35605817	0.10857713
0.11629858	0.06656584	0.48926655	0.32786903
0.11270146	0.18320231	0.64367189	0.06042435
0.27554802	0.22761128	0.30752939	0.18931131
