#M00086	Ik-1
#p.cut	M00086	OpenChromDnaseLncapAndro	0.01	0.05	0.1	0.25	0.5	0.75	0.9	0.95	0.99	
#p.Tcut2	M00086	OpenChromDnaseLncapAndro	14.68	16.33	17.07	18.17	19.27	20.37	21.47	22.22	23.87	
#p.Tcut2b	M00086	OpenChromDnaseLncapAndro	13.6	15.25	16	17.1	18.19	19.29	20.39	21.14	22.79	
A	C	G	T
0.27100649	0.2117333	0.24231026	0.27494995
0.19493187	0.34262062	0.01316269	0.44928482
0.03239291	0.05232824	0.1551091	0.76016974
0.00959924	0.05154636	0.00331653	0.93553787
0.02875632	0.00964681	0.96159588	1e-06
0.01210805	0.0032893	0.97831409	0.00628857
0.02841038	0.00958444	0.955791	0.00621419
0.96155752	0.00985173	0.02532426	0.00326648
0.98385765	1e-06	0.01614035	1e-06
0.00632566	0.08086056	0.0096064	0.90320738
0.55003672	0.00976373	0.37911444	0.0610851
0.02873029	0.66622301	0.01276718	0.29227952
0.07337622	0.84030909	0.00962321	0.07669148
0.27100649	0.2117333	0.24231026	0.27494995
