#M00019	Dfd
#p.cut	M00019	UwDnaseTh1	0.01	0.05	0.1	0.25	0.5	0.75	0.9	0.95	0.99	
#p.Tcut2	M00019	UwDnaseTh1	16.56	18.21	18.96	20.06	21.16	22.25	23.35	24.1	25.75	
#p.Tcut2b	M00019	UwDnaseTh1	13.07	14.72	15.46	16.56	17.66	18.76	19.86	20.61	22.26	
A	C	G	T
0.30958333	0.17357143	0.2085119	0.30833333
0.66324503	0.02734895	0.23635304	0.07305298
0.14633099	0.00345	0.82703735	0.02318166
0.03723247	0.27961008	0.45164139	0.23151606
0.74605465	0.00689499	0.24382213	0.00322823
0.95949854	0.00335509	0.03027207	0.00687429
1e-06	0.0101092	0.01032057	0.97956923
0.00345	0.01008021	1e-06	0.98646879
0.9634258	0.01344051	0.01968833	0.00344535
0.00987348	0.94396024	1e-06	0.04616528
0.00345	0.02342976	1e-06	0.97311924
0.13621935	0.01332557	0.24134131	0.60911377
0.03331243	0.00321428	0.95025308	0.0132202
0.30958333	0.17357143	0.2085119	0.30833333
