#M00059	YY1
#p.cut	M00059	UwDnaseHmvecdad	0.01	0.05	0.1	0.25	0.5	0.75	0.9	0.95	0.99	
#p.Tcut2	M00059	UwDnaseHmvecdad	15.59	17.24	17.98	19.08	20.18	21.28	22.38	23.12	24.78	
#p.Tcut2b	M00059	UwDnaseHmvecdad	12.88	14.53	15.28	16.38	17.48	18.57	19.67	20.42	22.07	
A	C	G	T
0.26972459	0.21376066	0.20738998	0.30912477
0.06162411	0.15658907	0.38313218	0.39865464
0.56336741	0.17393667	0.25734457	0.00535135
0.45639092	0.04466667	0.03944065	0.45950176
0.04467938	0.52673386	0.39465434	0.03393242
0.44306776	0.00568727	0.06631191	0.48493306
0.0167404	0.96660644	0.00568694	0.01096623
0.00568727	0.98310095	1e-06	0.01121078
0.99431073	1e-06	0.00568727	1e-06
1e-06	0.00542287	0.01097535	0.98360078
0.18987418	0.03370643	0.02708843	0.74933096
0.00531183	0.01131512	0.01657085	0.9668022
0.14530107	0.01070681	1e-06	0.84399112
0.05619549	0.06770607	0.31753967	0.55855877
0.22769943	0.09541692	0.50997588	0.16690776
0.50882315	0.12754175	0.34667645	0.01695865
0.92232267	1e-06	0.01632497	0.06135136
0.08411595	0.38494284	0.34616936	0.18477184
0.26972459	0.21376066	0.20738998	0.30912477
