#M00036	v-Jun
#p.cut	M00036	UwDgfCd20ro01778	0.01	0.05	0.1	0.25	0.5	0.75	0.9	0.95	0.99	
#p.Tcut2	M00036	UwDgfCd20ro01778	8.73	10.38	11.12	12.22	13.32	14.42	15.52	16.27	17.92	
#p.Tcut2b	M00036	UwDgfCd20ro01778	11.28	12.93	13.68	14.78	15.88	16.98	18.07	18.82	20.47	
A	C	G	T
0.19486607	0.30285714	0.29227679	0.21
0.09773217	0.46023854	0.12756162	0.31446768
0.20185318	0.0351587	0.65734472	0.10564341
0.5373323	0.0328508	0.4197174	0.01009951
0.00492859	0.01228138	0.01244029	0.97034973
0.00487724	1e-06	0.99281657	0.0023052
0.9626442	0.00253051	0.01759694	0.01722835
0.01221058	0.90996981	0.0168452	0.06097442
0.06179393	0.03228204	0.8988942	0.00702983
0.01227866	0.01482475	0.00693312	0.96596347
0.01011848	0.984826	0.0025305	0.00252502
0.95005401	0.00748099	0.02495498	0.01751002
0.01770755	0.2817419	0.13044894	0.5701016
0.14457653	0.39112819	0.23079727	0.23349802
0.10240697	0.48108207	0.24430079	0.17221016
0.2003633	0.47389369	0.03265557	0.29308743
0.19486607	0.30285714	0.29227679	0.21
