#M00119	Max
#p.cut	M00119	EpiUwRmapDNaseCD3.Primary.Cells.SRX204362	0.01	0.05	0.1	0.25	0.5	0.75	0.9	0.95	0.99	
#p.Tcut2	M00119	EpiUwRmapDNaseCD3.Primary.Cells.SRX204362	12.75	14.4	15.15	16.25	17.34	18.44	19.54	20.29	21.94	
#p.Tcut2b	M00119	EpiUwRmapDNaseCD3.Primary.Cells.SRX204362	12.89	14.54	15.29	16.39	17.49	18.59	19.69	20.43	22.08	
A	C	G	T
0.24534231	0.25252525	0.25690236	0.24523008
0.4974677	0.06056809	0.32018674	0.12177747
0.52822385	0.01238531	0.45319768	0.00619315
0.78798245	0.01827529	0.18754972	0.00619254
0.36421373	0.45220151	0.02419869	0.15938607
1e-06	0.97559912	0.01201457	0.01238531
0.96939785	0.00619304	0.01834741	0.00606171
0.01225315	0.9276518	0.00619315	0.0539019
0.05913944	1e-06	0.94085856	1e-06
0.01169034	0.01825956	1e-06	0.9700491
0.01235678	0.01198253	0.96946753	0.00619315
0.17037931	0.10964563	0.38764093	0.33233413
1e-06	0.30696973	1e-06	0.69302827
0.0123276	0.41353737	1e-06	0.57413403
0.12708894	0.29141298	0.091427	0.49007107
0.24534231	0.25252525	0.25690236	0.24523008
