#M00198	GAL4
#p.cut	M00198	OpenChromDnaseGm10248	0.01	0.05	0.1	0.25	0.5	0.75	0.9	0.95	0.99	
#p.Tcut2	M00198	OpenChromDnaseGm10248	13.82	15.47	16.22	17.32	18.42	19.51	20.61	21.36	23.01	
#p.Tcut2b	M00198	OpenChromDnaseGm10248	10.92	12.57	13.31	14.41	15.51	16.61	17.71	18.46	20.11	
A	C	G	T
0.18419311	0.31452716	0.30234765	0.19893209
0.12536834	0.26603712	0.14871764	0.4598769
0.1401509	0.72822002	0.06589251	0.06573656
0.09111234	0.04137304	0.79278639	0.07472823
0.01907926	0.09861811	0.8647097	0.01759294
0.33631834	0.27831481	0.3047488	0.08061805
0.12792685	0.36118301	0.39521754	0.11567261
0.24442247	0.49179948	0.18893119	0.07484686
0.40000986	0.05339248	0.31675406	0.2298436
0.07547134	0.76279094	0.13704852	0.0246892
0.24767665	0.04687617	0.04109531	0.66435188
0.03559002	0.36762893	0.41933389	0.17744717
0.02477763	0.29077956	0.11547001	0.5689728
0.07504643	0.47654289	0.30353739	0.14487329
0.01218489	0.53776102	0.23769013	0.21236395
0.11862917	0.11912999	0.26689327	0.49534757
0.01103346	0.87842994	0.0983059	0.0122307
0.06974334	0.78592819	0.04128911	0.10303936
0.09271122	0.07679337	0.79417344	0.03632197
0.5492236	0.05102368	0.19356664	0.20618609
0.38270295	0.031412	0.54054161	0.04534344
0.25499291	0.5603605	0.16171925	0.02292734
0.22471854	0.13007696	0.4705962	0.17460829
0.18419311	0.31452716	0.30234765	0.19893209
