#M00123	c-Myc:Max
#p.cut	M00123	EpiUwRmapDNaseMobilized.CD3.Primary.Cells.SRX089240	0.01	0.05	0.1	0.25	0.5	0.75	0.9	0.95	0.99	
#p.Tcut2	M00123	EpiUwRmapDNaseMobilized.CD3.Primary.Cells.SRX089240	11.98	13.63	14.38	15.48	16.57	17.67	18.77	19.52	21.17	
#p.Tcut2b	M00123	EpiUwRmapDNaseMobilized.CD3.Primary.Cells.SRX089240	11.73	13.38	14.13	15.22	16.32	17.42	18.52	19.27	20.92	
A	C	G	T
0.25977301	0.26408155	0.22236234	0.2537831
0.97243434	0.01103868	0.01102156	0.00550542
0.02207645	0.63831766	0.28499926	0.05460663
1e-06	0.9834477	1e-06	0.0165503
0.97836065	0.01096928	0.01066908	1e-06
0.0216495	0.91276199	0.00551987	0.06006864
0.16768436	1e-06	0.81644007	0.01587457
1e-06	0.01082559	0.00507709	0.98409632
0.01655762	0.01103826	0.96688424	0.00551987
0.17588006	0.01070697	0.13140211	0.68201086
0.01059596	0.69438548	0.19095521	0.10406335
0.63294492	0.03839934	0.01103254	0.3176232
0.16994458	0.21935954	0.3873681	0.22332778
0.25977301	0.26408155	0.22236234	0.2537831
