#M00175	AP-4
#p.cut	M00175	UwDnaseCaco2	0.01	0.05	0.1	0.25	0.5	0.75	0.9	0.95	0.99	
#p.Tcut2	M00175	UwDnaseCaco2	11.3	12.95	13.7	14.8	15.9	17	18.1	18.84	20.49	
#p.Tcut2b	M00175	UwDnaseCaco2	11.95	13.6	14.35	15.45	16.55	17.65	18.75	19.49	21.14	
A	C	G	T
0.19688525	0.28483607	0.30467213	0.21360656
0.06170628	0.86810702	0.05766168	0.01252502
0.16996518	0.01232226	0.08249414	0.73521841
1e-06	0.98757932	0.00821205	0.00420764
0.97926259	1e-06	0.01652877	0.00420764
0.00791752	1e-06	0.99208048	1e-06
1e-06	0.99176573	1e-06	0.00823227
0.00415299	0.01261166	0.02020048	0.96303486
0.00830703	0.00824318	0.98344879	1e-06
0.00837446	0.00822853	0.85642422	0.12697279
0.00829612	0.02878122	0.36222111	0.60070156
0.19688525	0.28483607	0.30467213	0.21360656
