#M00131	HNF3beta
#p.cut	M00131	UwDnaseCaco2	0.01	0.05	0.1	0.25	0.5	0.75	0.9	0.95	0.99	
#p.Tcut2	M00131	UwDnaseCaco2	19.38	21.03	21.78	22.88	23.97	25.07	26.17	26.92	28.57	
#p.Tcut2b	M00131	UwDnaseCaco2	11.4	13.05	13.8	14.9	16	17.09	18.19	18.94	20.59	
A	C	G	T
0.28361638	0.15754246	0.18391608	0.37492507
0.01115333	0.02206534	0.24656448	0.72021686
0.02179979	0.01116444	0.84625114	0.12078462
0.5495739	0.09862712	0.12684	0.22495897
0.96651273	0.01674202	0.01674425	1e-06
0.7630643	0.027647	0.01674598	0.19254272
1e-06	0.00549852	1e-06	0.99449948
0.51135084	1e-06	0.48864716	1e-06
1e-06	0.01115343	1e-06	0.98884457
0.00519492	1e-06	0.00533382	0.98947026
1e-06	0.01091553	0.00558272	0.98350075
0.51614213	1e-06	0.48385587	1e-06
0.00539149	0.43387296	1e-06	0.56073456
1e-06	0.01655493	0.01636799	0.96707608
1e-06	0.00558256	1e-06	0.99441544
0.57833964	0.01647178	0.01065457	0.39453401
0.28361638	0.15754246	0.18391608	0.37492507
