#M00128	GATA-1
#p.cut	M00128	UwDgfK562Znfa41c6	0.01	0.05	0.1	0.25	0.5	0.75	0.9	0.95	0.99	
#p.Tcut2	M00128	UwDgfK562Znfa41c6	13.87	15.52	16.27	17.37	18.47	19.56	20.66	21.41	23.06	
#p.Tcut2b	M00128	UwDgfK562Znfa41c6	12.63	14.28	15.03	16.13	17.23	18.33	19.43	20.17	21.82	
A	C	G	T
0.29437411	0.20407409	0.28146707	0.22008473
0.65623506	0.00781696	0.20308866	0.13285932
0.09277144	0.14362188	0.38463343	0.37897325
0.01159204	0.9660936	0.00793301	0.01438135
0.79864328	0.00639267	0.00132546	0.19363858
0.0052229	1e-06	0.99345064	0.00132546
0.98971405	1e-06	0.01028395	1e-06
0.00264993	0.00502341	0.00132529	0.99100137
0.98589929	0.00494654	0.00915318	1e-06
0.9729944	0.00629585	0.01949052	0.00121923
0.0100352	0.00757191	0.97845725	0.00393563
0.17097672	0.01172044	0.79833031	0.01897254
0.4217594	0.1362697	0.42662449	0.01534641
0.05454847	0.3240426	0.44783144	0.1735775
0.29437411	0.20407409	0.28146707	0.22008473
