#M00124	Pbx-1b
#p.cut	M00124	UwDnaseH7esDiffa14d	0.01	0.05	0.1	0.25	0.5	0.75	0.9	0.95	0.99	
#p.Tcut2	M00124	UwDnaseH7esDiffa14d	16.04	17.7	18.44	19.54	20.64	21.74	22.84	23.58	25.23	
#p.Tcut2b	M00124	UwDnaseH7esDiffa14d	11.46	13.11	13.86	14.96	16.05	17.15	18.25	19	20.65	
A	C	G	T
0.32727273	0.24823232	0.1655303	0.25896465
0.20167402	0.55439299	0.16015298	0.08378001
0.5553157	0.20875932	0.02099836	0.21492662
0.28536894	0.59731152	0.03456968	0.08274986
0.98605762	1e-06	0.01394038	1e-06
1e-06	0.00662761	0.00709179	0.98627961
1e-06	0.98609233	0.01390567	1e-06
0.96541149	0.01366064	0.01414106	0.00678681
0.96515071	0.00662565	0.01409432	0.01412933
1e-06	1e-06	1e-06	0.999997
1e-06	0.97874534	0.00709414	0.01415952
0.95889186	0.02056143	0.01345301	0.0070937
0.95085531	0.00709419	0.01369162	0.02835888
0.39662031	0.09713559	0.17455293	0.33169118
0.22222379	0.27747791	0.08277035	0.41752795
0.32727273	0.24823232	0.1655303	0.25896465
