#M00114	Tax/CREB
#p.cut	M00114	OpenChromDnaseHsmmemb	0.01	0.05	0.1	0.25	0.5	0.75	0.9	0.95	0.99	
#p.Tcut2	M00114	OpenChromDnaseHsmmemb	9.5	11.15	11.9	12.99	14.09	15.19	16.29	17.04	18.69	
#p.Tcut2b	M00114	OpenChromDnaseHsmmemb	9.01	10.66	11.41	12.5	13.6	14.7	15.8	16.55	18.2	
A	C	G	T
0.18246899	0.25767745	0.38381127	0.1760423
0.08520302	0.14563359	0.55409756	0.21506583
0.09087971	0.11690349	0.68252671	0.10969008
0.02910351	0.08785638	0.82259637	0.06044375
0.01554168	0.12363405	0.8540766	0.00674766
0.06221176	0.00878961	0.92446431	0.00453432
0.09340816	0.22854485	0.41897863	0.25906836
0.01799163	0.00903103	0.01554659	0.95743075
0.00647936	0.01110254	0.92850681	0.05391128
0.94869883	0.01566124	0.02893955	0.00670037
0.02424857	0.89084472	0.04247808	0.04242864
0.0329308	0.00876327	0.92053891	0.03776702
0.04688568	0.43163037	0.16969912	0.35178484
0.50521078	0.36778915	0.11591111	0.01108896
0.3210387	0.14103252	0.40364	0.13428878
0.40153453	0.16176137	0.30153874	0.13516537
0.18246899	0.25767745	0.38381127	0.1760423
