#M00157	RORalpha2
#p.cut	M00157	EpiUwRmapDNaseMobilized.CD3.Primary.Cells.SRX089240	0.01	0.05	0.1	0.25	0.5	0.75	0.9	0.95	0.99	
#p.Tcut2	M00157	EpiUwRmapDNaseMobilized.CD3.Primary.Cells.SRX089240	16.67	18.32	19.07	20.17	21.26	22.36	23.46	24.21	25.86	
#p.Tcut2b	M00157	EpiUwRmapDNaseMobilized.CD3.Primary.Cells.SRX089240	13.33	14.98	15.73	16.83	17.93	19.03	20.13	20.87	22.52	
A	C	G	T
0.32748154	0.17883511	0.22526661	0.26841674
0.54522632	0.04328901	0.17557638	0.23590828
0.66116266	0.00881569	0.01731038	0.31271126
0.9915665	0.0084315	1e-06	1e-06
0.75737733	1e-06	0.00881673	0.23380495
1e-06	0.27922433	0.4686074	0.25216728
1e-06	1e-06	0.00881673	0.99118127
0.94003407	0.00881633	0.0511486	1e-06
0.00881632	1e-06	0.99118168	1e-06
1e-06	0.00881673	0.99118127	1e-06
1e-06	0.01695991	1e-06	0.98303809
0.0088166	0.9911814	1e-06	1e-06
0.99118127	1e-06	0.00881673	1e-06
0.43525813	0.13213726	0.39859403	0.03401058
0.32748154	0.17883511	0.22526661	0.26841674
