#M00191	ER
#p.cut	M00191	UwDgfT47d	0.01	0.05	0.1	0.25	0.5	0.75	0.9	0.95	0.99	
#p.Tcut2	M00191	UwDgfT47d	13.25	14.9	15.64	16.74	17.84	18.94	20.04	20.78	22.44	
#p.Tcut2b	M00191	UwDgfT47d	13.22	14.87	15.62	16.72	17.82	18.92	20.02	20.76	22.41	
A	C	G	T
0.25699765	0.25606893	0.24443413	0.24249929
0.20500261	0.54504926	0.14529668	0.10465145
0.85990982	0.04717457	0.06558633	0.02732928
0.17759312	0.00592865	0.74955196	0.06692627
0.05263908	0.01957373	0.85025033	0.07753686
0.08181572	0.06619546	0.19046216	0.66152666
0.03173798	0.81994149	0.06638037	0.08194016
0.8277033	0.03160792	0.06534735	0.07534144
0.0961024	0.55638784	0.16502842	0.18248134
0.13978061	0.27272639	0.10224061	0.48525238
0.08571064	0.16778144	0.55550833	0.19099959
1e-06	0.00456317	0.00154338	0.99389245
0.01231374	0.00308577	0.98314397	0.00145652
0.97864199	0.00764434	0.01062797	0.0030857
0.00154339	0.98519034	0.01182398	0.0014423
0.00912537	0.97699168	0.00925479	0.00462816
0.05164619	0.3181477	0.00758343	0.62262268
0.33752538	0.06247082	0.3828993	0.2171045
0.25699765	0.25606893	0.24443413	0.24249929
