#M00190	C/EBP
#p.cut	M00190	EpiUwRmapDNaseFetal.Lung.SRX062368	0.01	0.05	0.1	0.25	0.5	0.75	0.9	0.95	0.99	
#p.Tcut2	M00190	EpiUwRmapDNaseFetal.Lung.SRX062368	18.14	19.79	20.54	21.64	22.74	23.84	24.93	25.68	27.33	
#p.Tcut2b	M00190	EpiUwRmapDNaseFetal.Lung.SRX062368	12.03	13.68	14.43	15.53	16.63	17.72	18.82	19.57	21.22	
A	C	G	T
0.32945736	0.17564434	0.18220367	0.31269463
0.78005944	0.01088064	0.06735043	0.14170949
0.16307333	0.30440562	0.23925527	0.29326579
0.96785803	0.00179705	0.03034391	1e-06
1e-06	0.00907248	0.00171538	0.98921114
1e-06	1e-06	1e-06	0.999997
0.01247174	1e-06	0.98571648	0.00181078
0.00534397	0.971364	1e-06	0.02329103
0.72117866	0.00725671	0.18253162	0.08903301
0.05558312	0.06140201	0.00180474	0.88121013
0.98756119	0.0072561	0.00346733	0.00171538
0.99120213	0.00181526	0.00698161	1e-06
0.08532939	0.03958025	0.12566535	0.74942501
0.27430655	0.01079432	0.23545495	0.47944418
0.54350474	0.18800131	0.05671013	0.21178382
0.32945736	0.17564434	0.18220367	0.31269463
