#M00116	C/EBPalpha
#p.cut	M00116	UwDgfHae	0.01	0.05	0.1	0.25	0.5	0.75	0.9	0.95	0.99	
#p.Tcut2	M00116	UwDgfHae	16.88	18.53	19.28	20.37	21.47	22.57	23.67	24.42	26.07	
#p.Tcut2b	M00116	UwDgfHae	12.62	14.27	15.02	16.12	17.22	18.32	19.41	20.16	21.81	
A	C	G	T
0.32924962	0.20880835	0.18002382	0.28191821
0.84733672	0.05178627	0.01698054	0.08389647
0.13015023	0.17202902	0.25357242	0.44424832
0.97226703	1e-06	0.02619724	0.00153473
0.00154697	0.00462088	1e-06	0.99383114
1e-06	1e-06	1e-06	0.999997
0.02752296	0.00299583	0.96484229	0.00463892
0.00154696	0.99381311	0.00154697	0.00309295
0.65496808	0.17284697	0.02002542	0.15215952
0.49728973	0.2774386	0.00309175	0.22217991
0.99253035	0.00308071	0.00297899	0.00140995
0.99085948	1e-06	0.00759255	0.00154697
0.13447051	0.28784784	0.07365266	0.504029
0.05656573	0.90252918	0.01068554	0.03021956
0.75956608	0.03369129	0.0167664	0.18997623
0.32924962	0.20880835	0.18002382	0.28191821
