#M00193	NF-1
#p.cut	M00193	OpenChromDnaseK562Saha1u72hr	0.01	0.05	0.1	0.25	0.5	0.75	0.9	0.95	0.99	
#p.Tcut2	M00193	OpenChromDnaseK562Saha1u72hr	14.48	16.13	16.88	17.98	19.08	20.18	21.27	22.02	23.67	
#p.Tcut2b	M00193	OpenChromDnaseK562Saha1u72hr	14.32	15.97	16.71	17.81	18.91	20.01	21.11	21.85	23.51	
A	C	G	T
0.2598112	0.23700944	0.24996499	0.25321438
0.20878593	0.20767069	0.11165024	0.47189313
0.11962312	0.48642569	0.10349782	0.29045336
0.00078926	0.02511667	0.00160302	0.97249104
1e-06	0.00240372	0.00236661	0.99522867
0.0007461	1e-06	0.9992519	1e-06
0.00156029	1e-06	0.99681096	0.00162775
0.00320999	0.99447092	0.00078919	0.00152989
0.71348986	0.07738086	0.01204028	0.19708899
0.38794753	0.16507651	0.35384638	0.09312958
0.24789411	0.12073472	0.57386233	0.05750883
0.37609489	0.23534965	0.22791556	0.1606399
0.69430852	0.00810436	0.15087814	0.14670898
0.01593409	0.06281305	0.70737163	0.21388123
0.00639622	0.96813033	0.00319142	0.02228203
0.00714585	0.98158511	0.0040279	0.00724113
0.85783825	0.0886886	0.00565284	0.04782031
0.52505396	0.03226438	0.36941972	0.07326194
0.36394593	0.11475387	0.34696184	0.17433837
0.2598112	0.23700944	0.24996499	0.25321438
