#M00129	HFH1 (FOXQ1)
#p.cut	M00129	UwDnaseHgf	0.01	0.05	0.1	0.25	0.5	0.75	0.9	0.95	0.99	
#p.Tcut2	M00129	UwDnaseHgf	19.77	21.42	22.16	23.26	24.36	25.46	26.56	27.31	28.96	
#p.Tcut2b	M00129	UwDnaseHgf	10.95	12.6	13.34	14.44	15.54	16.64	17.74	18.49	20.14	
A	C	G	T
0.27043269	0.1504253	0.1612426	0.41789941
0.00711324	0.24074408	0.1421702	0.60997248
0.94939581	0.00972699	0.03140671	0.0094705
0.28812475	0.03402913	0.00468402	0.6731621
0.00486049	0.01663955	0.00484009	0.97365987
0.02628039	0.0023855	0.96164776	0.00968636
1e-06	0.01181305	0.00243259	0.98575336
1e-06	0.00485297	1e-06	0.99514503
0.00232034	1e-06	1e-06	0.99767767
0.96901927	0.00486166	0.01437405	0.01174502
1e-06	0.02651482	1e-06	0.97348318
0.12029702	0.00709949	0.00723303	0.86537047
1e-06	0.01942126	0.00241631	0.97816143
0.27043269	0.1504253	0.1612426	0.41789941
