#M00196	Sp1
#p.cut	M00196	EpiUwRmapDNaseFetal.Ovary.SRX201793	0.01	0.05	0.1	0.25	0.5	0.75	0.9	0.95	0.99	
#p.Tcut2	M00196	EpiUwRmapDNaseFetal.Ovary.SRX201793	22.1	23.75	24.5	25.6	26.7	27.8	28.9	29.64	31.29	
#p.Tcut2b	M00196	EpiUwRmapDNaseFetal.Ovary.SRX201793	8.27	9.92	10.67	11.77	12.86	13.96	15.06	15.81	17.46	
A	C	G	T
0.12446903	0.27798084	0.48414502	0.11340512
0.30422109	0.21394997	0.31387143	0.16795752
0.17349528	0.0946113	0.71121169	0.02068173
0.01533061	0.0052391	0.9741641	0.00526619
1e-06	1e-06	0.999997	1e-06
1e-06	1e-06	0.999997	1e-06
1e-06	1e-06	0.999997	1e-06
1e-06	0.99472025	1e-06	0.00527775
0.00522884	1e-06	0.99476916	1e-06
1e-06	1e-06	0.99473485	0.00526315
0.01532581	1e-06	0.98467219	1e-06
0.0105567	1e-06	0.9894413	1e-06
1e-06	0.86511696	0.03574913	0.09913291
0.00518247	0.57591501	0.26117082	0.1577317
0.16797997	0.17151791	0.40351161	0.25699052
0.15661109	0.29896515	0.42395729	0.12046648
0.14685168	0.29904373	0.49687402	0.05723057
0.09476214	0.30385302	0.44500722	0.15637763
0.14129565	0.3673921	0.40196203	0.08935022
0.15185399	0.2934189	0.40769334	0.14703378
0.13143861	0.26688524	0.42906436	0.1726118
0.12557487	0.31501806	0.41854547	0.1408616
0.13620693	0.36575112	0.37193079	0.12611116
0.18332936	0.27841424	0.38659219	0.1516642
0.1350611	0.30902277	0.3824823	0.17343383
0.15606957	0.28345161	0.39780546	0.16267336
0.13548507	0.26692655	0.44536531	0.15222307
0.16756422	0.31394096	0.4240169	0.09447792
0.14140147	0.28235736	0.39733506	0.1789061
0.13116313	0.34593151	0.31406187	0.20884349
0.12446903	0.27798084	0.48414502	0.11340512
