#M00163	HSF
#p.cut	M00163	EpiUwRmapDNaseH1.Derived.Neuronal.Progenitor.Cultured.Cells.SRX121241	0.01	0.05	0.1	0.25	0.5	0.75	0.9	0.95	0.99	
#p.Tcut2	M00163	EpiUwRmapDNaseH1.Derived.Neuronal.Progenitor.Cultured.Cells.SRX121241	22.8	24.45	25.2	26.29	27.39	28.49	29.59	30.34	31.99	
#p.Tcut2b	M00163	EpiUwRmapDNaseH1.Derived.Neuronal.Progenitor.Cultured.Cells.SRX121241	10.87	12.52	13.27	14.37	15.46	16.56	17.66	18.41	20.06	
A	C	G	T
0.45823864	0.13785511	0.25759943	0.14630682
0.85499194	0.04736609	0.07823345	0.01940851
0.08622493	0.00790283	0.89822824	0.007644
0.97271417	0.0039808	0.01534995	0.00795508
0.94085919	0.00773534	0.04748351	0.00392195
0.75908067	0.00398081	0.20955707	0.02738145
0.79198186	0.03113619	0.17292195	0.00395999
0.0587154	0.01152707	0.92975653	1e-06
0.97689905	1e-06	0.02309895	1e-06
0.94231358	0.0039808	0.05370463	1e-06
0.78870692	0.00398081	0.16036412	0.04694815
0.82058028	0.04318754	0.13235469	0.00387748
0.05479573	0.01591937	0.9215206	0.0077643
0.95638999	0.02371973	0.01591027	0.00398001
0.91783511	0.00795247	0.06227452	0.01193789
0.74288195	0.01193947	0.17142964	0.07374894
0.4712449	0.13368081	0.29103057	0.10404372
0.40788901	0.19519964	0.24865127	0.14826008
0.42011408	0.2085548	0.22316062	0.14817049
0.3850925	0.20400482	0.20658002	0.20432267
0.30768421	0.19559254	0.25817705	0.2385462
0.33713975	0.21857529	0.27660496	0.16768001
0.32511533	0.25424239	0.22230895	0.19833332
0.35965069	0.20705237	0.2413265	0.19197043
0.34746882	0.17213131	0.29380278	0.18659709
0.35535315	0.19263737	0.25344226	0.19856723
0.34873373	0.19582305	0.21773093	0.23771229
0.30526358	0.21482838	0.28518003	0.19472801
0.35606267	0.17629027	0.28890317	0.17874388
0.36755645	0.21148885	0.22987786	0.19107684
0.2858437	0.20739921	0.21064417	0.29611292
0.2937404	0.23052265	0.25051099	0.22522596
0.26049324	0.1875877	0.27432032	0.27759874
0.45823864	0.13785511	0.25759943	0.14630682
