#M00105	CDP CR3
#p.cut	M00105	UwDnaseTh1	0.01	0.05	0.1	0.25	0.5	0.75	0.9	0.95	0.99	
#p.Tcut2	M00105	UwDnaseTh1	18.48	20.13	20.88	21.98	23.08	24.17	25.27	26.02	27.67	
#p.Tcut2b	M00105	UwDnaseTh1	14.36	16.01	16.76	17.86	18.96	20.06	21.15	21.9	23.55	
A	C	G	T
0.33624023	0.19415878	0.17828054	0.29132044
0.09064344	0.85067366	0.03193902	0.02674388
0.91736575	0.05463161	0.02326332	0.00473932
0.05431421	0.81989531	0.07188197	0.0539085
0.5833497	0.35392543	0.03576791	0.02695696
0.70073106	0.11773259	0.1455409	0.03599545
0.93233965	0.00863412	0.05432776	0.00469847
0.06255019	0.13692789	0.09673849	0.70378343
0.83520913	0.02276564	0.11888367	0.02314157
0.19771423	0.18701056	0.11522292	0.50005228
0.29038413	0.11430178	0.36130565	0.23400845
0.00473932	0.02716564	0.00473932	0.96335572
0.96293464	0.01853185	0.01379419	0.00473932
1e-06	0.04520949	0.00893153	0.94585798
0.03095754	0.06846509	0.45783964	0.44273773
0.06668587	0.02225345	0.89337167	0.017689
0.33624023	0.19415878	0.17828054	0.29132044
