#M00171	Adf-1
#p.cut	M00171	EpiUwRmapDNaseFetal.Kidney.Left.SRX040405	0.01	0.05	0.1	0.25	0.5	0.75	0.9	0.95	0.99	
#p.Tcut2	M00171	EpiUwRmapDNaseFetal.Kidney.Left.SRX040405	24.56	26.21	26.95	28.05	29.15	30.25	31.35	32.1	33.75	
#p.Tcut2b	M00171	EpiUwRmapDNaseFetal.Kidney.Left.SRX040405	10.74	12.39	13.14	14.23	15.33	16.43	17.53	18.28	19.93	
A	C	G	T
0.08840639	0.48219359	0.31836783	0.1110322
0.08903298	0.27780737	0.5435893	0.08957035
0.06966277	0.60750141	0.21638405	0.10645177
0.1239569	0.52956115	0.18963732	0.15684463
0.08496947	0.21493589	0.61221547	0.08787917
0.00096874	0.83409322	0.12346033	0.04147771
0.06271135	0.88460446	0.02272457	0.02995961
0.00573664	0.00373919	0.98580532	0.00471884
0.00566515	0.97453899	0.00276905	0.0170268
0.00647151	0.80635809	0.06990361	0.1172668
0.00287427	0.00664281	0.98757993	0.00290299
0.00381064	0.97812479	0.00096727	0.0170973
0.02557516	0.76276631	0.04060999	0.17104853
0.00761	0.00373167	0.98768952	0.00096881
0.00185495	0.94606896	1e-06	0.05207509
0.05201295	0.85106959	0.03672959	0.06018787
0.00572499	0.00474385	0.98294752	0.00658364
0.00284893	0.9887636	0.00562339	0.00276408
0.03397265	0.88117647	0.04978576	0.03506512
0.01027466	0.11055942	0.77807049	0.10109543
0.07212025	0.7016917	0.21670612	0.00948193
0.11602216	0.51501052	0.2089428	0.16002451
0.17374634	0.26492692	0.38376018	0.17756656
0.06957902	0.54654323	0.23487063	0.14900712
0.10911369	0.49212669	0.21260128	0.18615833
0.14630884	0.29020504	0.41856147	0.14492464
0.08840639	0.48219359	0.31836783	0.1110322
