#M00182	GBP
#p.cut	M00182	OpenChromDnaseGm19239	0.01	0.05	0.1	0.25	0.5	0.75	0.9	0.95	0.99	
#p.Tcut2	M00182	OpenChromDnaseGm19239	11.17	12.82	13.56	14.66	15.76	16.86	17.96	18.71	20.36	
#p.Tcut2b	M00182	OpenChromDnaseGm19239	11.65	13.3	14.05	15.15	16.25	17.35	18.44	19.19	20.84	
A	C	G	T
0.18885901	0.31342062	0.32774141	0.16997896
0.26755574	0.00926131	0.58695505	0.1362279
0.12927473	0.02436415	0.83414481	0.01221632
0.15997024	0.46907372	0.00617994	0.36477609
1e-06	0.85750109	0.12196207	0.02053585
0.98181034	0.00309047	0.00589701	0.00920218
0.00280307	0.93719741	0.00307941	0.05692011
0.05373633	0.01819152	0.92221518	0.00585698
1e-06	0.02744108	1e-06	0.97255692
0.00919097	0.02135774	0.96068792	0.00876338
0.21110244	0.03931048	0.73744223	0.01214485
0.01506577	0.96118889	0.01203265	0.01171269
0.54994803	0.32508815	0.12193659	0.00302723
0.18885901	0.31342062	0.32774141	0.16997896
