#M00102	CDP
#p.cut	M00102	UwDnaseTh1wb54553204	0.01	0.05	0.1	0.25	0.5	0.75	0.9	0.95	0.99	
#p.Tcut2	M00102	UwDnaseTh1wb54553204	19.01	20.66	21.41	22.5	23.6	24.7	25.8	26.55	28.2	
#p.Tcut2b	M00102	UwDnaseTh1wb54553204	9.83	11.48	12.23	13.33	14.42	15.52	16.62	17.37	19.02	
A	C	G	T
0.32135557	0.15180204	0.16019365	0.36664874
0.43694923	0.02363722	0.08340135	0.4560122
0.51430238	0.02378814	0.04202146	0.41988802
0.25478211	0.04094863	0.13545677	0.56881249
0.98192987	0.00601399	0.00602807	0.00602807
0.01172169	0.05349694	1e-06	0.93478037
0.01764043	0.43815414	0.01157364	0.53263178
0.02956198	0.02375082	0.9349049	0.0117823
0.98844846	1e-06	0.01154954	1e-06
0.006008	0.01735049	0.0060202	0.97062131
0.09569328	0.11673859	0.01705627	0.77051186
0.97058589	0.005863	0.00565393	0.01789718
0.14739866	0.08319948	0.11910844	0.65029342
0.12501151	0.1936378	0.02363515	0.65771554
0.32449067	0.01158292	0.11201896	0.55190744
0.28908173	0.07769729	0.01782318	0.6153978
0.32135557	0.15180204	0.16019365	0.36664874
