#M00130	FOXD3
#p.cut	M00130	UwDnaseHpaec	0.01	0.05	0.1	0.25	0.5	0.75	0.9	0.95	0.99	
#p.Tcut2	M00130	UwDnaseHpaec	18.1	19.75	20.5	21.6	22.7	23.8	24.9	25.64	27.29	
#p.Tcut2b	M00130	UwDnaseHpaec	11.78	13.43	14.18	15.27	16.37	17.47	18.57	19.32	20.97	
A	C	G	T
0.2652076	0.15392662	0.2013196	0.37954619
0.31513288	0.27327355	0.15728889	0.25430468
0.3220885	0.17521889	0.16712916	0.33556345
0.25546845	0.20610255	0.23414126	0.30428774
0.24706206	0.22143305	0.2208306	0.31067429
0.31879019	0.20056194	0.17102735	0.30962052
0.24725534	0.22083642	0.22957777	0.30233046
0.38670077	0.20446822	0.19553751	0.21329351
0.30386645	0.18543255	0.25209059	0.2586104
0.33922833	0.23851515	0.14577997	0.27647655
0.25899037	0.19702095	0.22542558	0.31856309
0.33857421	0.1685203	0.18064351	0.31226198
0.30577726	0.21711168	0.22175685	0.25535421
0.31829523	0.17648884	0.22899302	0.27622291
0.23167107	0.20893787	0.21674036	0.3426507
0.27516337	0.15992236	0.24335342	0.32156085
0.27997128	0.22627305	0.1551012	0.33865447
0.36550875	0.17985916	0.18735178	0.26728031
0.32486715	0.17120905	0.23068596	0.27323783
0.25865775	0.11722413	0.24753501	0.3765831
0.42291248	1e-06	0.56428987	0.01279665
0.96197413	0.00426623	0.00853015	0.0252295
0.60323387	0.00853146	0.02076327	0.3674714
0.00425223	0.01251581	1e-06	0.98323097
0.0292792	1e-06	0.96645357	0.00426623
0.00426623	1e-06	1e-06	0.99573177
0.00416237	1e-06	0.00426616	0.99157048
1e-06	0.00426623	0.00426615	0.99146662
0.3061499	0.02064105	0.65636161	0.01684744
1e-06	0.04631646	0.00426623	0.94941631
0.00831945	0.00852954	0.00404176	0.97910926
1e-06	0.02115561	0.00426623	0.97457716
0.24272206	0.16387485	0.17001661	0.42338648
0.23365212	0.25497094	0.20990404	0.3014729
0.29205227	0.17924577	0.16541448	0.36328748
0.24686993	0.15574224	0.18394844	0.41343938
0.29354285	0.16341504	0.22564897	0.31739314
0.21274175	0.30134744	0.20106938	0.28484143
0.2652076	0.15392662	0.2013196	0.37954619
