#M00121	USF
#p.cut	M00121	OpenChromDnaseUrotsa	0.01	0.05	0.1	0.25	0.5	0.75	0.9	0.95	0.99	
#p.Tcut2	M00121	OpenChromDnaseUrotsa	11.5	13.15	13.89	14.99	16.09	17.19	18.29	19.04	20.69	
#p.Tcut2b	M00121	OpenChromDnaseUrotsa	12.05	13.7	14.45	15.55	16.65	17.75	18.85	19.59	21.24	
A	C	G	T
0.18518519	0.3122549	0.31301743	0.18954248
0.36327191	0.18053593	0.38581886	0.07037331
0.09687808	0.12341277	0.65005251	0.12965663
0.3052654	0.00890413	0.67693675	0.00889372
0.03187667	0.3900643	0.01755852	0.56050051
1e-06	0.99439584	1e-06	0.00560216
0.99121669	0.00297494	0.00580736	1e-06
1e-06	0.95055966	1e-06	0.04943834
0.03761653	0.0028062	0.95957627	1e-06
1e-06	0.00861641	0.00297494	0.98840765
0.00577417	1e-06	0.99422383	1e-06
0.59280412	0.01481677	0.36930134	0.02307778
1e-06	0.63340305	0.01177122	0.35482473
0.14662912	0.60802561	0.11272082	0.13262445
0.08277418	0.45598098	0.15022647	0.31101838
0.18518519	0.3122549	0.31301743	0.18954248
