#M00169	HSF
#p.cut	M00169	EpiUwRmapDNaseFetal.Thymus.SRX100968	0.01	0.05	0.1	0.25	0.5	0.75	0.9	0.95	0.99	
#p.Tcut2	M00169	EpiUwRmapDNaseFetal.Thymus.SRX100968	17.13	18.78	19.53	20.63	21.73	22.83	23.92	24.67	26.32	
#p.Tcut2b	M00169	EpiUwRmapDNaseFetal.Thymus.SRX100968	15.58	17.23	17.98	19.08	20.18	21.28	22.37	23.12	24.77	
A	C	G	T
0.3020979	0.21891442	0.24635365	0.23263403
0.80684929	0.00740716	0.17501629	0.01072725
0.02193011	0.00367942	0.96707387	0.0073166
0.97417214	0.00366672	0.01484388	0.00731726
0.97468004	1e-06	0.01807111	0.00724784
0.21335158	0.38124213	0.1933742	0.21203209
0.26017874	0.14990982	0.4030376	0.18687383
1e-06	0.01822288	1e-06	0.98177512
0.00370324	0.00731527	0.0037294	0.98525209
1e-06	0.98176473	0.01100017	0.0072341
1e-06	0.26044554	0.00744581	0.73210764
0.70801907	1e-06	0.28098543	0.0109945
0.01064604	0.01074003	0.97861293	1e-06
0.98936218	0.00372036	0.00337976	0.0035377
0.97484541	1e-06	0.02156473	0.00358886
0.3020979	0.21891442	0.24635365	0.23263403
