#M00138	Oct-1
#p.cut	M00138	UwDnaseTh1wb33676984	0.01	0.05	0.1	0.25	0.5	0.75	0.9	0.95	0.99	
#p.Tcut2	M00138	UwDnaseTh1wb33676984	22.31	23.96	24.71	25.81	26.91	28.01	29.11	29.85	31.5	
#p.Tcut2b	M00138	UwDnaseTh1wb33676984	11.17	12.82	13.57	14.66	15.76	16.86	17.96	18.71	20.36	
A	C	G	T
0.39400353	0.13880071	0.15696649	0.31022928
0.45236875	0.01085623	0.16083518	0.37593984
0.39491531	0.20528011	0.03327795	0.36652663
0.73796343	0.00567474	0.10057511	0.15578672
0.21752087	0.06127397	0.14360747	0.57759769
0.51540164	0.0051611	0.30142363	0.17801364
0.42347174	0.12812685	0.08865677	0.35974465
0.46706389	0.03340463	0.09982885	0.39970263
0.28254177	0.06153444	0.01681221	0.63911158
0.98302816	1e-06	0.0112961	0.00567474
1e-06	0.02233609	0.01134848	0.96631443
0.04416608	1e-06	0.9063055	0.04952742
0.0674643	0.77282799	0.01119823	0.14850948
0.98356464	1e-06	1e-06	0.01643336
0.85068987	0.00555267	0.00566305	0.13809441
0.98903602	1e-06	0.01096198	1e-06
0.09445866	1e-06	1e-06	0.90553934
0.30550467	0.02236276	0.10518931	0.56694327
0.43324116	0.15620823	0.02767376	0.38287686
0.76043819	0.03370256	0.01702222	0.18883703
0.61771858	0.03311308	0.0330931	0.31607524
0.62384981	0.04349307	0.12815817	0.20449896
0.15057429	0.28127859	0.48969802	0.0784491
0.78887187	0.01663334	0.04432319	0.15017159
0.39400353	0.13880071	0.15696649	0.31022928
