#M00165	HSF
#p.cut	M00165	EpiUwRmapDNaseCD34.Primary.Cells.SRX015226	0.01	0.05	0.1	0.25	0.5	0.75	0.9	0.95	0.99	
#p.Tcut2	M00165	EpiUwRmapDNaseCD34.Primary.Cells.SRX015226	17.39	19.04	19.79	20.89	21.99	23.09	24.18	24.93	26.58	
#p.Tcut2b	M00165	EpiUwRmapDNaseCD34.Primary.Cells.SRX015226	14.21	15.86	16.6	17.7	18.8	19.9	21	21.75	23.4	
A	C	G	T
0.33387446	0.18647186	0.22445887	0.25519481
0.80888674	0.04805986	0.12496289	0.01809051
0.01196779	1e-06	0.98199613	0.00603508
0.97585789	0.01816186	1e-06	0.00597925
0.87481457	1e-06	0.1193511	0.00583333
0.4621751	0.05398899	0.28192556	0.20191036
0.25426795	0.24455699	0.05982826	0.44134679
0.00575064	0.07785814	0.00577702	0.91061421
0.00605727	0.00597716	0.01813739	0.96982818
1e-06	0.99394291	1e-06	0.00605509
0.02386081	0.13546558	0.0481984	0.79247521
0.7851572	0.04218807	0.16659745	0.00605727
0.00605727	0.00605701	0.98182846	0.00605727
0.98870001	0.00552197	1e-06	0.00577702
0.93972398	0.01208036	0.04819466	1e-06
0.54351529	0.0116099	0.23698142	0.20789339
0.33387446	0.18647186	0.22445887	0.25519481
