#M00126	GATA-1
#p.cut	M00126	UwDgfK562Znfa41c6	0.01	0.05	0.1	0.25	0.5	0.75	0.9	0.95	0.99	
#p.Tcut2	M00126	UwDgfK562Znfa41c6	14.53	16.18	16.93	18.03	19.13	20.23	21.33	22.07	23.72	
#p.Tcut2b	M00126	UwDgfK562Znfa41c6	11.92	13.57	14.31	15.41	16.51	17.61	18.71	19.46	21.11	
A	C	G	T
0.29423335	0.16263673	0.31121666	0.23191326
0.04165336	0.03872413	0.55940028	0.36022223
0.25339164	0.13717307	0.01568636	0.59374893
0.71772701	0.12158235	0.15300002	0.00769062
0.27195733	0.16129849	0.40166026	0.16508392
0.90345401	1e-06	0.01046864	0.08607635
0.00512863	1e-06	0.99486937	1e-06
0.9713958	0.00520814	0.01570084	0.00769522
0.00263227	0.01823378	0.00763148	0.97150248
0.95104052	0.00762756	0.03610072	0.00523121
0.53412375	0.00775717	0.44776125	0.01035783
0.02573077	0.00789482	0.84759137	0.11878304
0.05908488	0.00263227	0.92781781	0.01046504
0.02838075	0.02862561	0.9197519	0.02324174
0.47216405	0.11639185	0.11872176	0.29272235
0.29423335	0.16263673	0.31121666	0.23191326
