#M00108	NRF-2/GABP
#p.cut	M00108	OpenChromDnaseGm19239	0.01	0.05	0.1	0.25	0.5	0.75	0.9	0.95	0.99	
#p.Tcut2	M00108	OpenChromDnaseGm19239	8.28	9.93	10.68	11.78	12.87	13.97	15.07	15.82	17.47	
#p.Tcut2b	M00108	OpenChromDnaseGm19239	8.76	10.41	11.16	12.26	13.36	14.45	15.55	16.3	17.95	
A	C	G	T
0.22755639	0.28028195	0.35065789	0.14150376
0.69659791	0.14128583	0.15641249	0.00570377
0.04389087	0.854923	0.09746895	0.00371718
0.02981714	0.94153014	0.00653449	0.02211822
0.02589922	0.00835201	0.96111663	0.00463214
0.00663312	0.00284195	0.98961591	0.00090903
0.98870171	0.0018951	0.00940218	1e-06
0.98505533	0.000919	0.01117562	0.00285005
0.01602169	0.00568147	0.97734538	0.00095146
0.50701027	0.13076627	0.08878135	0.27344211
0.00933892	0.11589575	0.84659086	0.02817446
0.22755639	0.28028195	0.35065789	0.14150376
