#M00122	USF
#p.cut	M00122	OpenChromDnaseT47dEst10nm30m	0.01	0.05	0.1	0.25	0.5	0.75	0.9	0.95	0.99	
#p.Tcut2	M00122	OpenChromDnaseT47dEst10nm30m	12.18	13.83	14.58	15.68	16.78	17.88	18.98	19.72	21.37	
#p.Tcut2b	M00122	OpenChromDnaseT47dEst10nm30m	11.97	13.62	14.37	15.46	16.56	17.66	18.76	19.51	21.16	
A	C	G	T
0.25962237	0.2429557	0.2462963	0.25112564
0.54226678	0.02150919	0.08052923	0.3556948
0.36922412	0.02126619	0.41210309	0.19740659
0.45634838	0.00942984	0.52855257	0.00566921
0.06914019	0.24476176	0.01358504	0.672513
0.00186472	0.98280976	0.00384363	0.01148189
0.99441546	1e-06	0.00373362	0.00184993
0.00400003	0.91813637	0.00385344	0.07401015
0.10086417	0.00391747	0.89141612	0.00380224
1e-06	0.00568813	0.00196949	0.99234137
0.00943289	1e-06	0.98679225	0.00377386
0.62672748	0.0176576	0.26640156	0.08921336
0.00383042	0.50946637	0.01156025	0.47514295
0.19490059	0.4148816	0.01593598	0.37428183
0.39623483	0.07326544	0.02139258	0.50910715
0.25962237	0.2429557	0.2462963	0.25112564
