#M00158	COUP-TF, HNF-4
#p.cut	M00158	EpiUwRmapDNaseH1.Derived.Neuronal.Progenitor.Cultured.Cells.SRX121241	0.01	0.05	0.1	0.25	0.5	0.75	0.9	0.95	0.99	
#p.Tcut2	M00158	EpiUwRmapDNaseH1.Derived.Neuronal.Progenitor.Cultured.Cells.SRX121241	12.89	14.55	15.29	16.39	17.49	18.59	19.69	20.43	22.09	
#p.Tcut2b	M00158	EpiUwRmapDNaseH1.Derived.Neuronal.Progenitor.Cultured.Cells.SRX121241	12.98	14.63	15.38	16.48	17.58	18.68	19.78	20.52	22.17	
A	C	G	T
0.199917	0.29795622	0.22616454	0.27596224
0.00525685	0.01419147	0.05886421	0.92168747
0.00850901	0.00269663	0.98879336	1e-06
0.97487608	1e-06	0.02512192	1e-06
0.19848277	0.79307221	0.00568694	0.00275808
0.00540987	0.98624479	1e-06	0.00834434
0.00283932	0.14229881	0.00271945	0.85214242
0.00271945	0.1827113	0.00282009	0.81174916
0.00284402	0.016781	1e-06	0.98037398
0.05310619	0.0085299	0.92700468	0.01135922
0.59207852	0.26547814	0.13682954	0.0056138
0.26269759	0.66445442	0.02496117	0.04788682
0.01962728	0.94954591	0.00851209	0.02231472
0.08937682	0.51269381	0.0055121	0.39241727
0.00852251	0.26172295	0.12536392	0.60439062
0.199917	0.29795622	0.22616454	0.27596224
