#M00186	SRF
#p.cut	M00186	EpiUwRmapDNaseiPS.DF.1911.Cell.Line.SRX040377	0.01	0.05	0.1	0.25	0.5	0.75	0.9	0.95	0.99	
#p.Tcut2	M00186	EpiUwRmapDNaseiPS.DF.1911.Cell.Line.SRX040377	12.98	14.63	15.38	16.47	17.57	18.67	19.77	20.52	22.17	
#p.Tcut2b	M00186	EpiUwRmapDNaseiPS.DF.1911.Cell.Line.SRX040377	12.49	14.14	14.89	15.99	17.08	18.18	19.28	20.03	21.68	
A	C	G	T
0.29015595	0.24269006	0.24858674	0.21856725
0.22500404	0.19488828	0.13481421	0.44529347
0.06071604	0.17142548	0.49210212	0.27575635
0.16872722	0.22471337	0.25753036	0.34902904
1e-06	0.98697048	0.00267159	0.01035693
1e-06	0.999997	1e-06	1e-06
0.97096988	1e-06	0.00534219	0.02368693
0.5624756	0.01561097	1e-06	0.42191244
0.98984392	1e-06	0.01015408	1e-06
0.00525921	0.0365482	0.00267159	0.955521
0.93400087	0.00534219	0.02649288	0.03416407
0.69546954	0.02878395	0.05196505	0.22378146
1e-06	1e-06	0.99507645	0.00492155
0.01059001	1e-06	0.98445248	0.0049565
0.49438554	0.29170163	0.21124125	0.00267159
0.35570636	0.339208	0.2158011	0.08928455
0.29015595	0.24269006	0.24858674	0.21856725
