#M00168	HSF
#p.cut	M00168	EpiUwRmapDNaseCD3.Cord.Blood.Primary.Cells.SRX055190	0.01	0.05	0.1	0.25	0.5	0.75	0.9	0.95	0.99	
#p.Tcut2	M00168	EpiUwRmapDNaseCD3.Cord.Blood.Primary.Cells.SRX055190	15.72	17.37	18.12	19.22	20.31	21.41	22.51	23.26	24.91	
#p.Tcut2b	M00168	EpiUwRmapDNaseCD3.Cord.Blood.Primary.Cells.SRX055190	13.46	15.11	15.86	16.95	18.05	19.15	20.25	21	22.65	
A	C	G	T
0.33483508	0.19533387	0.24473049	0.22510056
0.67336328	0.03562426	0.21965673	0.07135573
0.02603589	1e-06	0.96517566	0.00878745
0.96516393	1e-06	0.03483407	1e-06
0.96493593	1e-06	0.03506207	1e-06
0.36365405	0.32837024	0.20295265	0.10502306
0.68071712	0.03472098	0.2218413	0.06272059
0.01711468	0.01774747	0.95692894	0.00820891
0.99103697	1e-06	0.00896103	1e-06
0.98207695	1e-06	0.01792105	1e-06
0.38989951	0.28473637	0.15763408	0.16773004
0.21373345	0.16012994	0.37022027	0.25591634
1e-06	0.01746417	0.00896103	0.97357381
1e-06	0.02687965	1e-06	0.97311835
1e-06	0.999997	1e-06	1e-06
0.07104928	0.21322279	0.00896103	0.7067669
0.23788056	0.26452708	0.25804466	0.2395477
0.30941823	0.17674834	0.30231691	0.21151653
0.39670391	0.22982302	0.21331805	0.16015501
0.25661887	0.21297502	0.23841432	0.29199179
0.18613443	0.2840903	0.21072997	0.31904529
0.33483508	0.19533387	0.24473049	0.22510056
