#M00159	C/EBP
#p.cut	M00159	EpiUwRmapDNaseH1.BMP4.Derived.Trophoblast.Cultured.Cells.SRX121240	0.01	0.05	0.1	0.25	0.5	0.75	0.9	0.95	0.99	
#p.Tcut2	M00159	EpiUwRmapDNaseH1.BMP4.Derived.Trophoblast.Cultured.Cells.SRX121240	15.65	17.3	18.05	19.15	20.25	21.34	22.44	23.19	24.84	
#p.Tcut2b	M00159	EpiUwRmapDNaseH1.BMP4.Derived.Trophoblast.Cultured.Cells.SRX121240	12.25	13.9	14.65	15.75	16.84	17.94	19.04	19.79	21.44	
A	C	G	T
0.26512994	0.17826629	0.24003204	0.31657173
0.00431927	0.02872229	0.01418053	0.9527779
0.34888383	0.25961885	0.38669839	0.00479893
0.018632	0.00438695	1e-06	0.97698005
0.01908526	0.00957594	0.15946504	0.81187376
0.00944516	0.00905187	0.00462152	0.97688145
0.00939824	0.00445839	0.97684481	0.00929856
0.01328151	0.00953101	0.96308336	0.01410412
0.50556804	0.02286905	0.02836994	0.44319297
0.94875039	0.00462152	0.03239783	0.01423026
0.97159571	1e-06	0.02380258	0.0046007
0.44771582	0.03828046	0.48527458	0.02872913
0.03769055	0.0330475	0.43720091	0.49206104
0.01388404	0.44340311	0.01390699	0.52880586
0.26512994	0.17826629	0.24003204	0.31657173
