#M00160	SRY
#p.cut	M00160	EpiUwRmapDNaseH1.Cell.Line.SRX121242	0.01	0.05	0.1	0.25	0.5	0.75	0.9	0.95	0.99	
#p.Tcut2	M00160	EpiUwRmapDNaseH1.Cell.Line.SRX121242	16.14	17.79	18.54	19.63	20.73	21.83	22.93	23.68	25.33	
#p.Tcut2b	M00160	EpiUwRmapDNaseH1.Cell.Line.SRX121242	10.97	12.62	13.37	14.47	15.56	16.66	17.76	18.51	20.16	
A	C	G	T
0.362	0.18461538	0.20992308	0.24346154
0.09279713	0.06817462	0.58269283	0.25633543
0.39023008	0.00407341	0.0241491	0.58154741
0.80519213	0.00367365	0.01997634	0.17115788
0.97597461	0.00807593	0.00811934	0.00783012
0.98783939	1e-06	0.01215861	1e-06
0.00794301	0.96850638	0.01181718	0.01173342
0.99599704	0.00400096	1e-06	1e-06
0.96402236	0.00404832	0.01992608	0.01200324
0.11223707	0.0239305	1e-06	0.86383143
0.96390368	0.00391347	0.02812537	0.00405748
0.03208485	0.0037828	0.94378605	0.0203463
0.63199459	0.00406978	0.36393462	1e-06
0.362	0.18461538	0.20992308	0.24346154
