#M00109	C/EBPbeta
#p.cut	M00109	UwDgfNb4	0.01	0.05	0.1	0.25	0.5	0.75	0.9	0.95	0.99	
#p.Tcut2	M00109	UwDgfNb4	17.19	18.84	19.58	20.68	21.78	22.88	23.98	24.73	26.38	
#p.Tcut2b	M00109	UwDgfNb4	13.53	15.18	15.93	17.02	18.12	19.22	20.32	21.07	22.72	
A	C	G	T
0.27747482	0.18147391	0.23918806	0.30186321
0.62842891	0.00800034	0.35559925	0.00797151
0.20055937	0.01031921	0.47935881	0.30976261
0.61354033	1e-06	0.38645767	1e-06
0.00415693	0.01001801	0.00194036	0.98388469
0.00415693	0.00192439	0.01000376	0.98391492
0.23532488	0.00198505	0.63435168	0.1283384
0.02233239	0.03916647	0.01815979	0.92034135
1e-06	1e-06	0.999997	1e-06
0.3960833	0.58368574	0.00194036	0.0182906
0.99409735	1e-06	0.00590065	1e-06
0.99185575	0.00190835	0.00415693	0.00207896
0.00398632	0.02244203	0.01209478	0.96147687
0.13855116	0.29534972	0.55177043	0.0143287
0.00795273	0.03426576	0.10885441	0.84892711
0.27747482	0.18147391	0.23918806	0.30186321
