#M00133	Tst-1
#p.cut	M00133	UwDnaseSknshra	0.01	0.05	0.1	0.25	0.5	0.75	0.9	0.95	0.99	
#p.Tcut2	M00133	UwDnaseSknshra	15.74	17.39	18.14	19.24	20.34	21.44	22.53	23.28	24.93	
#p.Tcut2b	M00133	UwDnaseSknshra	11.77	13.42	14.17	15.27	16.36	17.46	18.56	19.31	20.96	
A	C	G	T
0.32399828	0.16699698	0.23352003	0.2754847
0.10946689	0.04720951	0.69772995	0.14559365
0.51097929	0.05219509	0.30832477	0.12850086
1e-06	0.00947586	0.7112377	0.27928544
0.03719283	0.00956676	0.94411449	0.00912593
0.999997	1e-06	1e-06	1e-06
0.90044016	1e-06	0.0143933	0.08516553
0.00462709	1e-06	0.00481888	0.99055303
0.09992379	0.00920155	0.01441505	0.87645961
0.98103763	0.00942942	0.00471408	0.00481888
0.45541354	0.30260911	0.21322222	0.02875513
0.94356606	0.01883234	0.03295632	0.00464528
0.3968661	0.24128166	0.33838847	0.02346377
0.00457829	0.03245083	0.01440121	0.94856966
0.27855592	0.00481888	0.41419872	0.30242648
0.123443	0.3541712	0.39928455	0.12310125
0.32399828	0.16699698	0.23352003	0.2754847
