#M00118	c-Myc:Max
#p.cut	M00118	EpiUwRmapDNaseCD4.Primary.Cells.SRX204404	0.01	0.05	0.1	0.25	0.5	0.75	0.9	0.95	0.99	
#p.Tcut2	M00118	EpiUwRmapDNaseCD4.Primary.Cells.SRX204404	11.89	13.54	14.29	15.39	16.49	17.59	18.69	19.43	21.08	
#p.Tcut2b	M00118	EpiUwRmapDNaseCD4.Primary.Cells.SRX204404	12.03	13.68	14.43	15.53	16.63	17.73	18.83	19.57	21.22	
A	C	G	T
0.21450617	0.27805836	0.28886083	0.21857464
0.31784671	0.06811115	0.54505364	0.0689885
0.69707551	0.02245724	0.24982423	0.03064303
0.09878684	0.76371758	0.12982659	0.00766899
1e-06	0.999997	1e-06	1e-06
0.99258771	1e-06	0.00741029	1e-06
0.00766899	0.95465148	1e-06	0.03767854
0.06037747	1e-06	0.93962053	1e-06
1e-06	0.01524399	0.01533698	0.96941803
0.00766895	1e-06	0.98475187	0.00757819
0.01471902	0.12117673	0.81940177	0.04470248
0.01533696	0.3336053	0.00766899	0.64338875
0.11406643	0.5466079	0.09818845	0.24113722
0.21450617	0.27805836	0.28886083	0.21857464
