#M00195	Oct-1
#p.cut	M00195	OpenChromDnaseK562Sahactrl	0.01	0.05	0.1	0.25	0.5	0.75	0.9	0.95	0.99	
#p.Tcut2	M00195	OpenChromDnaseK562Sahactrl	18.78	20.43	21.18	22.28	23.38	24.47	25.57	26.32	27.97	
#p.Tcut2b	M00195	OpenChromDnaseK562Sahactrl	14.43	16.09	16.83	17.93	19.03	20.13	21.23	21.97	23.62	
A	C	G	T
0.34485646	0.20065789	0.19982057	0.25466507
0.54271458	0.12228284	0.33185846	0.00314412
0.46604822	0.02648031	0.18799515	0.31947632
0.69467903	0.07884951	0.21011293	0.01635853
0.38114837	0.17092639	0.02693069	0.42099455
0.98053327	1e-06	0.01946473	1e-06
1e-06	0.01303128	0.0034109	0.98355682
0.0224359	1e-06	0.97100743	0.00655567
0.00653576	0.96753304	0.00624393	0.01968727
0.99340202	1e-06	0.00321193	0.00338505
0.9836295	0.00320857	0.01316094	1e-06
0.98697212	1e-06	0.00966529	0.00336159
0.01002226	0.00953689	0.06635564	0.91408522
0.15073004	0.50188534	0.07556893	0.2718157
0.93425769	0.03307985	0.01950617	0.01315629
0.02614495	0.3481965	0.50233928	0.12331928
0.34485646	0.20065789	0.19982057	0.25466507
