#M00194	NF-kappaB
#p.cut	M00194	UwDnaseTh17	0.01	0.05	0.1	0.25	0.5	0.75	0.9	0.95	0.99	
#p.Tcut2	M00194	UwDnaseTh17	13.71	15.36	16.11	17.21	18.31	19.41	20.51	21.25	22.9	
#p.Tcut2b	M00194	UwDnaseTh17	13.78	15.43	16.17	17.27	18.37	19.47	20.57	21.31	22.97	
A	C	G	T
0.22585185	0.24696296	0.26711111	0.26007407
0.33559471	0.07632914	0.26464047	0.32343568
0.26350479	1e-06	0.59227026	0.14422395
0.00381483	1e-06	0.96788871	0.02829546
1e-06	1e-06	0.99594668	0.00405132
1e-06	0.00378455	0.99621345	1e-06
0.98818844	0.00810163	0.00370893	1e-06
0.45210502	0.52014125	0.01181872	0.01593501
0.00375792	0.01176732	0.02390709	0.96056768
0.00773752	0.0704853	0.00771815	0.91405903
0.00809577	0.1688686	1e-06	0.82303462
0.00403635	0.98051531	1e-06	0.01544734
0.00394663	0.98441872	1e-06	0.01163365
0.14013166	0.47743856	0.04825351	0.33417626
0.22585185	0.24696296	0.26711111	0.26007407
