#M00184	MyoD
#p.cut	M00184	EpiUwRmapDNaseFetal.Kidney.SRX015225	0.01	0.05	0.1	0.25	0.5	0.75	0.9	0.95	0.99	
#p.Tcut2	M00184	EpiUwRmapDNaseFetal.Kidney.SRX015225	13.55	15.2	15.95	17.05	18.14	19.24	20.34	21.09	22.74	
#p.Tcut2b	M00184	EpiUwRmapDNaseFetal.Kidney.SRX015225	13.3	14.95	15.7	16.8	17.9	19	20.1	20.84	22.49	
A	C	G	T
0.2235512	0.32154684	0.22045752	0.23444444
0.94238537	0.01509251	0.03814223	0.0043799
0.01631196	0.44866033	0.52313499	0.01189272
0.00110153	0.99569291	0.00220061	0.00100494
0.98165992	0.00330167	0.01398636	0.00105205
0.00326588	0.95524954	0.01744058	0.02404401
0.00203883	0.98481799	0.00548219	0.00766099
0.00220214	0.00537564	1e-06	0.99242122
0.00973362	0.00770482	0.9793171	0.00324446
0.00533994	0.02715721	0.00329247	0.96421038
0.00325788	0.96518247	0.0066044	0.02495525
0.3389591	0.32429286	0.05355291	0.28319513
0.2235512	0.32154684	0.22045752	0.23444444
