#M00117	C/EBPbeta
#p.cut	M00117	UwDgfNb4	0.01	0.05	0.1	0.25	0.5	0.75	0.9	0.95	0.99	
#p.Tcut2	M00117	UwDgfNb4	15.3	16.95	17.7	18.8	19.9	20.99	22.09	22.84	24.49	
#p.Tcut2b	M00117	UwDgfNb4	12.72	14.38	15.12	16.22	17.32	18.42	19.52	20.26	21.91	
A	C	G	T
0.28188686	0.2195504	0.20794177	0.29062097
0.51308381	0.02205585	0.15432203	0.31053831
0.01401708	0.01596341	0.39093662	0.57908288
0.50139526	0.13853125	0.35318269	0.0068908
1e-06	0.00591941	1e-06	0.99407859
0.0010118	0.00101182	1e-06	0.99797537
0.0057421	1e-06	0.98628822	0.00796867
0.0039656	0.99200546	0.00099587	0.00303308
0.80839204	0.00700388	0.12432102	0.06028307
0.10634167	0.68087368	0.00202265	0.210762
0.99111427	0.00595707	0.00292766	1e-06
0.99126208	0.00092387	0.00781306	1e-06
0.00095917	0.5998472	0.00795762	0.39123601
0.05161023	0.09295406	0.00596935	0.84946636
0.14302232	0.38125242	0.31034379	0.16538147
0.28188686	0.2195504	0.20794177	0.29062097
