#M00106	CDP CR3+HD
#p.cut	M00106	EpiUwRmapDNaseMobilized.CD3.Primary.Cells.SRX089240	0.01	0.05	0.1	0.25	0.5	0.75	0.9	0.95	0.99	
#p.Tcut2	M00106	EpiUwRmapDNaseMobilized.CD3.Primary.Cells.SRX089240	9.31	10.96	11.71	12.81	13.91	15	16.1	16.85	18.5	
#p.Tcut2b	M00106	EpiUwRmapDNaseMobilized.CD3.Primary.Cells.SRX089240	9.88	11.53	12.28	13.38	14.47	15.57	16.67	17.42	19.07	
A	C	G	T
0.22318584	0.27946903	0.2580531	0.23929204
0.16721445	0.38929294	0.41659916	0.02689344
0.92124431	0.00896974	0.06081621	0.00896974
0.01707636	0.03587597	0.01793848	0.92910919
0.01707636	0.49775313	1e-06	0.48516951
0.01762406	0.00896307	0.96444312	0.00896974
0.96456014	0.00868084	0.02675802	1e-06
1e-06	0.0089695	0.00868409	0.98234541
1e-06	0.8666177	0.0801809	0.0532004
0.03502422	0.50291682	0.41721428	0.04484468
0.02651388	0.60032822	0.346278	0.0268799
0.22318584	0.27946903	0.2580531	0.23929204
