#M00134	HNF4
#p.cut	M00134	UwDgfK562Znfp5	0.01	0.05	0.1	0.25	0.5	0.75	0.9	0.95	0.99	
#p.Tcut2	M00134	UwDgfK562Znfp5	14.54	16.19	16.93	18.03	19.13	20.23	21.33	22.08	23.73	
#p.Tcut2b	M00134	UwDgfK562Znfp5	13.27	14.92	15.67	16.77	17.87	18.97	20.06	20.81	22.46	
A	C	G	T
0.29832913	0.20947229	0.29027527	0.20192331
0.49797147	0.12365344	0.24813921	0.13023588
0.52370723	0.00686218	0.43582996	0.03360063
0.01676976	0.00133602	0.9804905	0.00140372
0.06067531	0.01679399	0.80657231	0.11595839
0.03667875	0.17253015	0.31575882	0.47503229
0.00424638	0.95168482	0.00559952	0.03846928
0.98026026	0.00402312	0.01571562	1e-06
0.94876555	0.00276921	0.04701369	0.00145155
0.93250793	0.00421826	0.06058154	0.00269227
0.02115948	0.00561223	0.96767557	0.00555273
0.02959335	0.0083213	0.76376946	0.19831588
0.01544096	0.13301947	0.14494254	0.70659702
0.00559889	0.92545157	0.00985077	0.05909877
0.94317079	0.02542382	0.02131646	0.01008894
0.32364396	0.20667938	0.27987485	0.18980181
0.26036985	0.13516624	0.5038498	0.10061411
0.29832913	0.20947229	0.29027527	0.20192331
