#M00139	AhR
#p.cut	M00139	OpenChromDnaseGm19239	0.01	0.05	0.1	0.25	0.5	0.75	0.9	0.95	0.99	
#p.Tcut2	M00139	OpenChromDnaseGm19239	11.17	12.82	13.57	14.67	15.77	16.86	17.96	18.71	20.36	
#p.Tcut2b	M00139	OpenChromDnaseGm19239	11	12.65	13.4	14.5	15.59	16.69	17.79	18.54	20.19	
A	C	G	T
0.18755156	0.29351592	0.3169444	0.20198812
0.01443863	0.65524491	0.20640615	0.1239103
0.01446838	0.74931641	0.01933905	0.21687616
0.03317048	0.57314898	0.07640205	0.31727849
0.02878216	0.75326771	0.18685869	0.03109145
0.29547345	0.31256608	0.26955361	0.12240686
0.353796	0.01193121	0.61772906	0.01654374
0.20506842	0.14345339	0.56781354	0.08366466
0.0359201	0.52787983	0.41480715	0.02139293
0.03572662	0.08444062	0.0554835	0.82434926
0.23034505	0.1879598	0.27527606	0.30641909
0.03383901	0.03587142	0.91601393	0.01427564
0.06326186	0.7892466	0.07889579	0.06859575
0.09753578	0.11313038	0.73467375	0.05466009
0.01454878	0.03867279	0.08173508	0.86504335
0.00959958	0.0216592	0.9542487	0.01449252
0.5615566	0.08628144	0.23658323	0.11557873
0.07381225	0.30598384	0.60135735	0.01884656
0.61844631	0.04308208	0.06035498	0.27811662
0.18755156	0.29351592	0.3169444	0.20198812
