#M00150	Brachyury
#p.cut	M00150	EpiUwRmapDNaseCD3.Primary.Cells.SRX204362	0.01	0.05	0.1	0.25	0.5	0.75	0.9	0.95	0.99	
#p.Tcut2	M00150	EpiUwRmapDNaseCD3.Primary.Cells.SRX204362	15.45	17.1	17.85	18.95	20.04	21.14	22.24	22.99	24.64	
#p.Tcut2b	M00150	EpiUwRmapDNaseCD3.Primary.Cells.SRX204362	13.64	15.29	16.03	17.13	18.23	19.33	20.43	21.17	22.83	
A	C	G	T
0.28108466	0.21536045	0.23065476	0.27290013
0.38974206	0.25044015	0.05311198	0.30670581
0.16675892	0.36647068	0.32355843	0.14321197
0.07944957	0.06959035	0.03716635	0.81379373
0.10534181	0.30602951	0.55215538	0.0364733
0.68314896	0.05332816	0.1269392	0.13658369
0.04687421	0.88530488	0.03645675	0.03136416
0.83122118	0.06466522	0.0575192	0.04659441
0.126654	0.53132148	0.13070956	0.21131497
0.13557429	0.55463036	0.21441969	0.09537566
0.11629636	0.17576632	0.06803523	0.63990209
0.80972338	0.0417251	0.10654261	0.04200891
0.05378724	0.0103691	0.90407499	0.03176866
0.05800216	0.0532764	0.7810074	0.10771404
0.04669476	0.035836	0.15136954	0.76609971
0.05760768	0.02715433	0.87912382	0.03611417
0.05772267	0.07561433	0.07375366	0.79290933
0.0636568	0.20273426	0.58120927	0.15239967
0.90169839	0.03654854	0.03111122	0.03064185
0.62498031	0.18447722	0.02572526	0.16481721
0.63867354	0.05267137	0.13296828	0.1756868
0.24005513	0.16498673	0.07924182	0.51571632
0.06269111	0.18177369	0.25025243	0.50528277
0.28108466	0.21536045	0.23065476	0.27290013
