#M00197	ABF1
#p.cut	M00197	EpiUwRmapDNaseMobilized.CD3.Primary.Cells.SRX089240	0.01	0.05	0.1	0.25	0.5	0.75	0.9	0.95	0.99	
#p.Tcut2	M00197	EpiUwRmapDNaseMobilized.CD3.Primary.Cells.SRX089240	11.82	13.47	14.22	15.32	16.42	17.52	18.62	19.36	21.01	
#p.Tcut2b	M00197	EpiUwRmapDNaseMobilized.CD3.Primary.Cells.SRX089240	9.36	11.01	11.76	12.86	13.96	15.05	16.15	16.9	18.55	
A	C	G	T
0.30328133	0.219688	0.19332975	0.28370091
0.63294504	0.00583395	0.3552179	0.00600311
1e-06	0.01170923	1e-06	0.98828877
0.01170923	0.95227611	0.01200522	0.02400944
0.89377294	0.0058733	0.04800772	0.05234604
0.00600311	0.48589273	0.00599761	0.50210655
0.05296676	0.08950135	0.09413658	0.76339531
0.34807274	0.17225042	0.20749147	0.27218538
0.26058752	0.21377786	0.11140792	0.4142267
0.45558589	0.28392015	0.07716084	0.18333312
0.49172369	0.13605745	0.17075727	0.20146159
0.97607888	0.00599761	0.00591842	0.01200509
0.01198188	0.83569925	0.03560085	0.11671801
0.08334665	0.01200511	0.87560073	0.02904751
0.37175348	1e-06	0.14294462	0.4853009
0.30328133	0.219688	0.19332975	0.28370091
