#M00161	Oct-1
#p.cut	M00161	UwDnaseH7esDiffa14d	0.01	0.05	0.1	0.25	0.5	0.75	0.9	0.95	0.99	
#p.Tcut2	M00161	UwDnaseH7esDiffa14d	16.29	17.94	18.69	19.79	20.89	21.98	23.08	23.83	25.48	
#p.Tcut2b	M00161	UwDnaseH7esDiffa14d	12.75	14.4	15.15	16.25	17.35	18.45	19.55	20.29	21.94	
A	C	G	T
0.26681784	0.21882086	0.20408163	0.31027967
0.46816589	0.43556129	0.06227456	0.03399827
0.00640895	0.00693144	0.21859701	0.7680626
0.34616379	0.35977369	0.27327021	0.02079231
0.96639805	0.01347602	0.02012493	1e-06
1e-06	0.00693144	1e-06	0.99306656
1e-06	1e-06	0.00692616	0.99307184
0.08186541	0.00687375	1e-06	0.91125985
0.01380419	0.03340708	0.89887171	0.05391702
1e-06	0.999997	1e-06	1e-06
0.99306715	0.00693085	1e-06	1e-06
1e-06	0.0339145	0.00693144	0.95915306
0.71249224	1e-06	0.08876823	0.19873853
0.04070648	0.1774586	0.0069314	0.77490352
1e-06	0.21073414	0.08699461	0.70227026
0.26681784	0.21882086	0.20408163	0.31027967
