#M00155	ARP-1 (COUP-TF2)
#p.cut	M00155	EpiUwRmapDNaseCD34.Primary.Cells.SRX027077	0.01	0.05	0.1	0.25	0.5	0.75	0.9	0.95	0.99	
#p.Tcut2	M00155	EpiUwRmapDNaseCD34.Primary.Cells.SRX027077	13.24	14.89	15.64	16.74	17.84	18.94	20.04	20.78	22.43	
#p.Tcut2b	M00155	EpiUwRmapDNaseCD34.Primary.Cells.SRX027077	13.18	14.83	15.58	16.68	17.78	18.88	19.98	20.72	22.37	
A	C	G	T
0.20430195	0.29074675	0.23563312	0.26931818
0.00915138	0.0410809	0.0230475	0.92672022
0.01844823	0.06842716	0.8855216	0.02760301
0.88095001	0.05476577	0.03213928	0.03214494
0.28151442	0.08585522	0.54634848	0.08628189
0.00913575	0.72843439	0.15792489	0.10450497
1e-06	0.89167562	0.0041576	0.10416578
0.0092182	0.58564973	0.00922332	0.39590875
0.07736179	0.24244398	0.00891921	0.67127502
0.00886507	0.03596924	0.01380361	0.94136208
0.00418358	0.00419046	0.98716456	0.00446139
0.72869985	0.0363721	0.21688262	0.01804543
0.24566952	0.5442525	0.18268919	0.02738879
0.22798262	0.73064991	0.02292416	0.01844332
0.01765482	0.68137885	0.01383849	0.28712784
0.03644309	0.69988373	0.03682108	0.22685211
0.36309089	0.03647279	0.02707478	0.57336154
0.20430195	0.29074675	0.23563312	0.26931818
