#M00132	HNF1
#p.cut	M00132	OpenChromDnaseHuh7	0.01	0.05	0.1	0.25	0.5	0.75	0.9	0.95	0.99	
#p.Tcut2	M00132	OpenChromDnaseHuh7	16.72	18.37	19.11	20.21	21.31	22.41	23.51	24.26	25.91	
#p.Tcut2b	M00132	OpenChromDnaseHuh7	11.1	12.75	13.5	14.59	15.69	16.79	17.89	18.64	20.29	
A	C	G	T
0.30745951	0.17926469	0.19638255	0.31689325
0.32579612	1e-06	0.57139455	0.10280832
0.02058054	0.00124251	0.97697174	0.00120522
0.00262837	0.00522836	1e-06	0.99214227
0.02202977	0.00250097	0.00251697	0.97295229
0.99498644	0.00246594	0.00254662	1e-06
0.96399896	0.00510527	0.01030746	0.02058831
0.00651749	0.00390365	0.00258185	0.98699701
0.33072078	0.07972558	0.35495505	0.23459859
0.68901574	0.00393203	0.01048047	0.29657176
0.02743645	0.00120522	0.00394728	0.96741104
0.00123219	0.02746717	0.00263202	0.96866862
0.79253584	0.0142116	0.11288631	0.08036626
0.5965449	0.27885477	0.06375238	0.06084794
0.18734869	0.65292646	0.00263437	0.15709048
0.55554452	0.24125989	0.06520744	0.13798815
0.30745951	0.17926469	0.19638255	0.31689325
