#M00135	Oct-1
#p.cut	M00135	OpenChromDnaseIshikawaTam10030	0.01	0.05	0.1	0.25	0.5	0.75	0.9	0.95	0.99	
#p.Tcut2	M00135	OpenChromDnaseIshikawaTam10030	18.87	20.52	21.26	22.36	23.46	24.56	25.66	26.41	28.06	
#p.Tcut2b	M00135	OpenChromDnaseIshikawaTam10030	13.53	15.18	15.93	17.03	18.13	19.23	20.33	21.07	22.72	
A	C	G	T
0.32565939	0.19360102	0.19459802	0.28614158
0.19902032	0.15071111	0.17199361	0.47827495
0.42095169	0.27333291	0.23071355	0.07500184
0.55718362	0.15471471	0.07511792	0.21298376
0.61485296	0.00532747	0.1121511	0.26766847
0.00532711	0.0162473	0.00510557	0.97332002
0.98960777	1e-06	0.00542136	0.00496987
0.00545612	0.02148535	0.00545588	0.96760265
0.01541183	0.00544164	0.97914553	1e-06
0.00545612	0.97329057	0.01090517	0.01034814
0.91388137	1e-06	0.00512701	0.08099062
0.99469227	0.00530573	1e-06	1e-06
0.99468105	1e-06	0.00531695	1e-06
1e-06	1e-06	1e-06	0.999997
0.32568367	0.06879511	0.13422817	0.47129306
0.00522669	0.19240019	0.03745604	0.76491709
0.14375887	0.35757909	0.28907453	0.20958751
0.32565939	0.19360102	0.19459802	0.28614158
