#M00192	GR
#p.cut	M00192	EpiUwRmapDNaseMobilized.CD3.Primary.Cells.SRX089240	0.01	0.05	0.1	0.25	0.5	0.75	0.9	0.95	0.99	
#p.Tcut2	M00192	EpiUwRmapDNaseMobilized.CD3.Primary.Cells.SRX089240	12.49	14.14	14.89	15.98	17.08	18.18	19.28	20.03	21.68	
#p.Tcut2b	M00192	EpiUwRmapDNaseMobilized.CD3.Primary.Cells.SRX089240	11.29	12.94	13.69	14.79	15.89	16.98	18.08	18.83	20.48	
A	C	G	T
0.21340524	0.24460709	0.23228043	0.30970724
0.29738253	0.38547214	0.13610009	0.18104524
0.27002394	0.27329569	0.1371623	0.31951806
0.17975063	0.22971217	0.3176899	0.2728473
0.25263286	0.19986993	0.24988754	0.29760967
0.22671818	0.22679554	0.1368255	0.40966077
0.15779168	0.27572383	0.22884977	0.33763472
0.16198448	0.36304966	0.2715524	0.20341346
0.18512682	0.36374584	0.29270163	0.15842571
0.26975746	0.22834154	0.27276391	0.22913709
0.18036751	0.342896	0.22674342	0.24999307
0.16092521	0.3177271	0.22730079	0.2940469
0.2031557	0.29928247	0.09090208	0.40665976
0.16095624	0.22355751	0.34283484	0.27265141
0.18410094	0.22627674	0.29579313	0.29382919
0.13727335	0.24915381	0.36395477	0.24961807
0.25174782	0.24356987	0.16153335	0.34314895
0.31719642	0.27478011	0.15830346	0.24972001
0.22421368	0.25288067	0.22848834	0.29441731
0.27104168	0.22745879	0.27361878	0.22788075
0.20519178	0.29830222	0.20279886	0.29370714
0.22546331	0.06941892	0.18275929	0.52235847
0.11255172	0.06747811	0.61484099	0.20512918
0.27143027	0.02314185	0.54507413	0.16035376
0.04504372	0.06942301	0.81737618	0.06815708
0.40724285	0.18272042	0.04525629	0.36478044
0.45035397	0.18076277	0.11513583	0.25374743
0.04425504	0.88682584	0.06891812	1e-06
0.63471245	0.11527267	0.02314174	0.22687314
0.27038758	0.52487753	1e-06	0.20473388
0.27160823	1e-06	0.02311092	0.70527984
0.09141253	0.29354223	0.61504424	1e-06
1e-06	0.06693962	0.02311092	0.90994845
1e-06	1e-06	0.999997	1e-06
1e-06	1e-06	1e-06	0.999997
0.04339236	0.0455215	0.02314185	0.88794429
1e-06	0.97788256	1e-06	0.02211544
1e-06	1e-06	1e-06	0.999997
0.25066617	0.11323842	0.13600243	0.50009298
0.18383004	0.22567468	0.27261901	0.31787627
0.27411176	0.38324722	0.25013489	0.09250612
0.04405973	0.18161549	0.34351306	0.43081172
0.18218178	0.2530575	0.24505011	0.31971061
0.29507154	0.31864152	0.15853648	0.22775046
0.25044694	0.20434679	0.20777268	0.33743358
0.36121426	0.25291515	0.24705543	0.13881516
0.31811355	0.11435011	0.31915261	0.24838373
0.17777577	0.22791054	0.18434815	0.40996554
0.2475321	0.27454951	0.2271235	0.25079489
0.22751682	0.22853961	0.22543451	0.31850907
0.20429546	0.27281889	0.22564325	0.2972424
0.15770213	0.36429599	0.20621772	0.27178416
0.34076327	0.13691398	0.15432224	0.36800051
0.27099899	0.24838739	0.29792718	0.18268645
0.34121056	0.27221862	0.18462198	0.20194884
0.27371125	0.25089116	0.25163413	0.22376346
0.22774452	0.2924237	0.23042271	0.24940908
0.18385729	0.22595546	0.22650907	0.36367819
0.33949058	0.29669375	0.15989023	0.20392544
0.21340524	0.24460709	0.23228043	0.30970724
