#M00107	E2
#p.cut	M00107	EpiUwRmapDNaseMobilized.CD3.Primary.Cells.SRX089240	0.01	0.05	0.1	0.25	0.5	0.75	0.9	0.95	0.99	
#p.Tcut2	M00107	EpiUwRmapDNaseMobilized.CD3.Primary.Cells.SRX089240	9.51	11.16	11.91	13.01	14.1	15.2	16.3	17.05	18.7	
#p.Tcut2b	M00107	EpiUwRmapDNaseMobilized.CD3.Primary.Cells.SRX089240	10.28	11.93	12.67	13.77	14.87	15.97	17.07	17.81	19.47	
A	C	G	T
0.24555394	0.29708455	0.26559767	0.19176385
0.23653858	0.20895226	0.53801775	0.01649142
0.33887442	0.50629483	0.1344273	0.02040344
0.93919725	0.0285336	0.03226815	1e-06
0.08224955	0.88077533	0.01237165	0.02460347
0.0082481	0.95898457	0.0082481	0.02451923
0.5045276	0.10195339	0.37299926	0.02051975
0.24917791	0.19113911	0.3604868	0.19919618
0.38284953	0.31431417	0.04465031	0.25818598
0.45410203	0.34958386	0.17981891	0.0164952
0.23898655	0.63443506	0.06555094	0.06102745
0.10894931	0.62156962	0.01649514	0.25298593
0.03270641	0.02461964	0.92245572	0.02021823
0.01237073	0.01237164	0.92207172	0.05318591
0.00391634	0.04944003	0.02854895	0.91809468
0.43499518	0.03658846	0.3764145	0.15200187
0.24555394	0.29708455	0.26559767	0.19176385
