#M00113	CREB
#p.cut	M00113	EpiUwRmapDNaseFetal.Renal.Pelvis.SRX089261	0.01	0.05	0.1	0.25	0.5	0.75	0.9	0.95	0.99	
#p.Tcut2	M00113	EpiUwRmapDNaseFetal.Renal.Pelvis.SRX089261	8.37	10.02	10.77	11.87	12.97	14.07	15.16	15.91	17.56	
#p.Tcut2b	M00113	EpiUwRmapDNaseFetal.Renal.Pelvis.SRX089261	9.7	11.35	12.09	13.19	14.29	15.39	16.49	17.24	18.89	
A	C	G	T
0.1792263	0.28832178	0.33927773	0.19317419
0.01010302	0.21211363	0.38154527	0.39623808
0.02624769	0.01165771	0.95624896	0.00584564
0.32603186	0.01464675	0.62308102	0.03624038
0.00146756	0.00708973	1e-06	0.99144171
0.00293055	1e-06	0.99706745	1e-06
0.98535483	0.00440028	0.00733063	0.00291426
1e-06	0.97442427	0.00429384	0.02128089
0.01159118	0.00718616	0.97694374	0.00427892
0.00719939	0.18117203	0.00146716	0.81016141
0.13188121	0.77406578	0.06650701	0.027546
0.65346204	0.20732591	0.09024279	0.04896926
0.1792263	0.28832178	0.33927773	0.19317419
