#M00136	Oct-1
#p.cut	M00136	UwDnaseH7esDiffa9d	0.01	0.05	0.1	0.25	0.5	0.75	0.9	0.95	0.99	
#p.Tcut2	M00136	UwDnaseH7esDiffa9d	16.33	17.98	18.73	19.83	20.93	22.03	23.12	23.87	25.52	
#p.Tcut2b	M00136	UwDnaseH7esDiffa9d	12.62	14.27	15.02	16.11	17.21	18.31	19.41	20.16	21.81	
A	C	G	T
0.31746411	0.19904306	0.22631579	0.25717703
0.17004596	0.22529099	0.39436507	0.21029798
0.21267908	0.19575557	0.27808014	0.31348521
0.25028551	0.1975637	0.31493978	0.23721101
0.28858377	0.19686974	0.29006677	0.22447972
0.40871531	0.11876135	0.22545648	0.24706685
0.31588601	0.19856264	0.2907588	0.19479254
0.35034801	0.21263001	0.21078193	0.22624006
0.15693012	0.34382525	0.28698465	0.21225997
0.34113579	0.11843879	0.19641618	0.34400923
0.38357663	0.26170896	0.21076149	0.14395291
0.88244304	1e-06	0.11755496	1e-06
0.19432387	0.02673096	0.17191344	0.60703173
0.02672906	0.01265016	0.96061978	1e-06
0.9866654	0.0133326	1e-06	1e-06
0.97398285	1e-06	0.01336599	0.01265016
1e-06	0.01336599	1e-06	0.98663201
0.98663226	1e-06	0.01336574	1e-06
1e-06	1e-06	1e-06	0.999997
1e-06	0.01288443	0.63351223	0.35360234
1e-06	0.98663201	1e-06	0.01336599
0.98663234	1e-06	0.01336566	1e-06
0.35836885	0.18282813	0.09219409	0.36660893
0.35216013	0.09153437	0.34386602	0.21243948
0.23755671	0.28731499	0.06419908	0.41092922
0.47477631	0.07894231	0.02622819	0.42005319
0.19825694	0.31562887	0.20946372	0.27665046
0.23690896	0.3562757	0.17100427	0.23581108
0.33019733	0.27435538	0.17204879	0.2233985
0.27568633	0.22422979	0.25166711	0.24841677
0.25055369	0.25184164	0.19595251	0.30165216
0.28832142	0.15637853	0.26552394	0.28977612
0.22377457	0.27599209	0.27734621	0.22288713
0.26252811	0.26198014	0.31725325	0.1582385
0.29875817	0.18453106	0.25152014	0.26519062
0.26290421	0.22396937	0.22324445	0.28988197
0.2246849	0.23540933	0.2260434	0.31386237
0.26322512	0.19440569	0.27874807	0.26362112
0.23700232	0.21237001	0.23707317	0.31355451
0.15943989	0.22354468	0.40812211	0.20889332
0.31746411	0.19904306	0.22631579	0.25717703
