#M00127	GATA-1
#p.cut	M00127	UwDnaseWerirb1	0.01	0.05	0.1	0.25	0.5	0.75	0.9	0.95	0.99	
#p.Tcut2	M00127	UwDnaseWerirb1	13.5	15.15	15.9	16.99	18.09	19.19	20.29	21.04	22.69	
#p.Tcut2b	M00127	UwDnaseWerirb1	11.51	13.16	13.91	15.01	16.1	17.2	18.3	19.05	20.7	
A	C	G	T
0.2942229	0.17842536	0.29493297	0.23241877
0.87302109	0.01536957	0.11006183	0.00154751
0.10742995	0.01541979	0.69325963	0.18389062
0.02621537	0.04456109	0.92017115	0.00905239
0.36099655	0.25017796	0.3583345	0.03049099
0.66373968	0.00612549	0.22274203	0.10739279
0.00449161	0.00154751	0.99395988	1e-06
0.98009797	0.00611395	0.01378707	1e-06
1e-06	0.00616379	0.00154112	0.99229409
0.00452578	0.01691232	0.00464043	0.97392146
0.96944837	0.0061863	0.02284123	0.0015241
0.02162717	0.22312838	0.53911256	0.21613189
0.41436708	0.23311897	0.2573998	0.09511414
0.18735378	0.01055034	0.79442559	0.00767029
0.09235388	0.33978554	0.5005247	0.06733588
0.2942229	0.17842536	0.29493297	0.23241877
