#M00152	SRF
#p.cut	M00152	EpiUwRmapDNaseiPS.DF.1911.Cell.Line.SRX135563	0.01	0.05	0.1	0.25	0.5	0.75	0.9	0.95	0.99	
#p.Tcut2	M00152	EpiUwRmapDNaseiPS.DF.1911.Cell.Line.SRX135563	13.91	15.56	16.31	17.41	18.51	19.61	20.71	21.45	23.1	
#p.Tcut2b	M00152	EpiUwRmapDNaseiPS.DF.1911.Cell.Line.SRX135563	12.86	14.51	15.25	16.35	17.45	18.55	19.65	20.4	22.05	
A	C	G	T
0.27110827	0.2338229	0.23506457	0.26000426
0.63709071	0.07820847	0.15874827	0.12595255
0.04878386	0.01435895	0.02885403	0.90800316
0.0554034	0.03264612	0.8272385	0.08471199
0.27594529	0.55931935	0.04528444	0.11945092
0.01222805	0.97130356	0.00409473	0.01237366
0.01841868	0.95291353	0.00200758	0.02666021
0.53578357	0.00605433	0.00200758	0.45615453
0.19962811	0.0244215	0.01823928	0.75771111
0.91964839	0.01645583	0.0330415	0.03085428
0.03916501	0.04476361	0.01814034	0.89793104
0.79082131	0.00624588	0.03037266	0.17256014
0.43349945	0.00602599	0.01232366	0.54815089
0.02006633	0.00204476	0.96989187	0.00799704
0.01038286	0.01430402	0.96905046	0.00626266
0.46063877	0.21638858	0.09250903	0.23046361
0.48009526	0.18924523	0.23839869	0.09226081
0.44337977	0.11520693	0.22790853	0.21350477
0.13817926	0.14604893	0.25143379	0.46433801
0.27110827	0.2338229	0.23506457	0.26000426
