#M00156	RORalpha1
#p.cut	M00156	UwDgfSknshra	0.01	0.05	0.1	0.25	0.5	0.75	0.9	0.95	0.99	
#p.Tcut2	M00156	UwDgfSknshra	16.33	17.98	18.73	19.83	20.93	22.02	23.12	23.87	25.52	
#p.Tcut2b	M00156	UwDgfSknshra	13.11	14.76	15.51	16.6	17.7	18.8	19.9	20.65	22.3	
A	C	G	T
0.33058028	0.19394802	0.20640797	0.26906372
0.66002166	0.00765438	0.17353954	0.15878442
0.57228226	0.01886287	0.03043966	0.37841521
0.789186	0.00755599	0.02241868	0.18083933
0.25601496	0.02286341	0.00383711	0.71728452
0.14589191	0.77088906	0.0602017	0.02301733
0.79910564	0.0076728	0.02995973	0.16326183
0.98144189	1e-06	0.01499133	0.00356578
0.02625686	0.00383711	0.96990502	1e-06
0.01146402	0.01131737	0.96626843	0.01095018
0.00346355	0.0263789	1e-06	0.97015655
0.00736503	0.98142902	0.00368519	0.00752076
0.97756597	1e-06	0.0149614	0.00747164
0.28363702	0.09066954	0.01875615	0.60693729
0.33058028	0.19394802	0.20640797	0.26906372
