#M00115	Tax/CREB
#p.cut	M00115	UwDgfHmvecf	0.01	0.05	0.1	0.25	0.5	0.75	0.9	0.95	0.99	
#p.Tcut2	M00115	UwDgfHmvecf	11.26	12.91	13.66	14.76	15.86	16.96	18.06	18.8	20.45	
#p.Tcut2b	M00115	UwDgfHmvecf	10.67	12.32	13.06	14.16	15.26	16.36	17.46	18.2	19.86	
A	C	G	T
0.24257352	0.31022541	0.21546499	0.23173608
0.58616759	0.07837361	0.31083326	0.02462554
0.02931958	0.01947029	0.02123546	0.92997467
0.01802786	0.01483285	0.95565402	0.01148527
0.93285135	0.01960306	0.03436955	0.01317604
0.03246937	0.84444849	0.05901646	0.06406569
0.12618305	0.04704949	0.42681891	0.39994855
0.01628525	0.9510564	0.00812486	0.02453349
0.90123749	0.03619012	0.03775206	0.02482033
0.02952641	0.33970096	0.0445264	0.58624623
0.60901869	0.21879532	0.0620878	0.11009819
0.06388164	0.48332232	0.06567038	0.38712567
0.04409477	0.86533271	0.03287998	0.05769255
0.04229241	0.87530659	0.00662644	0.07577456
0.05101395	0.69310293	0.02954844	0.22633468
0.22953066	0.66079843	0.05229531	0.05737559
0.24257352	0.31022541	0.21546499	0.23173608
