#M00185	NF-Y
#p.cut	M00185	OpenChromDnaseIshikawaTam10030	0.01	0.05	0.1	0.25	0.5	0.75	0.9	0.95	0.99	
#p.Tcut2	M00185	OpenChromDnaseIshikawaTam10030	13.93	15.58	16.33	17.43	18.53	19.63	20.73	21.47	23.12	
#p.Tcut2b	M00185	OpenChromDnaseIshikawaTam10030	13	14.65	15.4	16.5	17.6	18.69	19.79	20.54	22.19	
A	C	G	T
0.28838919	0.26082991	0.21736776	0.23341313
0.00141079	0.03951997	0.01003509	0.94903414
0.82851645	0.00845756	0.16016221	0.00286379
0.54541786	0.004423	0.44573797	0.00442117
0.004216	0.98412867	0.00432001	0.00733532
0.00279367	0.99150348	1e-06	0.00570185
0.99862959	0.00136841	1e-06	1e-06
0.98537614	1e-06	0.01314784	0.00147503
0.00136241	0.00575546	0.00147497	0.99140717
0.01006676	0.85408287	0.12733016	0.00852021
0.96351513	0.00281031	0.03367356	1e-06
0.01139378	0.41830197	0.51510463	0.05519962
0.46085849	0.17474255	0.18530487	0.17909409
0.30689409	0.1020901	0.32291451	0.26810131
0.28838919	0.26082991	0.21736776	0.23341313
