#M00270	GCM
#p.cut	M00270	EpiUwRmapDNaseMobilized.CD3.Primary.Cells.SRX089240	0.01	0.05	0.1	0.25	0.5	0.75	0.9	0.95	0.99	
#p.Tcut2	M00270	EpiUwRmapDNaseMobilized.CD3.Primary.Cells.SRX089240	9.46	11.11	11.86	12.96	14.06	15.16	16.25	17	18.65	
#p.Tcut2b	M00270	EpiUwRmapDNaseMobilized.CD3.Primary.Cells.SRX089240	9.39	11.04	11.79	12.89	13.99	15.08	16.18	16.93	18.58	
A	C	G	T
0.22761035	0.32271835	0.23204986	0.21762145
0.32434855	0.33146743	0.29538402	0.0488
0.41232826	0.15915066	0.20304646	0.22547463
0.57833447	0.04113552	0.37617761	0.0043524
0.01341793	0.95015227	0.00442505	0.03200474
0.00875742	0.98209306	0.00457476	0.00457476
0.07619381	0.84693483	0.01829605	0.05857531
0.06774985	0.03542227	0.89225312	0.00457476
0.00890262	0.95505143	0.01825214	0.01779381
0.9279803	0.00415814	0.05413928	0.01372228
0.01803265	0.0723334	0.02733197	0.88230198
0.23529901	0.44414479	0.18017826	0.14037795
0.13538203	0.35994819	0.03154125	0.47312854
0.14941902	0.19909618	0.24884047	0.40264432
0.22761035	0.32271835	0.23204986	0.21762145
