#M00281	RFX1
#p.cut	M00281	EpiUwRmapDNaseFetal.Brain.SRX121278	0.01	0.05	0.1	0.25	0.5	0.75	0.9	0.95	0.99	
#p.Tcut2	M00281	EpiUwRmapDNaseFetal.Brain.SRX121278	13.21	14.86	15.61	16.7	17.8	18.9	20	20.75	22.4	
#p.Tcut2b	M00281	EpiUwRmapDNaseFetal.Brain.SRX121278	12.96	14.61	15.35	16.45	17.55	18.65	19.75	20.49	22.15	
A	C	G	T
0.26808117	0.25327346	0.24387011	0.23477526
0.29456428	0.10979378	0.36581496	0.22982698
0.1078847	0.00588835	0.88431247	0.00191447
0.01376139	0.00857595	0.02848286	0.94917979
0.1563422	0.25374125	0.00724055	0.582676
0.42450459	0.00387163	0.5411614	0.03046239
0.00064621	0.96233648	0.00065747	0.03635984
0.00197779	0.85385471	0.00200671	0.14216078
0.89424192	0.04880598	0.03367003	0.02328207
0.06076222	0.03024542	0.00132836	0.907664
0.18839545	0.00067023	0.81093332	1e-06
0.00200883	1e-06	0.99798917	1e-06
0.16326845	0.63280875	0.05307695	0.15084585
0.99872281	1e-06	0.00127519	1e-06
0.999997	1e-06	1e-06	1e-06
0.00061358	0.99877235	1e-06	0.00061307
0.41881931	0.40238349	0.11165553	0.06714167
0.41602792	0.08309649	0.27257848	0.22829711
0.26808117	0.25327346	0.24387011	0.23477526
