#M00291	Freac-3
#p.cut	M00291	OpenChromDnaseMcf7Ctcfshrna	0.01	0.05	0.1	0.25	0.5	0.75	0.9	0.95	0.99	
#p.Tcut2	M00291	OpenChromDnaseMcf7Ctcfshrna	18.6	20.25	21	22.1	23.2	24.29	25.39	26.14	27.79	
#p.Tcut2b	M00291	OpenChromDnaseMcf7Ctcfshrna	12.4	14.05	14.8	15.89	16.99	18.09	19.19	19.94	21.59	
A	C	G	T
0.37743672	0.18068083	0.19951993	0.24236253
0.2140537	0.28194304	0.32746994	0.17653332
0.3603411	0.17703801	0.09770566	0.36491523
0.50048549	0.20506896	0.25984299	0.03460256
0.64619977	0.02216185	0.08998083	0.24165755
0.03007787	0.00207333	0.96580929	0.00203951
1e-06	0.01019602	0.00207333	0.98772965
0.97950763	0.0041309	0.01636047	1e-06
0.98996797	0.00413216	0.00390414	0.00199573
0.98174154	0.00196182	0.01629563	1e-06
1e-06	0.24751328	0.00413997	0.74834575
0.98804974	0.00206054	0.00988872	1e-06
0.97566462	0.0081821	0.01217164	0.00398165
0.90857917	0.00783831	0.04876153	0.03482099
0.02416574	0.70905618	0.19781467	0.06896341
0.85967078	0.05918072	0.06917244	0.01197607
0.37743672	0.18068083	0.19951993	0.24236253
