#M00256	NRSF
#p.cut	M00256	EpiUwRmapDNaseFetal.Muscle.Arm.SRX100980	0.01	0.05	0.1	0.25	0.5	0.75	0.9	0.95	0.99	
#p.Tcut2	M00256	EpiUwRmapDNaseFetal.Muscle.Arm.SRX100980	13.69	15.35	16.09	17.19	18.29	19.39	20.49	21.23	22.88	
#p.Tcut2b	M00256	EpiUwRmapDNaseFetal.Muscle.Arm.SRX100980	13.48	15.13	15.88	16.98	18.08	19.18	20.28	21.02	22.67	
A	C	G	T
0.23974591	0.30104123	0.27172513	0.18748772
0.10624647	0.08846247	0.17039662	0.63489443
0.00784656	0.10832979	0.06729204	0.81653161
0.00931913	0.94822453	0.00535088	0.03710546
0.98564264	0.00270308	0.00909304	0.00256124
0.00782447	0.00648551	0.98568902	1e-06
0.06634573	0.71108907	0.16170404	0.06086116
0.98564113	0.00787644	0.00250406	0.00397837
1e-06	0.98570597	0.00920946	0.00508357
0.01439257	0.94582792	0.00671212	0.03306739
0.59565386	0.07442817	0.13807958	0.19183839
0.1727801	0.2978564	0.08654334	0.44282017
0.03017718	0.00123084	0.95714918	0.01144281
0.01843798	0.00642397	0.97390721	0.00123084
0.89971342	0.05407923	0.00909001	0.03711734
0.00914942	0.83184442	0.12602278	0.03298338
0.98043943	0.0052835	0.00649921	0.00777787
0.01837067	0.00520466	0.9739427	0.00248197
0.16235444	0.62914696	0.07293834	0.13556026
0.22341607	0.03157554	0.47917433	0.26583406
0.12537686	0.60310462	0.19050407	0.08101445
0.10527236	0.73651715	0.01315692	0.14505357
0.29487393	0.39496061	0.11627672	0.19388874
0.23974591	0.30104123	0.27172513	0.18748772
