#M00209	NF-Y
#p.cut	M00209	OpenChromDnaseIshikawaEst10nm30m	0.01	0.05	0.1	0.25	0.5	0.75	0.9	0.95	0.99	
#p.Tcut2	M00209	OpenChromDnaseIshikawaEst10nm30m	13.74	15.39	16.14	17.24	18.34	19.44	20.54	21.28	22.93	
#p.Tcut2b	M00209	OpenChromDnaseIshikawaEst10nm30m	13.36	15.01	15.76	16.86	17.96	19.05	20.15	20.9	22.55	
A	C	G	T
0.21926106	0.23366101	0.26558742	0.2814905
0.20147369	0.37468888	0.08085006	0.34298737
0.1108664	0.17928995	0.07626287	0.63358078
0.00559593	0.84092351	0.05891574	0.09456483
0.00082172	0.01216519	0.0023989	0.98461419
0.00483014	0.00484061	0.98950753	0.00082172
0.99599082	0.00082172	0.00318646	1e-06
0.00164244	0.01379699	0.00246316	0.9820974
0.00162223	0.00164244	1e-06	0.99673433
0.00157363	1e-06	0.99762857	0.0007968
0.0031413	0.00082172	0.99523547	0.00080151
0.00406257	0.61051748	0.00410391	0.38131604
0.02396367	0.32737712	0.00242889	0.64623032
0.63067285	0.00730847	0.35798066	0.00403802
0.21834575	0.26452923	0.49458783	0.02253719
0.30049276	0.22956351	0.03755774	0.432386
0.21926106	0.23366101	0.26558742	0.2814905
