#M00206	HNF1
#p.cut	M00206	OpenChromDnaseHuh7	0.01	0.05	0.1	0.25	0.5	0.75	0.9	0.95	0.99	
#p.Tcut2	M00206	OpenChromDnaseHuh7	16.5	18.15	18.9	20	21.1	22.19	23.29	24.04	25.69	
#p.Tcut2b	M00206	OpenChromDnaseHuh7	10.78	12.43	13.18	14.28	15.38	16.48	17.58	18.32	19.97	
A	C	G	T
0.32176855	0.19112055	0.18283377	0.30427714
0.52058929	0.00603651	0.18097352	0.29240068
0.0180564	0.00451405	0.97023351	0.00719603
0.00744044	0.09945174	0.08667886	0.80642896
0.00296252	0.10009614	0.0074367	0.88950464
0.98053671	0.00148423	0.01360452	0.00437454
0.94482629	0.00756608	0.01653251	0.03107512
0.08697361	0.00151858	1e-06	0.91150681
0.05703925	0.22285344	0.35275133	0.36735598
0.94197488	0.01649504	0.00448327	0.03704682
0.20426362	0.00451405	0.04169019	0.74953213
0.00138576	0.00891821	1e-06	0.98969503
0.61413853	0.10176616	0.05870556	0.22538975
0.89563819	0.00578086	0.05044749	0.04813346
0.20254388	0.78572227	0.00428636	0.00744749
0.14625907	0.56707815	0.00446773	0.28219504
0.64448491	0.08419771	0.01620704	0.25511033
0.55908877	0.28054563	0.14393626	0.01642935
0.32176855	0.19112055	0.18283377	0.30427714
