#M00277	Lmo2 complex
#p.cut	M00277	EpiUwRmapDNaseMobilized.CD3.Primary.Cells.SRX089240	0.01	0.05	0.1	0.25	0.5	0.75	0.9	0.95	0.99	
#p.Tcut2	M00277	EpiUwRmapDNaseMobilized.CD3.Primary.Cells.SRX089240	14.29	15.94	16.68	17.78	18.88	19.98	21.08	21.82	23.48	
#p.Tcut2b	M00277	EpiUwRmapDNaseMobilized.CD3.Primary.Cells.SRX089240	13.09	14.74	15.49	16.58	17.68	18.78	19.88	20.63	22.28	
A	C	G	T
0.18608838	0.30090016	0.32700491	0.18600655
0.0128023	0.92827373	0.02539092	0.03353305
0.00861118	0.53632826	0.29446281	0.16059775
0.00861118	0.7385502	0.24439122	0.0084474
0.00825647	0.9707167	0.0129155	0.00811133
0.92760973	1e-06	0.059473	0.01291627
0.01256584	0.00430609	0.97452407	0.00860399
0.00858659	0.01680602	0.97059783	0.00400957
0.00818262	0.01271593	0.00413231	0.97496914
0.01667553	1e-06	0.97500901	0.00831445
0.0038949	0.69015641	0.25071577	0.05523291
0.46229349	0.02112591	0.02152645	0.49505415
0.00861114	0.12761229	0.84694902	0.01682755
0.18608838	0.30090016	0.32700491	0.18600655
