#M00221	SREBP-1
#p.cut	M00221	UwDgfCd20ro01778	0.01	0.05	0.1	0.25	0.5	0.75	0.9	0.95	0.99	
#p.Tcut2	M00221	UwDgfCd20ro01778	14.65	16.31	17.05	18.15	19.25	20.35	21.45	22.19	23.85	
#p.Tcut2b	M00221	UwDgfCd20ro01778	12.46	14.11	14.86	15.96	17.05	18.15	19.25	20	21.65	
A	C	G	T
0.21310011	0.37635774	0.19377439	0.21676776
0.0621198	0.16306575	0.31910118	0.45571327
0.2537829	0.34108875	0.26270574	0.14242262
0.00481759	0.03441696	0.00484567	0.95591977
0.00960481	0.9756571	0.0049217	0.00981639
0.95632109	0.00729685	0.02424166	0.0121404
0.01183931	0.96180413	0.00245901	0.02389754
1e-06	0.97860946	0.00490493	0.01648461
0.00713658	0.97359926	0.00246119	0.01680298
0.00697493	0.97861455	1e-06	0.01440952
0.93318253	0.02125955	0.03355163	0.01200629
0.01661499	0.94475242	0.014369	0.02426359
0.21310011	0.37635774	0.19377439	0.21676776
