#M00225	STAT3
#p.cut	M00225	UwDgfK562Znfa41c6	0.01	0.05	0.1	0.25	0.5	0.75	0.9	0.95	0.99	
#p.Tcut2	M00225	UwDgfK562Znfa41c6	12.75	14.4	15.15	16.24	17.34	18.44	19.54	20.29	21.94	
#p.Tcut2b	M00225	UwDgfK562Znfa41c6	13	14.65	15.39	16.49	17.59	18.69	19.79	20.54	22.19	
A	C	G	T
0.2313343	0.2399253	0.27408176	0.25465864
0.03564567	0.16394687	0.59542901	0.20497846
0.14319781	0.18039777	0.38551622	0.2908882
0.10511535	0.38033707	0.32939438	0.1851532
0.64909284	0.06839765	0.27477619	0.00773332
0.19772037	0.18860864	0.0203932	0.59327778
0.00515601	0.03318188	0.02530066	0.93636145
1e-06	0.01016795	0.00756168	0.98226937
1e-06	0.97723367	0.00764406	0.01512127
0.0452902	0.81741695	0.00515601	0.13213684
0.16384131	0.32412418	0.3678882	0.1441463
0.09536975	0.00746396	0.87462223	0.02254407
0.01509476	0.01010245	0.94687003	0.02793276
0.956807	0.00773352	0.02026299	0.01519649
0.9545536	0.01023726	0.02289916	0.01230998
0.42050324	0.02309125	0.4803761	0.07602941
0.09606997	0.1799373	0.08891774	0.63507499
0.08573299	0.25470123	0.58957329	0.06999249
0.2313343	0.2399253	0.27408176	0.25465864
