#M00288	HAP2/3/4
#p.cut	M00288	OpenChromDnaseIshikawaEst10nm30m	0.01	0.05	0.1	0.25	0.5	0.75	0.9	0.95	0.99	
#p.Tcut2	M00288	OpenChromDnaseIshikawaEst10nm30m	13.15	14.8	15.55	16.64	17.74	18.84	19.94	20.69	22.34	
#p.Tcut2b	M00288	OpenChromDnaseIshikawaEst10nm30m	12.58	14.23	14.98	16.08	17.18	18.28	19.38	20.12	21.77	
A	C	G	T
0.27773173	0.29713853	0.22129523	0.20383451
0.4359847	0.18659192	0.1112315	0.26619187
0.00810012	0.41797296	0.00305759	0.57086933
0.00706263	0.83837174	0.10592822	0.04863741
0.51045317	0.27112315	0.21546232	0.00296136
0.49945946	0.00101986	0.33554877	0.1639719
1e-06	0.99796747	1e-06	0.00203053
0.00101986	0.99490466	0.00305754	0.00101794
0.99795945	1e-06	0.00101969	0.00101986
0.98479833	0.00203872	0.01214309	0.00101986
1e-06	0.00702413	0.00396377	0.9890111
0.06196477	0.86094842	0.0453135	0.03177331
0.98398146	0.00590688	0.01011065	1e-06
0.09745085	0.27921606	0.60532617	0.01800692
0.77358651	0.1666497	0.05169125	0.00807253
0.36942417	0.0785143	0.47839687	0.07366466
0.27773173	0.29713853	0.22129523	0.20383451
