#M00201	C/EBP
#p.cut	M00201	UwDgfNb4	0.01	0.05	0.1	0.25	0.5	0.75	0.9	0.95	0.99	
#p.Tcut2	M00201	UwDgfNb4	15.35	17	17.75	18.84	19.94	21.04	22.14	22.89	24.54	
#p.Tcut2b	M00201	UwDgfNb4	13.53	15.18	15.92	17.02	18.12	19.22	20.32	21.07	22.72	
A	C	G	T
0.28711884	0.20803648	0.2415218	0.26332288
0.38895392	0.03035229	0.35215734	0.22853645
0.05228653	0.02783668	0.9032197	0.01665709
0.37062504	0.05269029	0.06318347	0.5135012
0.47048934	0.24474668	0.25976684	0.02499715
0.00558556	0.00279068	0.00279328	0.98883048
1e-06	0.00279328	0.44683472	0.550371
0.41288478	0.04633802	0.1016933	0.43908389
0.01379428	0.09674567	0.38503746	0.50442259
0.01887722	0.01932608	0.95910457	0.00269212
0.04640007	0.69473469	0.0053097	0.25355554
0.99720512	0.00279288	1e-06	1e-06
0.99721588	1e-06	0.00278212	1e-06
0.00558556	0.01905632	0.43027056	0.54508757
0.31107933	0.14644718	0.43993853	0.10253496
0.04111041	0.58916422	0.20119057	0.16853479
0.81829252	0.14057501	0.03833918	0.00279328
0.00832613	0.73539413	0.00811332	0.24816641
0.65644239	0.02205955	0.10193103	0.21956703
0.28711884	0.20803648	0.2415218	0.26332288
