#M00292	Freac-4
#p.cut	M00292	OpenChromDnaseHuh7	0.01	0.05	0.1	0.25	0.5	0.75	0.9	0.95	0.99	
#p.Tcut2	M00292	OpenChromDnaseHuh7	15.74	17.39	18.13	19.23	20.33	21.43	22.53	23.28	24.93	
#p.Tcut2b	M00292	OpenChromDnaseHuh7	12.4	14.05	14.8	15.9	17	18.09	19.19	19.94	21.59	
A	C	G	T
0.32985913	0.20798947	0.21272055	0.24943085
0.02177881	0.68873321	0.26781475	0.02167323
0.1336441	0.35188308	0.0120613	0.50241152
0.4798769	0.01178597	0.00801703	0.5003201
0.75948273	0.00202626	0.23646422	0.00202679
0.57417544	0.00810285	0.12849536	0.28922636
0.04184039	1e-06	0.95815761	1e-06
1e-06	0.02174764	0.00196007	0.97629129
0.96849961	0.02169773	0.00381582	0.00598684
0.99445748	0.00183802	0.00182522	0.00187928
0.99016918	1e-06	0.00982882	1e-06
1e-06	0.97811202	0.00182522	0.02006176
0.98633032	1e-06	0.01184347	0.00182522
0.35640881	0.1158565	0.25550346	0.27223123
0.44428665	0.07363747	0.05204636	0.43002952
0.24869432	0.13944561	0.55614219	0.05571788
0.19740858	0.31457746	0.34105795	0.146956
0.32985913	0.20798947	0.21272055	0.24943085
