#M00258	ISGF-3
#p.cut	M00258	EpiUwRmapDNaseCD3.Primary.Cells.SRX204362	0.01	0.05	0.1	0.25	0.5	0.75	0.9	0.95	0.99	
#p.Tcut2	M00258	EpiUwRmapDNaseCD3.Primary.Cells.SRX204362	17.53	19.18	19.93	21.03	22.13	23.23	24.33	25.07	26.72	
#p.Tcut2b	M00258	EpiUwRmapDNaseCD3.Primary.Cells.SRX204362	14.19	15.84	16.59	17.69	18.79	19.89	20.99	21.73	23.38	
A	C	G	T
0.21680871	0.25520833	0.18177083	0.34621212
0.06467659	0.72033389	0.08402547	0.13096405
0.94264837	1e-06	0.05480139	0.00254924
0.01824935	0.01294597	0.96126148	0.00754319
1e-06	0.01289807	1e-06	0.98709993
1e-06	0.01259159	0.00502293	0.98238448
1e-06	0.00495194	0.00263859	0.99240847
0.0052795	0.99207925	1e-06	0.00264025
0.71267166	0.0336549	0.0314925	0.22218094
0.03397832	0.58682061	0.1692475	0.20995356
0.01280982	0.00263859	1e-06	0.98455059
0.00512373	0.01793891	1e-06	0.97693636
0.00494154	0.14021941	1e-06	0.85483805
0.00264025	0.71986704	0.01051836	0.26697434
0.21151975	0.46529053	0.09916084	0.22402889
0.12476259	0.5574969	0.17940328	0.13833723
0.21680871	0.25520833	0.18177083	0.34621212
