#M00237	AhR:Arnt
#p.cut	M00237	UwDnaseMonocd14	0.01	0.05	0.1	0.25	0.5	0.75	0.9	0.95	0.99	
#p.Tcut2	M00237	UwDnaseMonocd14	9.79	11.44	12.19	13.29	14.39	15.49	16.59	17.33	18.98	
#p.Tcut2b	M00237	UwDnaseMonocd14	9.58	11.23	11.98	13.07	14.17	15.27	16.37	17.12	18.77	
A	C	G	T
0.17971344	0.28079678	0.338852	0.20063778
0.19501969	0.10091451	0.63429992	0.06976588
0.2087668	0.14146129	0.54214549	0.10762642
0.10576313	0.25722957	0.54418755	0.09281976
0.17307146	0.21366664	0.43281095	0.18045095
0.49935466	0.02823835	0.35612081	0.11628618
0.02060175	0.04367558	0.44877365	0.48694902
0.02815919	0.47039194	0.03339969	0.46804919
0.05712147	0.01499753	0.90201233	0.02586867
0.04880745	0.85642088	0.04559692	0.04917474
0.05401844	0.04378601	0.86893394	0.03326162
0.03887829	0.05438054	0.04124428	0.86549689
0.02048063	0.04377415	0.90991081	0.02583442
0.35557532	0.41303334	0.03315634	0.198235
0.06996688	0.50757344	0.33984646	0.08261322
0.34723642	0.04671348	0.15247525	0.45357485
0.22909039	0.08749925	0.46323719	0.22017318
0.02337559	0.39991465	0.40433316	0.1723766
0.02039658	0.59893029	0.24194942	0.13872372
0.02338746	0.91961013	0.02319856	0.03380385
0.17971344	0.28079678	0.338852	0.20063778
