#M00208	NF-kappaB
#p.cut	M00208	UwDnaseTh17	0.01	0.05	0.1	0.25	0.5	0.75	0.9	0.95	0.99	
#p.Tcut2	M00208	UwDnaseTh17	14.06	15.71	16.45	17.55	18.65	19.75	20.85	21.6	23.25	
#p.Tcut2b	M00208	UwDnaseTh17	14.15	15.8	16.55	17.65	18.75	19.84	20.94	21.69	23.34	
A	C	G	T
0.24408284	0.2564317	0.25508104	0.24440443
0.40523645	0.02365222	0.48774943	0.0833619
0.00641722	0.00338309	0.98358456	0.00661513
0.00338301	0.00338307	0.98308665	0.01014727
0.00334377	1e-06	0.99020891	0.00644633
0.9900974	1e-06	0.0099006	1e-06
0.09047146	0.71623572	0.00324742	0.19004539
1e-06	0.01645508	1e-06	0.98354292
1e-06	0.09657814	0.00338309	0.90003777
1e-06	0.3104715	1e-06	0.6895265
1e-06	0.999997	1e-06	1e-06
0.00338289	0.97365206	0.00338309	0.01958196
0.72536946	0.21774981	0.01664009	0.04024063
0.24408284	0.2564317	0.25508104	0.24440443
