#M00233	MEF-2
#p.cut	M00233	UwDnaseK562Znfa41c6	0.01	0.05	0.1	0.25	0.5	0.75	0.9	0.95	0.99	
#p.Tcut2	M00233	UwDnaseK562Znfa41c6	18.06	19.71	20.46	21.56	22.66	23.76	24.86	25.6	27.25	
#p.Tcut2b	M00233	UwDnaseK562Znfa41c6	10.97	12.62	13.37	14.47	15.57	16.67	17.77	18.51	20.16	
A	C	G	T
0.35253456	0.18356375	0.17895545	0.28494624
0.23745988	0.3098086	0.11970667	0.33302485
0.42725145	0.26362786	0.14614591	0.16297478
0.3356436	0.11689371	0.14192524	0.40553745
0.33050595	0.11800265	0.16822608	0.38326533
0.40573553	0.18638844	0.09608439	0.31179163
0.35623622	0.24062911	0.12093542	0.28219925
0.25963765	0.14409381	0.21245875	0.38380978
0.30793843	0.21638214	0.1414655	0.33421393
0.26217562	0.1427948	0.26101781	0.33401177
0.33440672	0.21223635	0.24043592	0.21292101
0.16709924	0.40719894	0.21061627	0.21508554
0.18938626	0.11866338	0.0475978	0.64435255
0.09350572	0.04784842	0.64172951	0.21691635
0.14513266	0.07148845	0.11973632	0.66364257
1e-06	1e-06	0.14301462	0.85698338
0.31099823	0.02435848	0.33154722	0.33309607
0.02292599	0.90559888	0.02435849	0.04711665
1e-06	0.02277348	1e-06	0.97722452
0.6675722	0.07110478	0.02435847	0.23696455
0.73913569	1e-06	0.02435846	0.23650485
0.90514045	1e-06	0.07051171	0.02434684
0.97636902	1e-06	0.02362898	1e-06
0.92790783	1e-06	0.02435849	0.04773268
0.0232793	0.04786298	1e-06	0.92885672
0.999997	1e-06	1e-06	1e-06
0.07196463	0.02435849	0.85687954	0.04679735
0.6425717	0.09568208	0.18872316	0.07302306
0.73922	0.14152932	1e-06	0.11924968
0.52372611	0.19038626	0.02435848	0.26152915
0.33370898	0.31077962	0.07074693	0.28476447
0.21573376	0.28510809	0.31243698	0.18672117
0.2621234	0.25769267	0.21774947	0.26243447
0.23596128	0.21461558	0.23959108	0.30983206
0.33028711	0.21656526	0.19483123	0.25831639
0.33744878	0.35637109	0.16404872	0.1421314
0.232244	0.24217802	0.239946	0.28563198
0.26173409	0.28618966	0.26037039	0.19170586
0.40505741	0.21710025	0.19208925	0.18575309
0.33247103	0.21546837	0.19032233	0.26173827
0.28173342	0.26308789	0.21622322	0.23895547
0.354462	0.16746662	0.1674786	0.31059278
0.31157169	0.16561516	0.33211861	0.19069454
0.32846573	0.26567104	0.26278235	0.14308089
0.35253456	0.18356375	0.17895545	0.28494624
