#M00251	XBP-1
#p.cut	M00251	UwDgfK562Znfa41c6	0.01	0.05	0.1	0.25	0.5	0.75	0.9	0.95	0.99	
#p.Tcut2	M00251	UwDgfK562Znfa41c6	10.98	12.63	13.38	14.47	15.57	16.67	17.77	18.52	20.17	
#p.Tcut2b	M00251	UwDgfK562Znfa41c6	10.74	12.39	13.14	14.24	15.34	16.43	17.53	18.28	19.93	
A	C	G	T
0.23395902	0.22561649	0.27575349	0.264671
0.45856563	0.02842767	0.31514619	0.19786051
0.12283417	0.06574281	0.3204387	0.49098431
0.13197928	0.04431837	0.77056493	0.05313742
0.52057553	0.23544686	0.13732408	0.10665353
0.08164485	0.03949177	0.02782391	0.85103947
0.00951467	0.13912886	0.7726444	0.07871206
0.98377563	0.00237942	0.01384395	1e-06
0.0046571	0.9210051	0.00917557	0.06516223
0.0786771	0.00672057	0.90086412	0.01373821
0.00225996	0.0165529	0.00216547	0.97902167
0.02330545	0.02075647	0.95119621	0.00474188
0.10441971	0.03212113	0.36839464	0.49506451
0.14606058	0.54934363	0.12548604	0.17910975
0.25495043	0.5069387	0.07932782	0.15878305
0.21962796	0.32154736	0.06340434	0.39542034
0.39339284	0.01633518	0.06075187	0.52952011
0.1632436	0.04455457	0.28748643	0.50471541
0.23395902	0.22561649	0.27575349	0.264671
