#M00248	Oct-1
#p.cut	M00248	EpiUwRmapDNaseFetal.Brain.SRX026914	0.01	0.05	0.1	0.25	0.5	0.75	0.9	0.95	0.99	
#p.Tcut2	M00248	EpiUwRmapDNaseFetal.Brain.SRX026914	18.38	20.03	20.78	21.88	22.98	24.08	25.18	25.92	27.57	
#p.Tcut2b	M00248	EpiUwRmapDNaseFetal.Brain.SRX026914	11.17	12.82	13.57	14.67	15.76	16.86	17.96	18.71	20.36	
A	C	G	T
0.29223617	0.15575334	0.16691831	0.38509218
0.00413033	0.02275643	0.00399214	0.9691211
0.2248867	0.13672849	0.18586481	0.45251999
0.00612813	0.02275476	0.00417783	0.96693928
0.97720105	1e-06	0.02070336	0.00209458
0.00196295	0.01250142	0.00413959	0.98139605
0.00625032	0.00209364	0.98332232	0.00833372
0.00209458	0.32278164	0.23934025	0.43578352
0.00193766	0.00813206	1e-06	0.98992928
0.97932634	0.0062045	0.01446817	1e-06
0.99165979	1e-06	0.00418817	0.00415104
0.00209458	0.01010555	1e-06	0.98779887
0.00407044	0.00819492	0.01434641	0.97338823
0.29223617	0.15575334	0.16691831	0.38509218
