#M00243	Egr-1
#p.cut	M00243	UwDnaseWi38Ohtam	0.01	0.05	0.1	0.25	0.5	0.75	0.9	0.95	0.99	
#p.Tcut2	M00243	UwDnaseWi38Ohtam	10.93	12.58	13.33	14.43	15.53	16.63	17.73	18.47	20.12	
#p.Tcut2b	M00243	UwDnaseWi38Ohtam	8.29	9.94	10.69	11.79	12.89	13.99	15.08	15.83	17.48	
A	C	G	T
0.18641618	0.2210538	0.37934638	0.21318364
0.2888923	0.25321439	0.18978251	0.2681108
0.056963	0.03704474	0.1251484	0.78084386
0.07628225	0.00689266	0.91575733	0.00106776
0.01713429	0.85117473	0.01159418	0.1200968
0.0275097	0.00808243	0.95745314	0.00695472
0.00578439	0.04524464	0.2962827	0.65268827
0.18214071	0.00117082	0.81325309	0.00343539
0.00351016	0.00351044	0.99063885	0.00234054
0.00584969	0.00234063	0.99063886	0.00117082
0.24202979	0.4889051	0.00458352	0.26448159
0.01374882	0.00468026	0.9722149	0.00935603
0.0104542	0.00935945	0.5953434	0.38484295
0.18641618	0.2210538	0.37934638	0.21318364
