#M00210	OCT-x
#p.cut	M00210	OpenChromDnaseHek293t	0.01	0.05	0.1	0.25	0.5	0.75	0.9	0.95	0.99	
#p.Tcut2	M00210	OpenChromDnaseHek293t	14.97	16.62	17.37	18.46	19.56	20.66	21.76	22.51	24.16	
#p.Tcut2b	M00210	OpenChromDnaseHek293t	13.51	15.16	15.91	17.01	18.11	19.2	20.3	21.05	22.7	
A	C	G	T
0.23493876	0.25488249	0.21772592	0.29245283
0.08327391	0.71679474	0.04362377	0.15630759
0.00895449	0.00861275	1e-06	0.98243176
0.06115245	0.67530435	0.14884138	0.11470182
0.98210716	0.013414	0.00447784	1e-06
1e-06	0.00403926	0.00445571	0.99150404
1e-06	0.00857471	1e-06	0.99142329
0.05245525	0.0088514	0.00447784	0.93421551
0.00894371	1e-06	0.96918343	0.02187186
1e-06	0.99156244	1e-06	0.00843556
0.97409526	0.00409787	0.0175838	0.00422307
0.00403926	0.01323924	0.00895459	0.9737669
0.72431274	1e-06	0.2491834	0.02650285
0.08314739	0.42970976	0.07515969	0.41198315
0.23493876	0.25488249	0.21772592	0.29245283
