#M00242	PPARalpha:RXRalpha
#p.cut	M00242	EpiUwRmapDNaseFetal.Placenta.SRX214046	0.01	0.05	0.1	0.25	0.5	0.75	0.9	0.95	0.99	
#p.Tcut2	M00242	EpiUwRmapDNaseFetal.Placenta.SRX214046	14.83	16.48	17.23	18.33	19.43	20.53	21.63	22.37	24.02	
#p.Tcut2b	M00242	EpiUwRmapDNaseFetal.Placenta.SRX214046	13.38	15.03	15.77	16.87	17.97	19.07	20.17	20.92	22.57	
A	C	G	T
0.3051374	0.21051374	0.26299283	0.22135603
0.25119881	0.49192522	0.20092866	0.05594731
0.66013773	0.08220276	0.0568434	0.20081611
0.46046835	0.04294289	0.44987605	0.04671271
0.66631246	0.14712791	0.13815572	0.04840391
0.56423772	0.04780176	0.12717557	0.26078496
0.16769284	0.55249178	0.20499009	0.07482529
0.08566834	0.29953416	0.05536753	0.55942997
0.7272404	0.00519335	0.22067463	0.04689162
0.03040178	0.00532189	0.93357425	0.03070208
0.03086912	0.03209384	0.91932837	0.01770868
0.15015674	0.25653141	0.20499014	0.3883217
0.12358365	0.75230536	0.08106368	0.04304731
0.94808374	0.01238011	0.02333635	0.01619981
0.73808946	0.04496447	0.09860018	0.11834589
0.93545345	0.00541114	0.05200447	0.00713094
0.02444675	0.00894524	0.92402603	0.04258199
0.0394481	0.01618483	0.73710226	0.20726481
0.03164733	0.05182022	0.06253883	0.85399361
0.0288885	0.7632947	0.17380699	0.0340098
0.85290846	0.03054216	0.03240575	0.08414362
0.3051374	0.21051374	0.26299283	0.22135603
