#M00236	Arnt
#p.cut	M00236	OpenChromDnaseGm12891	0.01	0.05	0.1	0.25	0.5	0.75	0.9	0.95	0.99	
#p.Tcut2	M00236	OpenChromDnaseGm12891	8.8	10.45	11.2	12.3	13.4	14.5	15.6	16.34	17.99	
#p.Tcut2b	M00236	OpenChromDnaseGm12891	10.16	11.81	12.55	13.65	14.75	15.85	16.95	17.7	19.35	
A	C	G	T
0.17643206	0.29662941	0.34116312	0.18577541
0.13883079	0.08091004	0.73616348	0.04409569
0.23974338	0.00745911	0.44841176	0.30438575
0.31441251	0.02179428	0.39267804	0.27111517
0.20425729	0.02203288	0.73531687	0.03839296
0.07695336	0.16860058	0.16244182	0.59200424
0.00954503	0.98548067	1e-06	0.0049733
0.97358425	0.00243686	0.02397789	1e-06
0.00730595	0.94436174	0.00967357	0.03865875
0.04654226	0.01166172	0.9372329	0.00456312
1e-06	0.0071771	1e-06	0.9928209
0.00730918	1e-06	0.99040577	0.00228405
0.33689746	0.28031143	0.31248653	0.07030459
0.0441508	0.52147702	0.09019207	0.34418011
0.08039983	0.5310594	0.25438399	0.13415678
0.04422324	0.2209985	0.51882207	0.2159562
0.03206925	0.53965569	0.29398097	0.13429409
0.17643206	0.29662941	0.34116312	0.18577541
