#M00262	Staf
#p.cut	M00262	OpenChromDnaseEcc1Est10nm30m	0.01	0.05	0.1	0.25	0.5	0.75	0.9	0.95	0.99	
#p.Tcut2	M00262	OpenChromDnaseEcc1Est10nm30m	13.1	14.75	15.5	16.6	17.7	18.8	19.9	20.64	22.29	
#p.Tcut2b	M00262	OpenChromDnaseEcc1Est10nm30m	13.06	14.71	15.46	16.55	17.65	18.75	19.85	20.6	22.25	
A	C	G	T
0.21638105	0.32895665	0.2405998	0.2140625
0.50531715	0.19236972	0.14171527	0.16059785
0.12797663	0.57765856	0.14093189	0.15343292
0.13747356	0.22591935	0.12277171	0.51383539
0.44266329	0.22939424	0.18108428	0.14685819
0.13309931	0.56529993	0.14174189	0.15985887
0.49446089	0.15103248	0.1690447	0.18546193
0.17397625	0.19517087	0.10945757	0.52139531
0.05178779	0.22894729	0.06850288	0.65076204
0.20788773	0.0498184	0.0508179	0.69147597
0.00773005	0.96737482	0.00158511	0.02331002
0.00441089	0.98644124	0.0030378	0.00611007
0.00300025	0.98322564	0.00315436	0.01061976
0.91981796	0.00623068	0.0662347	0.00771667
0.03410843	0.21188939	0.64712036	0.10688182
0.47578053	0.40830301	0.09872347	0.01719299
0.89508749	0.02685569	0.07504169	0.00301514
0.03446319	0.02186555	0.04390342	0.89976783
0.0110217	0.23078496	0.70359902	0.05459431
0.00913604	0.98007529	0.00316813	0.00762054
0.43386915	0.39097919	0.01729858	0.15785309
0.13222514	0.47609682	0.03609851	0.35557952
0.03436107	0.40843136	0.03304175	0.52416582
0.14106369	0.03380169	0.70897043	0.11616419
0.02636371	0.73453733	0.14591822	0.09318074
0.2458801	0.10249051	0.50066639	0.150963
0.15761953	0.36827819	0.29215911	0.18194317
0.10561857	0.45813704	0.16640388	0.26984051
0.21638105	0.32895665	0.2405998	0.2140625
