#M00245	Egr-3
#p.cut	M00245	UwDnaseWi38Ohtam	0.01	0.05	0.1	0.25	0.5	0.75	0.9	0.95	0.99	
#p.Tcut2	M00245	UwDnaseWi38Ohtam	12.04	13.69	14.44	15.54	16.64	17.74	18.83	19.58	21.23	
#p.Tcut2b	M00245	UwDnaseWi38Ohtam	9.13	10.78	11.53	12.62	13.72	14.82	15.92	16.67	18.32	
A	C	G	T
0.19116688	0.22475962	0.37610007	0.20797344
0.23898007	0.34930037	0.31385812	0.09786144
0.25742212	0.07946221	0.22708062	0.43603504
0.05126655	0.00412155	0.94354129	0.00107061
0.01267718	0.90776012	0.01155934	0.06800336
0.02220941	0.00843715	0.96617566	0.00317778
0.00321305	0.00534404	0.00624873	0.98519418
0.11662929	0.00630906	0.87277628	0.00428536
0.00739917	0.00214319	0.98833129	0.00212635
0.00213926	1e-06	0.99577337	0.00208638
0.28930006	0.39978509	0.00321428	0.30770057
0.01153678	0.00638138	0.97566567	0.00641616
0.03591587	0.01811946	0.59607596	0.34988871
0.19116688	0.22475962	0.37610007	0.20797344
