#M00264	Staf
#p.cut	M00264	OpenChromDnaseEcc1Dm002p1h	0.01	0.05	0.1	0.25	0.5	0.75	0.9	0.95	0.99	
#p.Tcut2	M00264	OpenChromDnaseEcc1Dm002p1h	17.08	18.73	19.48	20.58	21.68	22.77	23.87	24.62	26.27	
#p.Tcut2b	M00264	OpenChromDnaseEcc1Dm002p1h	16.9	18.55	19.3	20.39	21.49	22.59	23.69	24.44	26.09	
A	C	G	T
0.22385606	0.31145289	0.23428211	0.23040894
0.45047221	0.11097718	0.33770497	0.10084563
0.31103697	0.132447	0.44770837	0.10880766
0.72007761	0.10693927	0.09138726	0.08159586
0.07886042	0.7521973	0.07381164	0.09513064
0.06517323	0.1358548	0.07390375	0.72506822
0.66258532	0.14089044	0.10967553	0.08684871
0.08061219	0.74081872	0.07812181	0.10044727
0.74316164	0.15447376	0.06313174	0.03923286
0.17549829	0.14722604	0.04846103	0.62881464
0.01376113	0.13531358	0.05936615	0.79155914
0.04239287	0.03706695	0.00687941	0.91366078
0.00688681	0.9619284	0.00259595	0.02858884
0.00277476	0.99035558	0.00138789	0.00548177
0.00548987	0.98920794	0.00135975	0.00394244
0.95452225	0.00416166	0.03728234	0.00403374
0.04952299	0.04961429	0.76686605	0.13399666
0.27914741	0.53522137	0.16643433	0.01919689
0.57589578	0.26783265	0.08665111	0.06962046
0.00970407	0.02866215	0.13673734	0.82489643
0.01913307	0.40670822	0.43440376	0.13975494
1e-06	0.98209689	0.00680969	0.01109242
0.18564956	0.65548788	0.0040252	0.15483736
0.11268218	0.16246031	0.08298898	0.64186853
0.06562934	0.16481232	0.06194634	0.70761199
0.03439968	0.02855474	0.89041513	0.04663045
0.08478407	0.8648172	0.0178031	0.03259563
0.47519091	0.07515021	0.34122345	0.10843543
0.25370342	0.22296017	0.48770195	0.03563446
0.14794811	0.44614298	0.19424732	0.21166159
0.14196595	0.25133617	0.21464453	0.39205335
0.36289344	0.19660814	0.27279025	0.16770817
0.17526395	0.21777018	0.45966026	0.1473056
0.18372431	0.22740481	0.43215366	0.15671722
0.17018631	0.23691687	0.27622739	0.31666943
0.16170783	0.24274262	0.39930532	0.19624423
0.16560822	0.24358747	0.26403965	0.32676466
0.18080813	0.23119453	0.41615063	0.17184672
0.22385606	0.31145289	0.23428211	0.23040894
