#M00261	Olf-1
#p.cut	M00261	UwDnaseBe2c	0.01	0.05	0.1	0.25	0.5	0.75	0.9	0.95	0.99	
#p.Tcut2	M00261	UwDnaseBe2c	13.13	14.78	15.52	16.62	17.72	18.82	19.92	20.66	22.32	
#p.Tcut2b	M00261	UwDnaseBe2c	13.22	14.87	15.61	16.71	17.81	18.91	20.01	20.75	22.41	
A	C	G	T
0.23764355	0.26141575	0.27435033	0.22659037
0.40413461	0.14948997	0.21672708	0.22964834
0.21266424	0.56525344	0.18941529	0.03266703
0.47860715	0.04405124	0.17226922	0.30507239
0.63186965	0.01581064	0.22152536	0.13079434
0.02056587	0.32708885	0.25522389	0.3971214
0.00492659	0.02170483	0.00492485	0.96844374
1e-06	0.9926572	1e-06	0.0073408
0.00123264	0.99513196	1e-06	0.0036344
0.00245842	0.97938969	0.00245697	0.01569492
0.1625858	0.54016008	0.00480812	0.292446
0.58783987	0.03785547	0.2272104	0.14709426
0.04949482	0.00240415	0.9468971	0.00120392
0.20071304	0.00239564	0.78962827	0.00726304
0.00246413	0.00114716	0.99638771	1e-06
0.78698799	0.00739009	0.17037754	0.03524437
0.34008709	0.12632041	0.51408749	0.01950502
0.04103447	0.29875133	0.31174403	0.34847017
0.23989215	0.13339983	0.23386736	0.39284066
0.03517776	0.07798516	0.4385618	0.44827528
0.1801228	0.13644011	0.66884466	0.01459243
0.23764355	0.26141575	0.27435033	0.22659037
