#M00250	Gfi-1
#p.cut	M00250	UwDnaseTh1	0.01	0.05	0.1	0.25	0.5	0.75	0.9	0.95	0.99	
#p.Tcut2	M00250	UwDnaseTh1	18.56	20.21	20.96	22.06	23.15	24.25	25.35	26.1	27.75	
#p.Tcut2b	M00250	UwDnaseTh1	14.22	15.87	16.62	17.72	18.81	19.91	21.01	21.76	23.41	
A	C	G	T
0.35275958	0.21950605	0.18151462	0.24621976
0.59727095	0.09700397	0.15309251	0.15263257
0.49381552	0.26759909	0.14235374	0.09623165
0.6499603	0.18059601	0.0725476	0.09689609
0.68848887	0.08248805	0.2013317	0.02769138
0.54640775	0.12631293	0.21940954	0.10786978
0.46788226	0.15957617	0.18622042	0.18632115
0.23245709	0.36036745	0.04881453	0.35836093
0.96742132	0.01627536	0.01213442	0.0041689
0.96765635	0.01667261	0.01187242	0.00379862
0.97190478	1e-06	0.02429561	0.00379862
0.0083368	0.02879263	1e-06	0.96286956
0.00759623	0.97217457	0.0041689	0.0160603
0.85136643	0.0041645	0.01593204	0.12853703
0.05649844	0.66596455	0.24954254	0.02799447
0.54318532	0.00416887	0.04086061	0.4117852
0.03220008	0.02031018	0.91940041	0.02808934
0.01975104	0.720875	0.01202871	0.24734526
0.48194339	0.22130828	0.05584551	0.24090281
0.20315469	0.1787905	0.17975739	0.43829742
0.31284198	0.13759687	0.23555372	0.31400743
0.10851551	0.2205966	0.08542476	0.58546313
0.16976136	0.3860947	0.33568496	0.10845898
0.37178176	0.31788788	0.04498859	0.26534177
0.1974334	0.34386941	0.19320488	0.26549232
0.35275958	0.21950605	0.18151462	0.24621976
