#M00235	AhR:Arnt
#p.cut	M00235	EpiUwRmapDNaseMobilized.CD3.Primary.Cells.SRX089240	0.01	0.05	0.1	0.25	0.5	0.75	0.9	0.95	0.99	
#p.Tcut2	M00235	EpiUwRmapDNaseMobilized.CD3.Primary.Cells.SRX089240	9.31	10.97	11.71	12.81	13.91	15.01	16.11	16.85	18.51	
#p.Tcut2b	M00235	EpiUwRmapDNaseMobilized.CD3.Primary.Cells.SRX089240	9.15	10.8	11.55	12.65	13.75	14.84	15.94	16.69	18.34	
A	C	G	T
0.18193218	0.25070225	0.33552368	0.23184189
0.12969772	0.01416317	0.41501626	0.44112284
0.23243517	0.05059498	0.40249717	0.31447268
0.28668879	0.12635303	0.39364693	0.19331125
0.10712406	0.06737859	0.55936534	0.266132
0.21055749	0.13766005	0.50636681	0.14541564
0.17348425	0.09321832	0.40776514	0.32553229
0.05610227	0.03915618	0.45223672	0.45250483
0.05087766	0.27024804	0.09591469	0.5829596
0.02251824	0.01131923	0.95199885	0.01416368
0.01694058	0.90165554	0.01131666	0.07008723
0.06701909	0.0167793	0.90770338	0.00849823
0.00283356	0.02817398	0.00565304	0.96333942
0.00283356	0.00283356	0.99149934	0.00283353
0.13437679	0.73927222	0.00845011	0.11790087
0.38506009	0.45202207	0.03667288	0.12624496
0.1322579	0.42665803	0.43270093	0.00838314
0.18193218	0.25070225	0.33552368	0.23184189
