#M00280	RFX1
#p.cut	M00280	EpiUwRmapDNaseFetal.Brain.SRX027076	0.01	0.05	0.1	0.25	0.5	0.75	0.9	0.95	0.99	
#p.Tcut2	M00280	EpiUwRmapDNaseFetal.Brain.SRX027076	11.51	13.16	13.91	15.01	16.1	17.2	18.3	19.05	20.7	
#p.Tcut2b	M00280	EpiUwRmapDNaseFetal.Brain.SRX027076	11.48	13.13	13.88	14.98	16.07	17.17	18.27	19.02	20.67	
A	C	G	T
0.25759861	0.25304503	0.25142474	0.23793161
0.29243178	0.08646871	0.36813786	0.25296165
0.03044328	0.00797787	0.96157785	1e-06
0.00930076	0.01890187	0.06317465	0.90862272
0.18112344	0.146472	0.00482733	0.66757724
0.25573155	0.00631202	0.73324862	0.00470781
0.0015531	0.99373805	1e-06	0.00470785
0.03829642	0.61186513	0.02394036	0.32589809
0.24338676	0.03846819	0.0046671	0.71347794
0.56943984	1e-06	0.42900551	0.00155365
1e-06	1e-06	0.99847657	0.00152143
0.03452338	0.86056044	0.01745215	0.08746403
0.99678506	1e-06	0.0016027	0.00161124
0.99368962	0.00161124	0.00469814	1e-06
1e-06	0.99839966	1e-06	0.00159834
0.48865604	0.32916144	0.1214597	0.06072282
0.39944419	0.05875746	0.31569501	0.22610334
0.25759861	0.25304503	0.25142474	0.23793161
