#M00255	GC box
#p.cut	M00255	EpiUwRmapDNaseiPS.DF.69.Cell.Line.SRX040378	0.01	0.05	0.1	0.25	0.5	0.75	0.9	0.95	0.99	
#p.Tcut2	M00255	EpiUwRmapDNaseiPS.DF.69.Cell.Line.SRX040378	15.31	16.96	17.71	18.81	19.91	21.01	22.1	22.85	24.5	
#p.Tcut2b	M00255	EpiUwRmapDNaseiPS.DF.69.Cell.Line.SRX040378	8.2	9.86	10.6	11.7	12.8	13.9	15	15.74	17.4	
A	C	G	T
0.1465667	0.25474921	0.46690681	0.13177727
0.46517183	0.14458989	0.16374495	0.22649333
0.29387724	0.02893081	0.6488305	0.02836145
0.04113908	0.00259569	0.88549627	0.07076895
0.06007265	0.00098969	0.93893666	1e-06
1e-06	0.00052679	0.99896825	0.00050397
0.00049585	0.0005371	0.99896605	1e-06
0.03414631	0.93361193	1e-06	0.03224076
0.00883627	0.00053166	0.99009487	0.0005372
0.0010686	0.00107256	0.98369578	0.01416305
0.08671433	0.00204499	0.90911447	0.00212622
0.01161224	0.0042118	0.98106465	0.00311131
0.00315068	0.94756037	0.00884548	0.04044346
0.00844463	0.53422535	0.07501988	0.38231015
0.08875492	0.02911835	0.4170187	0.46510803
0.1465667	0.25474921	0.46690681	0.13177727
