#M00272	p53
#p.cut	M00272	UwDnaseH7esDiffa14d	0.01	0.05	0.1	0.25	0.5	0.75	0.9	0.95	0.99	
#p.Tcut2	M00272	UwDnaseH7esDiffa14d	13.57	15.22	15.96	17.06	18.16	19.26	20.36	21.1	22.76	
#p.Tcut2b	M00272	UwDnaseH7esDiffa14d	13.65	15.3	16.04	17.14	18.24	19.34	20.44	21.19	22.84	
A	C	G	T
0.25060172	0.26252149	0.24229226	0.24458453
0.22369129	0.41494503	0.23247708	0.12888659
0.9684016	0.01433291	0.00863343	0.00863206
0.00574617	0.00876578	0.97986965	0.00561841
0.91910944	0.02602241	0.05486714	1e-06
0.00555271	0.97433532	0.005745	0.01436697
0.91632826	0.00578105	0.06627235	0.01161834
1e-06	0.00292815	1e-06	0.99706985
1e-06	0.0055784	0.98867318	0.00574743
0.00291145	0.63571599	0.0029175	0.35845507
1e-06	0.98546128	1e-06	0.01453672
1e-06	0.02565141	1e-06	0.97434659
0.25060172	0.26252149	0.24229226	0.24458453
