#M00232	MEF-2
#p.cut	M00232	EpiUwRmapDNaseFetal.Heart.SRX121256	0.01	0.05	0.1	0.25	0.5	0.75	0.9	0.95	0.99	
#p.Tcut2	M00232	EpiUwRmapDNaseFetal.Heart.SRX121256	17.8	19.45	20.2	21.3	22.4	23.49	24.59	25.34	26.99	
#p.Tcut2b	M00232	EpiUwRmapDNaseFetal.Heart.SRX121256	12.3	13.95	14.69	15.79	16.89	17.99	19.09	19.84	21.49	
A	C	G	T
0.3294621	0.19354839	0.20141573	0.27557378
0.22990716	0.12975015	0.37167194	0.26867074
0.24205962	0.03425694	0.45352869	0.27015475
0.34866165	0.06256193	0.10522479	0.48355163
0.14041188	0.03310353	0.43491329	0.3915713
0.00117105	0.9903509	1e-06	0.00847705
1e-06	0.00618259	1e-06	0.99381541
0.84969868	0.00123789	0.00607523	0.14298819
0.65630075	0.00235854	0.00112806	0.34021265
0.9658204	0.00120856	0.00243742	0.03053362
0.98896997	1e-06	0.0037065	0.00732254
0.99260619	1e-06	0.00244178	0.00495103
0.00247229	0.00119779	1e-06	0.99632892
0.99876932	1e-06	0.00122868	1e-06
0.02540956	0.00370958	0.9660058	0.00487507
0.43476884	0.43942045	0.02462919	0.10118153
0.46274628	0.27475393	0.04542232	0.21707747
0.27590444	0.32570398	0.0687109	0.32968069
0.3294621	0.19354839	0.20141573	0.27557378
