#M00284	TCF11:MafG
#p.cut	M00284	UwDgfK562	0.01	0.05	0.1	0.25	0.5	0.75	0.9	0.95	0.99	
#p.Tcut2	M00284	UwDgfK562	15.14	16.79	17.54	18.64	19.74	20.84	21.94	22.68	24.33	
#p.Tcut2b	M00284	UwDgfK562	13.32	14.97	15.72	16.81	17.91	19.01	20.11	20.86	22.51	
A	C	G	T
0.29807728	0.22777799	0.21709415	0.25705058
0.30185327	0.36769576	0.2016499	0.12880107
0.31529659	0.31468531	0.08117023	0.28884787
0.42817385	0.17142433	0.15395877	0.24644305
0.32240606	0.30764437	0.19330256	0.17664701
0.39089076	0.24080947	0.17971696	0.18858281
0.69723921	0.01973379	0.25974356	0.02328344
1e-06	0.00581425	0.00117611	0.99300864
0.00115945	0.00348866	0.99190626	0.00344563
0.99650576	0.0011685	0.00117613	0.00114961
0.00581148	0.88019506	0.09783566	0.0161578
0.15700382	0.00459737	0.02200543	0.81639337
0.09170054	0.83759892	0.01277223	0.05792832
0.89914214	1e-06	0.02550365	0.0753532
0.01606324	0.00586895	0.94675433	0.03131348
0.00697917	0.96388956	0.00940191	0.01972936
0.94862423	0.01154476	0.02343096	0.01640005
0.3957666	0.12733356	0.26508595	0.21181389
0.25653307	0.06746536	0.14076725	0.53523432
0.25344135	0.0255833	0.09663732	0.62433803
0.26307021	0.42402351	0.14557321	0.16733307
0.21879018	0.16607037	0.06408887	0.55105058
0.14927488	0.15651994	0.49563046	0.19857472
0.29807728	0.22777799	0.21709415	0.25705058
