#M00218	MYB.Ph3
#p.cut	M00218	EpiUwRmapDNaseMobilized.CD3.Primary.Cells.SRX089240	0.01	0.05	0.1	0.25	0.5	0.75	0.9	0.95	0.99	
#p.Tcut2	M00218	EpiUwRmapDNaseMobilized.CD3.Primary.Cells.SRX089240	15.83	17.48	18.23	19.33	20.43	21.52	22.62	23.37	25.02	
#p.Tcut2b	M00218	EpiUwRmapDNaseMobilized.CD3.Primary.Cells.SRX089240	10.49	12.14	12.89	13.98	15.08	16.18	17.28	18.03	19.68	
A	C	G	T
0.3525563	0.18031041	0.18244066	0.28469264
0.67946036	1e-06	0.04906753	0.27147111
0.54095318	0.03188516	0.2097019	0.21745975
0.78197879	0.01628927	0.10504453	0.09668741
0.94440856	0.00819309	0.03180435	0.015594
0.87860589	0.01638518	0.06440041	0.04060853
0.82239316	0.00788015	0.10494033	0.06478637
0.01569669	0.92831	1e-06	0.05599231
0.2903503	0.19488462	0.31535882	0.19940626
0.04852962	1e-06	0.95146838	1e-06
0.00819309	0.02389844	1e-06	0.96790747
0.00819309	0.00819309	1e-06	0.98361282
0.97585046	1e-06	0.00776336	0.01638518
0.08084995	0.49206494	0.08128107	0.34580405
0.3525563	0.18031041	0.18244066	0.28469264
