#M00205	GR
#p.cut	M00205	OpenChromDnaseIshikawaEst10nm30m	0.01	0.05	0.1	0.25	0.5	0.75	0.9	0.95	0.99	
#p.Tcut2	M00205	OpenChromDnaseIshikawaEst10nm30m	14.22	15.87	16.61	17.71	18.81	19.91	21.01	21.76	23.41	
#p.Tcut2b	M00205	OpenChromDnaseIshikawaEst10nm30m	13.4	15.05	15.8	16.9	18	19.1	20.19	20.94	22.59	
A	C	G	T
0.2308548	0.24584309	0.235363	0.28793911
0.02310149	0.02983095	0.58343758	0.36362999
0.03567137	0.0064157	0.68921834	0.26869459
0.00641555	0.29980846	0.12483128	0.56894471
0.89827182	0.01638527	0.02303204	0.06231088
0.00981816	0.86884974	0.00969226	0.11163985
0.70550726	0.2520753	0.03264885	0.00976859
0.60646287	0.10127977	0.20989444	0.08236293
0.34216406	0.07496427	0.2529605	0.32991117
0.21602042	0.50531533	0.27535404	0.00331021
0.06877081	0.00333332	0.01302914	0.91486672
0.00664029	0.01947028	0.96388621	0.01000323
1e-06	0.01637113	1e-06	0.98362687
0.00332743	0.30968484	0.07498844	0.61199929
0.00332874	0.97023648	1e-06	0.02643379
0.00652951	0.01585454	1e-06	0.97761495
0.01629242	0.14201426	0.51134412	0.3303492
0.2308548	0.24584309	0.235363	0.28793911
