#M00230	Skn-1
#p.cut	M00230	EpiUwRmapDNaseCD56.Primary.Cells.SRX040412	0.01	0.05	0.1	0.25	0.5	0.75	0.9	0.95	0.99	
#p.Tcut2	M00230	EpiUwRmapDNaseCD56.Primary.Cells.SRX040412	16.81	18.46	19.2	20.3	21.4	22.5	23.6	24.35	26	
#p.Tcut2b	M00230	EpiUwRmapDNaseCD56.Primary.Cells.SRX040412	11.49	13.14	13.89	14.99	16.09	17.19	18.28	19.03	20.68	
A	C	G	T
0.31827805	0.20465773	0.14431898	0.33274524
0.02756641	0.92654203	0.01858386	0.0273077
0.71426932	0.00843738	0.02782707	0.24946623
0.09055621	1e-06	0.02787528	0.88156751
0.00929233	0.06400106	1e-06	0.9267056
0.98141554	1e-06	0.00929103	0.00929243
0.00929228	1e-06	1e-06	0.99070572
1e-06	0.98196807	1e-06	0.01802993
0.97259126	0.00929241	0.00929175	0.00882458
0.00928827	1e-06	0.0091606	0.98155013
1e-06	0.67001543	0.10942217	0.2205614
0.85251359	0.11961027	0.00929243	0.01858371
0.39380486	0.00928827	0.00915704	0.58774982
0.31827805	0.20465773	0.14431898	0.33274524
