#M00213	RAP1
#p.cut	M00213	UwDnaseHmvecdad	0.01	0.05	0.1	0.25	0.5	0.75	0.9	0.95	0.99	
#p.Tcut2	M00213	UwDnaseHmvecdad	14.46	16.11	16.86	17.96	19.06	20.16	21.25	22	23.65	
#p.Tcut2b	M00213	UwDnaseHmvecdad	12.12	13.77	14.52	15.62	16.72	17.81	18.91	19.66	21.31	
A	C	G	T
0.30572809	0.30285254	0.17575339	0.21566598
0.35468582	0.1497115	0.28553579	0.21006689
0.26227467	0.27274045	0.25399917	0.21098571
0.34168705	0.32925616	0.13726774	0.19178905
0.58998357	0.15596363	0.02463155	0.22942125
0.70150342	0.02477499	0.24864213	0.02507946
0.584398	0.3975014	0.01809959	1e-06
0.97545879	0.00589165	0.00627033	0.01237923
0.01257918	0.97527569	0.01214413	1e-06
0.01208592	0.97582736	1e-06	0.01208572
0.00599306	0.96934449	0.00629016	0.01837228
0.98124525	1e-06	0.01246356	0.00629019
0.21731178	0.05030326	0.41120538	0.32117958
0.88935413	0.04218796	0.06845691	1e-06
0.01257939	0.95605064	0.01257939	0.01879058
0.81477889	0.1485894	0.01825671	0.018375
0.03121008	0.48388451	0.00628935	0.47861607
0.12980319	0.40356333	0.0499479	0.41668558
0.16013158	0.2971925	0.25035245	0.29232347
0.3208467	0.21185263	0.2352029	0.23209778
0.19981131	0.27862343	0.22345575	0.29810951
0.29188177	0.23609262	0.25337676	0.21864885
0.23052521	0.34786869	0.13030934	0.29129676
0.24850222	0.24174108	0.22398862	0.28576808
0.26746272	0.29179254	0.17509574	0.26564899
0.29714561	0.27430031	0.19353424	0.23501984
0.26796288	0.335751	0.17390432	0.2223818
0.27229728	0.27996192	0.21809866	0.22964213
0.25372204	0.26756675	0.22998195	0.24872926
0.31548498	0.2874999	0.20925825	0.18775687
0.26750256	0.26208434	0.21077092	0.25964219
0.26023624	0.22453497	0.27289025	0.24233855
0.26783533	0.26683566	0.21011543	0.25521358
0.28062011	0.22252713	0.25500821	0.24184455
0.25582446	0.27328386	0.21814342	0.25274827
0.26591634	0.22424026	0.23603787	0.27380554
0.21130855	0.30542987	0.19807232	0.28518925
0.1988011	0.21182588	0.2408263	0.34854672
0.30572809	0.30285254	0.17575339	0.21566598
