#M00238	Barbie Box
#p.cut	M00238	EpiUwRmapDNaseMobilized.CD3.Primary.Cells.SRX089240	0.01	0.05	0.1	0.25	0.5	0.75	0.9	0.95	0.99	
#p.Tcut2	M00238	EpiUwRmapDNaseMobilized.CD3.Primary.Cells.SRX089240	15.24	16.89	17.64	18.74	19.84	20.94	22.04	22.78	24.43	
#p.Tcut2b	M00238	EpiUwRmapDNaseMobilized.CD3.Primary.Cells.SRX089240	12.57	14.22	14.97	16.07	17.17	18.27	19.36	20.11	21.76	
A	C	G	T
0.33586414	0.16723277	0.28571429	0.21118881
0.25195636	0.26547017	0.17631609	0.30625739
0.29674713	0.20978703	0.22927532	0.26419052
0.31963538	0.19701325	0.20768511	0.27566626
0.36254811	0.15350942	0.2762591	0.20768337
0.28322589	0.24341248	0.25333979	0.22002184
0.28302839	0.20898535	0.25521842	0.25276784
0.27185109	0.17571776	0.28856458	0.26386657
0.26301382	0.19606515	0.28795017	0.25297085
0.4382575	0.19841449	0.16534035	0.19798766
0.18669885	0.19724947	0.32871014	0.28734153
0.28432623	0.19839168	0.26459232	0.25268976
0.30779912	0.20887202	0.2326427	0.25068616
0.31986278	0.197062	0.23134211	0.25173311
0.33021854	0.13233438	0.25329776	0.28414932
0.27589904	0.18608815	0.28593697	0.25207585
0.42971204	0.25239017	0.17562679	0.142271
0.37343621	0.16644896	0.26377758	0.19633726
0.250539	0.23210223	0.32947174	0.18788703
0.83451984	0.0656655	0.03319145	0.06662321
0.07738368	1e-06	0.29688344	0.62573187
0.4197316	0.42727788	0.01106194	0.14192858
0.57058825	0.07588816	0.0656321	0.2878915
0.96787425	0.01002945	0.0220953	1e-06
0.999997	1e-06	1e-06	1e-06
0.98888804	1e-06	1e-06	0.01110996
0.02114088	1e-06	0.97885712	1e-06
0.01110996	0.77953051	0.19824988	0.01110964
0.4071114	0.03252511	0.05446744	0.50589605
0.02221891	0.01110996	0.9555612	0.01110993
0.27319653	0.01110996	0.71569251	1e-06
0.63928478	0.01110942	0.153025	0.1965808
0.07768369	1e-06	0.73758829	0.18472702
0.03288015	0.0110946	0.95602425	1e-06
0.34036383	0.19681594	0.23273278	0.23008744
0.4045155	0.16561191	0.21905246	0.21082012
0.34024836	0.15428392	0.26499546	0.24047226
0.28645524	0.11088357	0.27309976	0.32956143
0.32859335	0.14343869	0.30934944	0.21861853
0.30807044	0.15449431	0.28641036	0.25102489
0.37367955	0.15414841	0.26482799	0.20734405
0.28691648	0.24133381	0.29866933	0.17308037
0.28605109	0.18881863	0.27374224	0.25138804
0.27331511	0.19832858	0.29781928	0.23053704
0.30787461	0.19892124	0.29755283	0.19565131
0.3519481	0.1758509	0.25448217	0.21771883
0.24310675	0.20793845	0.19863897	0.35031584
0.33586414	0.16723277	0.28571429	0.21118881
