#M00244	NGFI-C
#p.cut	M00244	EpiUwRmapDNaseFetal.Renal.Pelvis.Left.SRX101005	0.01	0.05	0.1	0.25	0.5	0.75	0.9	0.95	0.99	
#p.Tcut2	M00244	EpiUwRmapDNaseFetal.Renal.Pelvis.Left.SRX101005	9.61	11.26	12.01	13.11	14.2	15.3	16.4	17.15	18.8	
#p.Tcut2b	M00244	EpiUwRmapDNaseFetal.Renal.Pelvis.Left.SRX101005	7.73	9.38	10.13	11.23	12.32	13.42	14.52	15.27	16.92	
A	C	G	T
0.16843388	0.23004478	0.43288988	0.16863145
0.41905752	0.03297937	0.33591303	0.21205008
0.11821166	0.15774762	0.25270569	0.47133503
0.02217109	0.01194531	0.95892509	0.00695851
0.05298965	0.89825591	0.01531739	0.03343705
0.02206342	0.01027858	0.96592082	0.00173718
0.00326851	0.01215043	0.31951859	0.66506247
0.09088192	0.00174372	0.90226783	0.00510653
0.00517162	0.00345503	0.98456919	0.00680416
0.00696823	0.00173798	0.98787712	0.00341667
0.25504018	0.48737199	0.01207357	0.24551427
0.01356443	0.01219215	0.96397055	0.01027288
0.01039382	0.00342312	0.84552197	0.1406611
0.16843388	0.23004478	0.43288988	0.16863145
