#M00279	MIF-1
#p.cut	M00279	EpiUwRmapDNaseFetal.Kidney.SRX201829	0.01	0.05	0.1	0.25	0.5	0.75	0.9	0.95	0.99	
#p.Tcut2	M00279	EpiUwRmapDNaseFetal.Kidney.SRX201829	10.54	12.19	12.94	14.04	15.13	16.23	17.33	18.08	19.73	
#p.Tcut2b	M00279	EpiUwRmapDNaseFetal.Kidney.SRX201829	11.45	13.11	13.85	14.95	16.05	17.15	18.25	18.99	20.64	
A	C	G	T
0.21859606	0.26457307	0.28027504	0.23655583
0.10457202	0.3903784	0.18709859	0.31795099
0.2357544	0.19862193	0.31010564	0.25551803
0.01787393	0.01761445	0.94476233	0.01974929
0.0056683	0.04744656	0.06117092	0.88571422
0.00787318	0.02009018	0.00995918	0.96207746
0.02165094	0.11270202	0.84198621	0.02366082
0.0040192	0.9821297	0.00199526	0.01185585
0.11182376	0.13580937	0.01957633	0.73279053
0.59219968	0.05325708	0.05573179	0.29881146
0.24371687	0.00193573	0.74639873	0.00794866
0.00584399	0.00382369	0.98431212	0.0060202
0.0535318	0.70514223	0.01586855	0.22545743
0.85773992	0.074955	0.0377771	0.02952798
0.94821443	0.0040192	0.03387117	0.01389521
0.01771711	0.95131137	0.00769939	0.02327213
0.26255149	0.26318652	0.20930612	0.26495587
0.08751034	0.13549373	0.62663865	0.15035728
0.03568303	0.37173036	0.43842947	0.15415714
0.21859606	0.26457307	0.28027504	0.23655583
