#M00285	TCF11
#p.cut	M00285	UwDnaseH7esDiffa14d	0.01	0.05	0.1	0.25	0.5	0.75	0.9	0.95	0.99	
#p.Tcut2	M00285	UwDnaseH7esDiffa14d	14.59	16.24	16.99	18.09	19.19	20.29	21.38	22.13	23.78	
#p.Tcut2b	M00285	UwDnaseH7esDiffa14d	13.05	14.7	15.45	16.55	17.64	18.74	19.84	20.59	22.24	
A	C	G	T
0.23830815	0.2068318	0.25422516	0.30063489
0.34542239	0.07544799	0.21902631	0.36010332
0.02755462	0.00483218	0.96277905	0.00483415
0.00483218	0.02393674	0.00483415	0.96639693
1e-06	0.99038886	0.00483395	0.00477619
0.98549756	0.00483415	0.00966729	1e-06
0.0048085	0.02855584	1e-06	0.96663466
1e-06	0.07420934	0.02310051	0.90268915
0.0141387	0.30521806	1e-06	0.68064224
0.00965485	0.03820732	0.00966724	0.9424706
0.189572	0.00483415	0.58732905	0.2182648
0.01902891	0.07595243	0.70589802	0.19912065
0.38229148	0.48450575	0.09024527	0.0429575
0.60011655	0.09094438	0.09505598	0.21388309
0.02859335	0.0526053	0.90913602	0.00966532
0.23830815	0.2068318	0.25422516	0.30063489
