#M00254	CCAAT box
#p.cut	M00254	OpenChromDnaseT47dEst10nm30m	0.01	0.05	0.1	0.25	0.5	0.75	0.9	0.95	0.99	
#p.Tcut2	M00254	OpenChromDnaseT47dEst10nm30m	13.25	14.9	15.64	16.74	17.84	18.94	20.04	20.79	22.44	
#p.Tcut2b	M00254	OpenChromDnaseT47dEst10nm30m	13.4	15.05	15.79	16.89	17.99	19.09	20.19	20.93	22.59	
A	C	G	T
0.26219166	0.28211214	0.23594206	0.21975414
0.25503871	0.4839373	0.01572192	0.24530207
0.04804766	0.61623263	0.06640407	0.26931563
0.00203048	0.1989246	0.00733748	0.79170744
0.60056678	0.00213786	0.3962249	0.00107046
0.02228492	0.00320939	0.96927597	0.00522972
0.0019762	0.99488107	0.00106001	0.00208272
0.00305575	0.99283412	0.00106615	0.00304398
0.99678996	1e-06	0.00320804	1e-06
0.98097182	0.00213985	0.01375993	0.00312839
0.00515167	0.00618769	0.00311384	0.9855468
0.00618948	0.85233006	0.13401866	0.0074618
0.97802903	0.00102909	0.01888279	0.0020591
0.14896094	0.18473863	0.56702764	0.09927279
0.50199313	0.18701599	0.16774029	0.14325059
0.3051369	0.11247041	0.36815647	0.21423622
0.26219166	0.28211214	0.23594206	0.21975414
