#M00211	Poly A downstream element
#p.cut	M00211	EpiUwRmapDNaseMobilized.CD3.Primary.Cells.SRX089240	0.01	0.05	0.1	0.25	0.5	0.75	0.9	0.95	0.99	
#p.Tcut2	M00211	EpiUwRmapDNaseMobilized.CD3.Primary.Cells.SRX089240	14.12	15.77	16.51	17.61	18.71	19.81	20.91	21.66	23.31	
#p.Tcut2b	M00211	EpiUwRmapDNaseMobilized.CD3.Primary.Cells.SRX089240	13.49	15.14	15.89	16.99	18.09	19.19	20.29	21.03	22.68	
A	C	G	T
0.19342404	0.24565382	0.25676493	0.30415722
0.00375142	0.00750335	0.00375012	0.9849951
0.01499779	0.01471428	0.97028693	1e-06
1e-06	0.01491745	1e-06	0.98508055
0.01841722	1e-06	0.97782911	0.00375268
0.01093745	0.00371697	0.98180332	0.00354226
0.00375178	0.01869887	1e-06	0.97754836
0.00374525	0.97401878	0.0073002	0.01493577
1e-06	0.01497223	0.00746865	0.97755812
0.010672	0.96758613	0.01109534	0.01064653
0.26192191	0.28627343	0.08091815	0.37088651
0.19342404	0.24565382	0.25676493	0.30415722
