#M00228	VBP
#p.cut	M00228	UwDnaseCaco2	0.01	0.05	0.1	0.25	0.5	0.75	0.9	0.95	0.99	
#p.Tcut2	M00228	UwDnaseCaco2	15.61	17.26	18.01	19.11	20.21	21.31	22.41	23.15	24.8	
#p.Tcut2b	M00228	UwDnaseCaco2	11.49	13.14	13.89	14.99	16.09	17.19	18.29	19.03	20.68	
A	C	G	T
0.29978261	0.19565217	0.20152174	0.30304348
0.29209337	0.18560246	0.34928569	0.17301849
0.29392707	0.17401098	0.19633124	0.33573071
0.32485264	0.25063435	0.174359	0.25015401
0.29296751	0.20444663	0.21784459	0.28474127
0.41129519	0.07660913	0.21891164	0.29318404
0.02147264	1e-06	0.96842814	0.01009823
1e-06	0.02105953	0.01075619	0.96818328
1e-06	1e-06	1e-06	0.999997
0.96833742	1e-06	0.02059366	0.01106792
1e-06	0.93517807	1e-06	0.06481993
0.74788628	0.01106792	0.2410448	1e-06
0.01106792	1e-06	0.01009823	0.97883285
0.96909294	0.02038351	1e-06	0.01052256
0.98947544	1e-06	1e-06	0.01052256
1e-06	0.05429252	0.01009823	0.93560825
0.29978261	0.19565217	0.20152174	0.30304348
