#M00215	SRF
#p.cut	M00215	EpiUwRmapDNaseiPS.DF.197.Cell.Line.SRX040376	0.01	0.05	0.1	0.25	0.5	0.75	0.9	0.95	0.99	
#p.Tcut2	M00215	EpiUwRmapDNaseiPS.DF.197.Cell.Line.SRX040376	12.12	13.77	14.51	15.61	16.71	17.81	18.91	19.66	21.31	
#p.Tcut2b	M00215	EpiUwRmapDNaseiPS.DF.197.Cell.Line.SRX040376	11.91	13.56	14.31	15.41	16.51	17.61	18.7	19.45	21.1	
A	C	G	T
0.2486585	0.24845012	0.24469914	0.25819224
0.2107752	0.01743986	0.46696234	0.3048226
0.0029067	0.98868075	0.00550081	0.00291174
1e-06	0.99127077	1e-06	0.00872723
0.45043929	0.051658	0.00559617	0.49230655
0.12594488	0.00845342	1e-06	0.8656007
0.80908245	0.00291174	0.03686883	0.15113698
0.01452188	0.07136102	0.00849738	0.90561972
0.82928859	0.00843198	0.01118033	0.1510991
0.31028419	0.02013291	0.0055504	0.6640325
0.00839829	1e-06	0.98868897	0.00291174
0.00582248	0.00288331	0.9912932	1e-06
0.28966974	0.42760125	0.21425019	0.06847882
0.10040377	0.79407666	0.08271553	0.02280403
0.7277348	0.05477093	0.00562959	0.21186469
0.05954866	0.18266151	0.3196589	0.43813093
0.2486585	0.24845012	0.24469914	0.25819224
