#M00294	HFH8 (FOXF1A)
#p.cut	M00294	UwDnaseCaco2	0.01	0.05	0.1	0.25	0.5	0.75	0.9	0.95	0.99	
#p.Tcut2	M00294	UwDnaseCaco2	17.59	19.24	19.98	21.08	22.18	23.28	24.38	25.13	26.78	
#p.Tcut2b	M00294	UwDnaseCaco2	10.41	12.07	12.81	13.91	15.01	16.11	17.21	17.95	19.6	
A	C	G	T
0.2643031	0.16402921	0.17985393	0.39181376
0.30663264	0.54079256	0.10497384	0.04760096
0.43264361	0.03994582	0.04042662	0.48698394
0.12015234	0.02465594	0.01630323	0.83888849
1e-06	0.02461301	0.00771212	0.96767387
0.05623609	0.00819874	0.92738348	0.00818169
1e-06	0.00820922	1e-06	0.99178878
0.00764002	0.00780908	1e-06	0.9845499
0.00822033	1e-06	1e-06	0.99177767
0.96778939	0.0082187	0.02399092	1e-06
1e-06	0.00822033	1e-06	0.99177767
0.45907618	0.00821081	0.0315093	0.50120371
1e-06	0.05620972	1e-06	0.94378828
0.41011294	1e-06	0.58197891	0.00790715
0.2643031	0.16402921	0.17985393	0.39181376
