#M00266	Croc
#p.cut	M00266	EpiUwRmapDNaseCD14.Primary.Cells.SRX040416	0.01	0.05	0.1	0.25	0.5	0.75	0.9	0.95	0.99	
#p.Tcut2	M00266	EpiUwRmapDNaseCD14.Primary.Cells.SRX040416	20.19	21.84	22.59	23.69	24.79	25.89	26.99	27.73	29.38	
#p.Tcut2b	M00266	EpiUwRmapDNaseCD14.Primary.Cells.SRX040416	9.54	11.19	11.94	13.04	14.14	15.23	16.33	17.08	18.73	
A	C	G	T
0.41085714	0.13	0.16628571	0.29285714
0.71910285	0.04834047	0.00811802	0.22443866
0.85676171	1e-06	0.00811802	0.13511927
0.77497525	0.08032816	0.0642065	0.08049009
0.95975946	0.01623503	0.0240045	1e-06
0.88787382	0.00811767	0.09589049	0.00811802
1e-06	0.00811802	0.00811802	0.98376297
0.98376297	1e-06	0.01623503	1e-06
0.97629776	1e-06	0.00799587	0.01570537
0.9759015	1e-06	0.0240965	1e-06
0.01605244	0.01612174	0.00809723	0.95972859
0.96806952	0.00781343	0.02411604	1e-06
1e-06	0.03892971	0.17639588	0.78467342
0.50192645	0.05603168	0.06381065	0.37823122
0.47212164	0.12008475	0.08076829	0.32702533
0.08706687	0.03246907	0.31995127	0.5605128
0.31064479	0.05545526	0.59363012	0.04026983
0.41085714	0.13	0.16628571	0.29285714
