#M00263	StuAp
#p.cut	M00263	EpiUwRmapDNaseFetal.Spinal.Cord.SRX201826	0.01	0.05	0.1	0.25	0.5	0.75	0.9	0.95	0.99	
#p.Tcut2	M00263	EpiUwRmapDNaseFetal.Spinal.Cord.SRX201826	6.34	7.99	8.73	9.83	10.93	12.03	13.13	13.88	15.53	
#p.Tcut2b	M00263	EpiUwRmapDNaseFetal.Spinal.Cord.SRX201826	6.64	8.29	9.04	10.14	11.24	12.34	13.44	14.18	15.83	
A	C	G	T
0.20901587	0.32888889	0.29561905	0.16647619
0.26351604	0.44193154	0.28498112	0.0095713
0.8533282	0.01569783	0.02555095	0.10542301
0.42740192	0.0286161	0.02544951	0.51853248
0.01880787	0.94321083	0.01283079	0.0251505
0.01895022	0.01290253	0.95535064	0.01279662
0.00636804	0.95615496	0.00931126	0.02816574
0.02875531	0.00322662	0.96156844	0.00644964
0.487086	0.11050601	0.02877808	0.37362991
0.14943678	0.55153695	0.28625919	0.01276708
0.33113628	0.59627917	0.00644255	0.066142
0.20901587	0.32888889	0.29561905	0.16647619
