#M00257	RREB-1
#p.cut	M00257	EpiUwRmapDNaseCD14.Primary.Cells.SRX055205	0.01	0.05	0.1	0.25	0.5	0.75	0.9	0.95	0.99	
#p.Tcut2	M00257	EpiUwRmapDNaseCD14.Primary.Cells.SRX055205	16.51	18.16	18.9	20	21.1	22.2	23.3	24.05	25.7	
#p.Tcut2b	M00257	EpiUwRmapDNaseCD14.Primary.Cells.SRX055205	10	11.65	12.4	13.5	14.6	15.69	16.79	17.54	19.19	
A	C	G	T
0.22502955	0.44759653	0.16036249	0.16701143
0.22621064	0.27876455	0.25774734	0.23727747
0.22082787	0.30829674	0.20794173	0.26293366
0.20778326	0.27917086	0.27909757	0.23394831
0.21018628	0.30559599	0.24978983	0.2344279
0.23961325	0.27662181	0.2607734	0.22299154
0.20566118	0.31403955	0.24163172	0.23866755
0.24533581	0.3077078	0.22553803	0.22141837
0.23388634	0.33188634	0.23196959	0.20225773
0.20273639	0.31858544	0.23171074	0.24696743
0.23401384	0.3244064	0.22904888	0.21253088
0.20760973	0.38258988	0.19148602	0.21831438
0.20999143	0.38542512	0.19941004	0.20517341
0.27655116	0.36237214	0.17769891	0.18337779
0.22153101	0.36467769	0.20347012	0.21032117
0.23139052	0.37470566	0.19147682	0.202427
0.20802241	0.45423257	0.1386215	0.19912352
0.19186997	0.46244707	0.16482783	0.18085513
0.1597254	0.4165073	0.1464419	0.27732539
0.19176891	0.39091829	0.18163901	0.23567379
0.18862639	0.38142818	0.16488598	0.26505945
0.08227308	0.89377632	1e-06	0.02394961
0.00246172	0.98176846	1e-06	0.01576883
0.01592248	0.96820636	0.0051434	0.01072775
0.00268267	0.99220407	1e-06	0.00511226
0.93090984	0.02670928	0.02630408	0.0160768
0.49810815	0.47029461	0.02360273	0.00799451
0.38236209	0.58031191	0.01594376	0.02138223
0.04793475	0.91241827	0.00804127	0.03160572
0.15976035	0.81922661	0.00268269	0.01833035
0.66226412	0.30322364	0.0160884	0.01842384
0.14064906	0.82990985	0.0134091	0.016032
0.0934128	0.88782268	0.01340041	0.00536411
0.12699058	0.84383523	0.01340944	0.01576475
0.12259824	0.79486144	0.02915992	0.0533804
0.30088907	0.35640901	0.13307131	0.20963061
0.22832429	0.36972706	0.2235028	0.17844585
0.2126808	0.37523925	0.20474185	0.2073381
0.19680579	0.42785854	0.17028518	0.2050505
0.24433236	0.34261542	0.18089545	0.23215677
0.22888685	0.41197577	0.20513029	0.15400709
0.22373632	0.37000736	0.21203087	0.19422545
0.24110749	0.31480776	0.2133294	0.23075535
0.23703498	0.34812859	0.22838733	0.1864491
0.16495005	0.34823804	0.24689879	0.23991312
0.2204153	0.33016833	0.22835184	0.22106453
0.19393616	0.35441003	0.20932453	0.24232928
0.25987798	0.29490546	0.19981486	0.2454017
0.20970801	0.34311344	0.22600142	0.22117713
0.27379309	0.33247675	0.21838983	0.17534032
0.25041317	0.28975954	0.23951522	0.22031207
0.1965127	0.29563845	0.26126185	0.246587
0.22502955	0.44759653	0.16036249	0.16701143
