#M00222	Hand1:E47
#p.cut	M00222	UwDnaseH7esDiffa14d	0.01	0.05	0.1	0.25	0.5	0.75	0.9	0.95	0.99	
#p.Tcut2	M00222	UwDnaseH7esDiffa14d	14.35	16	16.74	17.84	18.94	20.04	21.14	21.89	23.54	
#p.Tcut2b	M00222	UwDnaseH7esDiffa14d	13.48	15.13	15.88	16.98	18.08	19.18	20.27	21.02	22.67	
A	C	G	T
0.227623	0.21806461	0.2686722	0.28564019
0.4596844	0.1870046	0.08758057	0.26573043
0.42409643	0.12062045	0.11579885	0.33948428
0.22831405	0.01655224	0.25322223	0.50191148
0.04160832	0.029115	0.66439055	0.26488612
0.07041323	0.01220502	0.90914478	0.00823697
0.09572304	0.3114447	0.32634231	0.26648996
0.3069356	0.00817473	0.65590345	0.02898621
0.00409928	0.02005526	0.00789868	0.96794678
0.00816645	0.97077418	0.01265485	0.00840451
0.00418711	0.01610116	1e-06	0.97971073
0.01651996	1e-06	0.9794108	0.00406824
1e-06	1e-06	0.999997	1e-06
0.36586305	0.55533268	0.01648789	0.06231638
0.57287413	0.01260187	0.01685497	0.39766903
0.09976512	0.04582388	0.01265432	0.84175669
0.04543186	0.09465792	0.02450206	0.83540816
0.227623	0.21806461	0.2686722	0.28564019
