#M00239	v-ErbA
#p.cut	M00239	UwDgfHmvecb	0.01	0.05	0.1	0.25	0.5	0.75	0.9	0.95	0.99	
#p.Tcut2	M00239	UwDgfHmvecb	13.59	15.24	15.99	17.08	18.18	19.28	20.38	21.13	22.78	
#p.Tcut2b	M00239	UwDgfHmvecb	13.71	15.36	16.11	17.21	18.31	19.41	20.5	21.25	22.9	
A	C	G	T
0.24029018	0.24782366	0.28370536	0.2281808
0.13991999	0.45436838	0.39619863	0.009513
0.47352706	0.15954862	0.10329824	0.26362607
0.16327901	0.30941212	0.39357758	0.13373129
0.00304528	0.01856818	0.00634233	0.97204421
0.14651124	0.02161273	0.82248527	0.00939075
0.97821409	0.00634193	0.01544297	1e-06
0.01580652	0.00317167	0.97150955	0.00951226
0.0093457	0.00317167	0.98748163	1e-06
1e-06	0.01540383	1e-06	0.98459417
0.00629457	0.98419427	0.00317162	0.00633954
0.96249471	0.00633766	0.02799601	0.00317162
0.07155117	0.67852761	0.0063423	0.24357893
0.18020062	0.14723124	0.46890258	0.20366556
0.05572692	0.40779262	0.52388346	0.01259699
0.23758277	0.36192063	0.15704458	0.24345202
0.38802579	0.30962891	0.1896324	0.11271291
0.24029018	0.24782366	0.28370536	0.2281808
