#M00229	Skn-1
#p.cut	M00229	UwDnaseH1hesc	0.01	0.05	0.1	0.25	0.5	0.75	0.9	0.95	0.99	
#p.Tcut2	M00229	UwDnaseH1hesc	13.6	15.25	15.99	17.09	18.19	19.29	20.39	21.14	22.79	
#p.Tcut2b	M00229	UwDnaseH1hesc	12.12	13.77	14.52	15.61	16.71	17.81	18.91	19.66	21.31	
A	C	G	T
0.2425302	0.26605213	0.20104895	0.29036872
1e-06	0.47997757	1e-06	0.52002043
0.9509476	0.0084295	0.0406219	1e-06
0.51144837	0.01676009	0.00842951	0.46336203
1e-06	0.01685801	0.00842951	0.97471149
0.0084295	1e-06	0.9915685	1e-06
1e-06	0.00842951	0.0084295	0.98313999
0.00762848	0.96773233	0.00842951	0.01620969
0.9840531	1e-06	0.0159449	1e-06
1e-06	0.00842951	1e-06	0.99156849
0.01685801	0.93290608	0.01681121	0.0334247
0.29585905	0.67121775	0.00838271	0.0245405
0.31429053	0.15723157	0.03371262	0.49476528
0.2425302	0.26605213	0.20104895	0.29036872
