#M00203	GATA-X
#p.cut	M00203	OpenChromDnaseIshikawaTam10030	0.01	0.05	0.1	0.25	0.5	0.75	0.9	0.95	0.99	
#p.Tcut2	M00203	OpenChromDnaseIshikawaTam10030	16.12	17.78	18.52	19.62	20.72	21.82	22.92	23.66	25.32	
#p.Tcut2b	M00203	OpenChromDnaseIshikawaTam10030	14.26	15.91	16.66	17.76	18.86	19.96	21.05	21.8	23.45	
A	C	G	T
0.32896419	0.20087383	0.23689258	0.23326939
0.9620089	1e-06	0.02752821	0.01046189
0.01631323	1e-06	0.98368477	1e-06
0.96165788	1e-06	0.03834012	1e-06
1e-06	0.01658706	0.01066764	0.9727443
0.97788129	1e-06	0.02211671	1e-06
0.97362371	1e-06	0.02103898	0.00533632
0.0106942	1e-06	0.9893038	1e-06
0.11996697	0.0103011	0.65767504	0.2120569
0.28715666	0.69701914	0.01040724	0.00541696
0.01092201	0.98907599	1e-06	1e-06
0.20639241	0.10325181	0.01092201	0.67943377
0.32896419	0.20087383	0.23689258	0.23326939
