#M00349	GATA-2
#p.cut	M00349	OpenChromDnaseK562	0.01	0.05	0.1	0.25	0.5	0.75	0.9	0.95	0.99	
#p.Tcut2	M00349	OpenChromDnaseK562	16.6	18.25	19	20.1	21.2	22.29	23.39	24.14	25.79	
#p.Tcut2b	M00349	OpenChromDnaseK562	12.56	14.21	14.95	16.05	17.15	18.25	19.35	20.09	21.75	
A	C	G	T
0.3519103	0.16448505	0.26893688	0.21466777
0.95632073	0.00249899	0.03219936	0.00898092
0.01328971	0.01759086	0.96420626	0.00491318
0.98364645	0.00322373	0.00568219	0.00744763
0.006405	0.00080415	0.9911714	0.00161945
0.98633322	0.00394882	0.00971696	1e-06
0.00165031	0.01313465	0.0138117	0.97140334
0.98523496	0.00156794	0.01066386	0.00253323
0.97773258	0.00162554	0.0123788	0.00826307
0.01480168	0.00894457	0.97301155	0.0032422
0.96617313	0.00829249	0.02218864	0.00334575
0.3519103	0.16448505	0.26893688	0.21466777
