#M00310	APOLYA
#p.cut	M00310	UwDnaseH7esDiffa14d	0.01	0.05	0.1	0.25	0.5	0.75	0.9	0.95	0.99	
#p.Tcut2	M00310	UwDnaseH7esDiffa14d	16.87	18.52	19.27	20.37	21.47	22.57	23.67	24.41	26.06	
#p.Tcut2b	M00310	UwDnaseH7esDiffa14d	12.66	14.31	15.05	16.15	17.25	18.35	19.45	20.2	21.85	
A	C	G	T
0.30934699	0.21869398	0.18284251	0.28911652
0.98565025	1e-06	0.01434775	1e-06
0.88671393	0.02131468	0.01345803	0.07851336
0.02805525	0.01415682	0.00712912	0.95065881
0.97162896	0.00711637	0.02125367	1e-06
0.98564968	0.0071763	1e-06	0.00717302
0.97961139	0.00666673	0.01372088	1e-06
0.12026489	0.44778603	0.15632306	0.27562603
0.20382256	0.04151392	0.47350131	0.28116222
0.03516098	0.76837852	0.18270025	0.01376024
0.00676971	0.95770415	1e-06	0.03552514
0.25310036	0.25356188	0.07731063	0.41602713
0.4940878	0.05669843	0.06263377	0.38658
0.0071763	0.03540739	1e-06	0.95741531
0.0071763	0.01435103	0.00677631	0.97169637
0.03516874	0.08418073	0.20426618	0.67638435
0.30934699	0.21869398	0.18284251	0.28911652
