#M00369	TAF-1
#p.cut	M00369	UwDnaseTh17	0.01	0.05	0.1	0.25	0.5	0.75	0.9	0.95	0.99	
#p.Tcut2	M00369	UwDnaseTh17	11.19	12.84	13.58	14.68	15.78	16.88	17.98	18.73	20.38	
#p.Tcut2b	M00369	UwDnaseTh17	11.29	12.94	13.69	14.79	15.89	16.99	18.09	18.83	20.48	
A	C	G	T
0.19015773	0.32037855	0.30662461	0.18283912
0.1103358	0.00928576	0.87719192	0.00318653
0.04690087	0.9342918	0.00942959	0.00937774
0.0029201	0.98115226	1e-06	0.01592664
0.98456313	0.00318653	0.00933024	0.0029201
1e-06	0.95986738	0.00318623	0.03694539
0.02831225	0.00318653	0.9653147	0.00318653
0.00924664	0.01874845	0.00637205	0.96563286
0.00318653	0.09758407	0.8992284	1e-06
0.45326721	1e-06	0.4740403	0.07269149
1e-06	0.89604845	0.01274311	0.09120744
0.19015773	0.32037855	0.30662461	0.18283912
