#M00334	D-Type LTRs
#p.cut	M00334	UwDnaseCaco2	0.01	0.05	0.1	0.25	0.5	0.75	0.9	0.95	0.99	
#p.Tcut2	M00334	UwDnaseCaco2	14.6	16.25	16.99	18.09	19.19	20.29	21.39	22.14	23.79	
#p.Tcut2b	M00334	UwDnaseCaco2	11.22	12.87	13.62	14.72	15.82	16.92	18.02	18.76	20.41	
A	C	G	T
0.32108108	0.23216216	0.18418919	0.26256757
0.7492065	1e-06	0.2507915	1e-06
1e-06	0.97940894	0.0136924	0.00689766
1e-06	0.98696603	1e-06	0.01303197
0.97363329	1e-06	0.02636471	1e-06
0.00674571	0.02701996	1e-06	0.96623333
1e-06	0.00632321	0.01255333	0.98112246
0.96658451	0.01373878	0.01967572	1e-06
0.98622279	0.00689683	0.00687938	1e-06
0.96701906	0.0132777	0.01970223	1e-06
0.0206819	0.61725767	1e-06	0.36205943
0.32108108	0.23216216	0.18418919	0.26256757
