#M00325	NRSE
#p.cut	M00325	EpiUwRmapDNaseFetal.Muscle.Arm.SRX121245	0.01	0.05	0.1	0.25	0.5	0.75	0.9	0.95	0.99	
#p.Tcut2	M00325	EpiUwRmapDNaseFetal.Muscle.Arm.SRX121245	13.02	14.67	15.42	16.51	17.61	18.71	19.81	20.56	22.21	
#p.Tcut2b	M00325	EpiUwRmapDNaseFetal.Muscle.Arm.SRX121245	13.3	14.95	15.69	16.79	17.89	18.99	20.09	20.83	22.49	
A	C	G	T
0.23724265	0.30202719	0.26874422	0.19198593
0.11927496	0.08990454	0.1387625	0.652058
0.01087062	0.0659469	0.07175089	0.85143159
0.00547811	0.940441	0.00398292	0.05009797
0.98377614	0.00535184	0.00950323	0.00136879
0.0027828	1e-06	0.9882833	0.00893289
0.07701895	0.73775188	0.11438741	0.07084176
0.96416222	0.0027678	0.00266098	0.03040901
0.00390393	0.97744036	0.00670073	0.01195498
0.01217952	0.95099676	0.00825052	0.02857321
0.58199988	0.05635598	0.13333403	0.22831011
0.16905806	0.33018827	0.09847234	0.40228133
0.0231822	0.00913308	0.96495968	0.00272504
0.01643537	0.0132119	0.96908545	0.00126729
0.91714734	0.03165639	0.01053084	0.04066543
0.00825975	0.77712853	0.18985113	0.0247606
0.98120413	0.0081625	0.00402505	0.00660833
0.00948598	0.0039812	0.97191118	0.01462163
0.12739086	0.61136849	0.06598923	0.19525141
0.2138204	0.02451853	0.49375981	0.26790127
0.10235614	0.65620041	0.17522013	0.06622332
0.08118226	0.79491875	0.01093878	0.11296021
0.2939584	0.38684932	0.0796003	0.23959198
0.23724265	0.30202719	0.26874422	0.19198593
