#M00340	c-Ets-2
#p.cut	M00340	EpiUwRmapDNaseCD3.Primary.Cells.SRX204362	0.01	0.05	0.1	0.25	0.5	0.75	0.9	0.95	0.99	
#p.Tcut2	M00340	EpiUwRmapDNaseCD3.Primary.Cells.SRX204362	15.35	17	17.75	18.85	19.94	21.04	22.14	22.89	24.54	
#p.Tcut2b	M00340	EpiUwRmapDNaseCD3.Primary.Cells.SRX204362	14.14	15.79	16.54	17.64	18.74	19.84	20.94	21.68	23.33	
A	C	G	T
0.29032994	0.19790037	0.27842984	0.23333985
0.24137126	0.01784152	0.53041726	0.21036996
0.67412189	0.00706089	0.31524048	0.00357675
0.00702536	0.95821448	0.02614046	0.0086197
0.98076451	0.00357675	0.01233208	0.00332667
0.00349284	1e-06	0.99488347	0.00162269
0.00519784	0.00348706	0.98963291	0.00168219
0.99295693	0.00169809	0.00534397	1e-06
0.99475832	0.00178729	0.00166552	0.00178887
0.12504813	1e-06	0.87494987	1e-06
0.00356363	0.09257158	0.00178887	0.90207592
0.37397704	0.14809125	0.4672214	0.01071031
0.43216649	0.29979145	0.09542791	0.17261415
0.01786946	0.19724079	0.30286042	0.48202933
0.04272741	0.0176311	0.0105513	0.92909018
0.29032994	0.19790037	0.27842984	0.23333985
