#M00376	TGA1a
#p.cut	M00376	OpenChromDnaseCerebellumoc	0.01	0.05	0.1	0.25	0.5	0.75	0.9	0.95	0.99	
#p.Tcut2	M00376	OpenChromDnaseCerebellumoc	11.16	12.81	13.56	14.65	15.75	16.85	17.95	18.7	20.35	
#p.Tcut2b	M00376	OpenChromDnaseCerebellumoc	11.74	13.39	14.14	15.24	16.34	17.43	18.53	19.28	20.93	
A	C	G	T
0.20522843	0.30893401	0.29081218	0.19502538
0.00739772	0.75944181	0.22037433	0.01278615
0.32166848	0.04306559	0.0051327	0.63013323
0.00237655	0.98244876	0.00511716	0.01005754
0.98738872	1e-06	0.00750614	0.00510414
1e-06	0.96204051	0.01261936	0.02533913
0.04229378	0.00983509	0.94045848	0.00741265
1e-06	0.0101397	1e-06	0.9898583
0.00765735	0.24642898	0.74334705	0.00256662
0.98747794	0.00256685	0.00255129	0.00740391
0.00763553	0.27213288	0.7000794	0.02015219
0.20522843	0.30893401	0.29081218	0.19502538
