#M00320	Muscle TATA box
#p.cut	M00320	EpiUwRmapDNaseMobilized.CD3.Primary.Cells.SRX089240	0.01	0.05	0.1	0.25	0.5	0.75	0.9	0.95	0.99	
#p.Tcut2	M00320	EpiUwRmapDNaseMobilized.CD3.Primary.Cells.SRX089240	10.73	12.38	13.13	14.22	15.32	16.42	17.52	18.27	19.92	
#p.Tcut2b	M00320	EpiUwRmapDNaseMobilized.CD3.Primary.Cells.SRX089240	10.61	12.26	13.01	14.11	15.21	16.3	17.4	18.15	19.8	
A	C	G	T
0.25282531	0.2645571	0.23689592	0.24572167
0.01861444	0.5507473	0.22828143	0.20235683
0.01836384	0.31809188	0.24649973	0.41704455
0.14135249	0.59411315	0.09907514	0.16545922
0.00620743	0.07373722	1e-06	0.92005435
0.52788915	0.01204064	0.03006344	0.43000677
0.00618688	0.01830862	0.00619844	0.96930605
0.9814787	0.006208	0.01231231	1e-06
0.97563074	1e-06	0.01210287	0.0122654
0.97531861	0.012415	0.006208	0.0060584
0.36766057	0.05491971	0.26414488	0.31327484
0.14149986	0.73538337	0.0120406	0.11107616
0.12152487	0.38608765	0.33978062	0.15260686
0.012415	0.54620828	0.20252506	0.23885167
0.05464712	0.34280265	0.47408346	0.12846677
0.37145708	0.16619709	0.443724	0.01862184
1e-06	0.50442124	0.39825647	0.09732129
0.04915023	0.34877279	0.47303434	0.12904265
0.25282531	0.2645571	0.23689592	0.24572167
