#M00368	CPRF-1
#p.cut	M00368	EpiUwRmapDNaseCD4.Primary.Cells.SRX204404	0.01	0.05	0.1	0.25	0.5	0.75	0.9	0.95	0.99	
#p.Tcut2	M00368	EpiUwRmapDNaseCD4.Primary.Cells.SRX204404	13.26	14.91	15.66	16.76	17.86	18.95	20.05	20.8	22.45	
#p.Tcut2b	M00368	EpiUwRmapDNaseCD4.Primary.Cells.SRX204404	12.68	14.33	15.08	16.17	17.27	18.37	19.47	20.22	21.87	
A	C	G	T
0.18159509	0.31533742	0.29779141	0.20527607
1e-06	1e-06	0.61958578	0.38041222
0.14117108	0.84658272	0.00622555	0.00602065
1e-06	0.9875479	0.00622555	0.00622555
0.9751119	0.012437	0.00622555	0.00622555
0.01243414	0.89572029	0.00622555	0.08562003
0.08551966	0.02486412	0.88961522	1e-06
0.00622555	0.03633915	0.0124421	0.9449932
0.02489915	0.00622532	0.96264998	0.00622555
0.0124501	0.00621755	0.83410437	0.14722798
1e-06	0.96922039	0.00619492	0.0245837
0.20774041	0.37457896	0.12961096	0.28806967
0.18159509	0.31533742	0.29779141	0.20527607
