#M00333	ZF5
#p.cut	M00333	EpiUwRmapDNaseFetal.Muscle.Arm.SRX121246	0.01	0.05	0.1	0.25	0.5	0.75	0.9	0.95	0.99	
#p.Tcut2	M00333	EpiUwRmapDNaseFetal.Muscle.Arm.SRX121246	10.36	12.01	12.76	13.86	14.96	16.06	17.15	17.9	19.55	
#p.Tcut2b	M00333	EpiUwRmapDNaseFetal.Muscle.Arm.SRX121246	6.79	8.44	9.18	10.28	11.38	12.48	13.58	14.32	15.98	
A	C	G	T
0.14775943	0.31217571	0.38929835	0.15076651
0.18949058	0.51408247	0.16089551	0.13553144
0.16374708	0.0249742	0.80656686	0.00471186
0.09138304	0.05800163	0.76046614	0.0901492
0.13150751	0.05630794	0.80741713	0.00476742
0.08483034	0.25155239	0.6402309	0.02338637
0.09298313	0.01721942	0.88054682	0.00925063
0.00159804	0.97478243	0.00314818	0.02047135
0.01244389	0.00296745	0.95524931	0.02933934
0.00629581	0.90800285	0.02825647	0.05744487
0.03545983	0.03909397	0.88631607	0.03913013
0.00313444	0.96566637	0.01420861	0.01699059
0.29492181	0.01243955	0.03766334	0.65497529
0.12646023	0.21494243	0.30176252	0.35683482
0.14775943	0.31217571	0.38929835	0.15076651
