#M00328	Pax-8
#p.cut	M00328	UwDnaseCaco2	0.01	0.05	0.1	0.25	0.5	0.75	0.9	0.95	0.99	
#p.Tcut2	M00328	UwDnaseCaco2	12.26	13.91	14.65	15.75	16.85	17.95	19.05	19.79	21.45	
#p.Tcut2b	M00328	UwDnaseCaco2	11.42	13.07	13.82	14.92	16.01	17.11	18.21	18.96	20.61	
A	C	G	T
0.27470407	0.22555327	0.248842	0.25090067
0.19502173	0.38168365	0.14239473	0.28089989
0.45551736	0.00759119	0.08362948	0.45326198
1e-06	0.85013473	0.14224504	0.00761924
0.74541869	0.06748541	0.01518749	0.17190841
0.02219083	0.2030094	0.55310798	0.22169179
0.18769621	0.10406688	0.01520409	0.69303282
0.20074828	0.53132763	0.17803007	0.08989402
0.5653689	0.05301128	0.03787478	0.34374504
0.09737225	0.07410656	1e-06	0.82852018
0.01523775	0.01452861	0.96261407	0.00761957
0.13436339	0.78308067	0.03730473	0.04525122
0.49684051	1e-06	0.48835018	0.0148083
1e-06	0.00761986	0.00761986	0.98475928
0.03047366	1e-06	0.96190548	0.00761986
0.85263761	0.01468346	0.13267793	1e-06
0.43045369	0.01461179	0.45059655	0.10433797
0.34030149	0.11293944	0.13494617	0.41181291
0.17863483	0.18036307	0.06713457	0.57386752
0.32098515	0.41648761	0.20265854	0.0598687
0.27470407	0.22555327	0.248842	0.25090067
