#M00362	dTCF
#p.cut	M00362	EpiUwRmapDNaseFetal.Thymus.SRX100968	0.01	0.05	0.1	0.25	0.5	0.75	0.9	0.95	0.99	
#p.Tcut2	M00362	EpiUwRmapDNaseFetal.Thymus.SRX100968	15.96	17.61	18.35	19.45	20.55	21.65	22.75	23.5	25.15	
#p.Tcut2b	M00362	EpiUwRmapDNaseFetal.Thymus.SRX100968	12.82	14.47	15.21	16.31	17.41	18.51	19.61	20.36	22.01	
A	C	G	T
0.20687897	0.24424049	0.20326334	0.34561721
0.00240844	0.9761158	1e-06	0.02147476
0.00240844	0.98795982	0.00240844	0.0072233
0.00231658	0.01862141	0.00240844	0.97665356
0.00240835	0.02840584	0.00474944	0.96443636
1e-06	0.01185755	1e-06	0.98814045
0.01410352	0.00943715	0.97191762	0.00454171
0.96687538	0.0140941	0.01662207	0.00240844
0.00713135	0.01657183	0.00481588	0.97148094
0.09459679	0.37022711	0.27037861	0.26479749
1e-06	0.0329829	0.00240827	0.96460783
0.00239904	0.02394924	0.00943123	0.9642205
0.20687897	0.24424049	0.20326334	0.34561721
