#M00366	EmBP-1
#p.cut	M00366	OpenChromDnaseHsmmemb	0.01	0.05	0.1	0.25	0.5	0.75	0.9	0.95	0.99	
#p.Tcut2	M00366	OpenChromDnaseHsmmemb	11.5	13.15	13.9	15	16.1	17.19	18.29	19.04	20.69	
#p.Tcut2b	M00366	OpenChromDnaseHsmmemb	11.48	13.13	13.87	14.97	16.07	17.17	18.27	19.01	20.67	
A	C	G	T
0.17848665	0.31839763	0.32792285	0.17519288
0.25185435	0.15959553	0.42004022	0.1685099
0.01491545	0.00300277	0.96740937	0.01467241
0.01017203	0.96917943	0.00729944	0.0133491
0.00140539	0.9927684	1e-06	0.00582521
0.97788728	0.00438539	0.01622502	0.00150231
0.00750354	0.94845083	0.01200966	0.03203598
0.05613291	0.01178123	0.92470426	0.0073816
0.00750668	0.01481028	0.00599613	0.97168691
0.01030628	0.01189344	0.9733769	0.00442337
0.3180476	0.00150231	0.58886662	0.09158347
0.16128545	0.51789395	0.29994731	0.02087329
0.17848665	0.31839763	0.32792285	0.17519288
