#M00355	PBF
#p.cut	M00355	EpiUwRmapDNaseMobilized.CD3.Primary.Cells.SRX089240	0.01	0.05	0.1	0.25	0.5	0.75	0.9	0.95	0.99	
#p.Tcut2	M00355	EpiUwRmapDNaseMobilized.CD3.Primary.Cells.SRX089240	16.57	18.22	18.97	20.07	21.17	22.26	23.36	24.11	25.76	
#p.Tcut2b	M00355	EpiUwRmapDNaseMobilized.CD3.Primary.Cells.SRX089240	10.1	11.75	12.5	13.6	14.7	15.8	16.9	17.64	19.29	
A	C	G	T
0.40334162	0.1614195	0.21637669	0.21886219
0.95782529	1e-06	0.0071651	0.0350086
0.87399501	0.02140348	0.02077695	0.08382455
0.17849606	0.06414046	0.15550929	0.60185419
0.95729567	1e-06	0.0143292	0.02837412
0.98567066	0.00716372	0.00716462	1e-06
0.999997	1e-06	1e-06	1e-06
0.99311827	1e-06	1e-06	0.00687973
0.00716263	1e-06	0.98599768	0.00683869
0.22334603	0.48965096	0.01358062	0.27342239
0.04943474	1e-06	0.92907954	0.02148472
0.83639418	0.12124116	0.02803656	0.0143281
0.4208201	0.1563626	0.19042349	0.23239381
0.32293515	0.16147838	0.22701256	0.28857392
0.27944454	0.20402631	0.24090931	0.27561985
0.26717341	0.19866922	0.20297972	0.33117765
0.35610771	0.16321479	0.25508613	0.22559137
0.36881686	0.20772132	0.18409697	0.23936485
0.32479092	0.22443011	0.17597121	0.27480776
0.36743818	0.17441997	0.20510586	0.25303599
0.229822	0.17620706	0.3334556	0.26051533
0.40334162	0.1614195	0.21637669	0.21886219
