#M00378	Pax-4
#p.cut	M00378	OpenChromDnaseHsmmemb	0.01	0.05	0.1	0.25	0.5	0.75	0.9	0.95	0.99	
#p.Tcut2	M00378	OpenChromDnaseHsmmemb	16.55	18.2	18.95	20.04	21.14	22.24	23.34	24.09	25.74	
#p.Tcut2b	M00378	OpenChromDnaseHsmmemb	12.15	13.8	14.55	15.65	16.75	17.84	18.94	19.69	21.34	
A	C	G	T
0.2168283	0.42076262	0.17687899	0.18553009
0.59795259	0.31901544	0.06864105	0.01439092
0.9021337	0.04624519	0.042825	0.00879611
0.02292799	0.31496772	0.01154032	0.65056397
0.03173596	0.9114608	0.005863	0.05094024
0.01447488	0.83630219	0.00873092	0.14049201
0.00852074	0.89397657	0.00581327	0.09168941
0.00872951	0.97729208	1e-06	0.0139774
0.95943294	0.00861731	0.02333929	0.00861046
0.00582152	0.97681367	0.00584282	0.01152199
0.00291064	0.97697385	0.00291184	0.01720367
0.00293082	0.971148	0.00560149	0.0203197
0.01733615	0.81308607	0.11211577	0.05746201
0.2168283	0.42076262	0.17687899	0.18553009
