#M00399	ABF1
#p.cut	M00399	EpiUwRmapDNaseMobilized.CD3.Primary.Cells.SRX089240	0.01	0.05	0.1	0.25	0.5	0.75	0.9	0.95	0.99	
#p.Tcut2	M00399	EpiUwRmapDNaseMobilized.CD3.Primary.Cells.SRX089240	11.39	13.04	13.79	14.89	15.99	17.09	18.18	18.93	20.58	
#p.Tcut2b	M00399	EpiUwRmapDNaseMobilized.CD3.Primary.Cells.SRX089240	10.24	11.89	12.63	13.73	14.83	15.93	17.03	17.78	19.43	
A	C	G	T
0.19018817	0.28654234	0.35979503	0.16347446
0.03205931	0.26281786	0.6408095	0.06431332
0.2573457	0.31190812	0.07021885	0.36052733
0.11928203	0.47250445	0.31652014	0.09169338
0.06395621	0.22605356	0.54358494	0.1664053
0.22414437	0.24683441	0.30704695	0.22197426
0.15046361	0.2534721	0.46733343	0.12873086
0.15039504	0.11850944	0.65567809	0.07541743
0.04252797	0.03786798	0.74723315	0.1723709
0.14398705	0.04342407	0.74268275	0.06990613
0.75726438	0.07565981	0.10233387	0.06474193
0.01629191	0.93484802	0.03257134	0.01628873
0.8920487	0.03224092	0.05942938	0.016281
0.02083916	0.8238367	0.08555528	0.06976887
0.03258246	0.04887198	0.87008005	0.0484655
0.06980374	0.0380059	0.09685418	0.79533618
0.01059707	0.0054314	0.97310974	0.01086179
0.081184	0.02715298	0.77366622	0.1179968
0.09156584	0.80154782	0.06973537	0.03715098
0.29457923	0.27960103	0.25371791	0.17210183
0.14979315	0.40477527	0.34452279	0.10090879
0.12325968	0.12919913	0.62368849	0.1238527
0.37537462	0.27549737	0.21612116	0.13300685
0.19018817	0.28654234	0.35979503	0.16347446
