#M00352	Dof1
#p.cut	M00352	EpiUwRmapDNaseH1.BMP4.Derived.Trophoblast.Cultured.Cells.SRX121240	0.01	0.05	0.1	0.25	0.5	0.75	0.9	0.95	0.99	
#p.Tcut2	M00352	EpiUwRmapDNaseH1.BMP4.Derived.Trophoblast.Cultured.Cells.SRX121240	15.2	16.85	17.6	18.7	19.8	20.89	21.99	22.74	24.39	
#p.Tcut2b	M00352	EpiUwRmapDNaseH1.BMP4.Derived.Trophoblast.Cultured.Cells.SRX121240	12.08	13.73	14.48	15.57	16.67	17.77	18.87	19.62	21.27	
A	C	G	T
0.34026301	0.22096228	0.19962202	0.23915269
0.95228337	0.02027431	0.01971042	0.0077319
0.9639601	0.01210869	0.02004567	0.00388554
0.01606115	0.65495844	0.00818733	0.32079308
0.00391981	0.02044301	0.01188721	0.96374997
0.96077339	0.00386842	0.02311845	0.01223974
0.98414705	0.00796287	0.00379888	0.0040912
0.97189599	0.0080894	0.01591917	0.00409545
0.02367721	0.00795077	0.96428858	0.00408343
0.23003876	0.74592861	0.00783697	0.01619566
0.32189362	0.36543079	0.00796167	0.30471392
0.02025079	0.94023281	0.00788485	0.03163155
0.43843177	0.17202749	0.07591615	0.31362459
0.34026301	0.22096228	0.19962202	0.23915269
