#M00367	HBP-1a
#p.cut	M00367	UwDnaseSknshra	0.01	0.05	0.1	0.25	0.5	0.75	0.9	0.95	0.99	
#p.Tcut2	M00367	UwDnaseSknshra	11.01	12.66	13.4	14.5	15.6	16.7	17.8	18.55	20.2	
#p.Tcut2b	M00367	UwDnaseSknshra	11.97	13.62	14.37	15.47	16.57	17.66	18.76	19.51	21.16	
A	C	G	T
0.15811659	0.31910314	0.35524664	0.16753363
0.25104871	0.18566623	0.46168285	0.10160221
0.04484605	0.00906733	0.937435	0.00865161
0.1203037	0.29431522	0.01734147	0.5680396
1e-06	0.87522153	0.12024334	0.00453412
0.97352512	0.00417798	0.01776273	0.00453417
1e-06	0.96401893	0.00906733	0.02691274
0.07523154	0.00904777	0.91571969	1e-06
1e-06	1e-06	0.00906733	0.99093067
1e-06	1e-06	0.999997	1e-06
0.04079623	1e-06	0.95920177	1e-06
0.00871115	0.9822212	0.00906665	1e-06
0.13402794	0.43965732	0.18007289	0.24624184
0.15811659	0.31910314	0.35524664	0.16753363
