#M00319	MEF-3
#p.cut	M00319	UwDgfT47d	0.01	0.05	0.1	0.25	0.5	0.75	0.9	0.95	0.99	
#p.Tcut2	M00319	UwDgfT47d	14.08	15.73	16.47	17.57	18.67	19.77	20.87	21.62	23.27	
#p.Tcut2b	M00319	UwDgfT47d	14.12	15.77	16.52	17.62	18.71	19.81	20.91	21.66	23.31	
A	C	G	T
0.21860768	0.25028777	0.27165808	0.25944647
0.01582936	0.03929693	0.66876744	0.27610627
0.03201724	0.17552196	0.73157515	0.06088565
0.0481039	0.52865851	0.38636582	0.03687178
1e-06	0.01338307	0.00511608	0.98149985
0.00766239	0.97361209	0.01070143	0.00802408
0.97602035	0.00247267	0.02150598	1e-06
0.00782574	0.01052955	0.9789536	0.00269112
0.01581254	0.00269112	0.97880523	0.00269111
0.01327421	0.17418049	0.00268781	0.80985749
1e-06	1e-06	0.00268781	0.99731019
0.23692139	0.03124762	0.01577358	0.7160574
1e-06	0.86991241	0.0134502	0.11663639
0.50159539	0.21165007	0.05582445	0.23093009
0.21860768	0.25028777	0.27165808	0.25944647
