#M00361	CDC5
#p.cut	M00361	OpenChromDnaseNhek	0.01	0.05	0.1	0.25	0.5	0.75	0.9	0.95	0.99	
#p.Tcut2	M00361	OpenChromDnaseNhek	12.73	14.38	15.13	16.23	17.33	18.43	19.53	20.27	21.92	
#p.Tcut2b	M00361	OpenChromDnaseNhek	10.22	11.87	12.61	13.71	14.81	15.91	17.01	17.75	19.41	
A	C	G	T
0.16135542	0.35473063	0.3254902	0.15842376
0.25714321	0.1934799	0.46612548	0.08325142
0.03910887	0.17925136	0.77199203	0.00964774
0.00197407	0.98067483	0.00196819	0.01538292
0.00770753	0.01564316	0.00987885	0.96677046
0.0058129	0.98058932	0.00784145	0.00575633
0.92401381	0.02715617	0.04498184	0.00384819
0.01958752	0.00765055	0.96881824	0.00394369
0.00773091	0.94418531	0.0131945	0.03488928
0.04636028	0.02120513	0.91521789	0.0172167
0.0078464	0.6637169	0.23765734	0.09077937
0.16135542	0.35473063	0.3254902	0.15842376
