#M00323	Muscle initiator sequences-19
#p.cut	M00323	EpiUwRmapDNaseFetal.Brain.SRX201815	0.01	0.05	0.1	0.25	0.5	0.75	0.9	0.95	0.99	
#p.Tcut2	M00323	EpiUwRmapDNaseFetal.Brain.SRX201815	15.5	17.15	17.89	18.99	20.09	21.19	22.29	23.04	24.69	
#p.Tcut2b	M00323	EpiUwRmapDNaseFetal.Brain.SRX201815	10.43	12.08	12.83	13.93	15.03	16.12	17.22	17.97	19.62	
A	C	G	T
0.16272966	0.42252915	0.28264705	0.13209414
0.12326142	0.73192766	0.08439939	0.06041154
0.2232006	0.4609952	0.23435968	0.08144452
0.02583872	0.23144192	0.69584788	0.04687148
0.11183861	0.51286339	0.37005768	0.00524032
0.02367489	0.91863734	0.0497004	0.00798737
0.09142987	0.63760876	0.15784892	0.11311245
1e-06	0.85734971	0.04473325	0.09791604
0.01330761	0.96845525	0.01043052	0.00780663
0.88765633	0.02892196	0.0650871	0.01833461
0.05250529	0.73165591	0.01831365	0.19752515
0.05506959	0.41998493	0.39716439	0.12778109
0.00240321	0.87189839	0.12039875	0.00529965
0.49587525	0.45210964	0.01829837	0.03371674
0.20852191	0.0103953	0.77329726	0.00778554
0.0629223	0.43664204	0.49792237	0.0025133
0.09923234	0.31568999	0.383637	0.20144067
0.10523423	0.17304674	0.70599746	0.01572157
0.00784217	0.65070183	0.31533522	0.02612078
0.21500838	0.72992653	0.04179112	0.01327397
0.16272966	0.42252915	0.28264705	0.13209414
