#M00344	RAV1
#p.cut	M00344	UwDgfHgf	0.01	0.05	0.1	0.25	0.5	0.75	0.9	0.95	0.99	
#p.Tcut2	M00344	UwDgfHgf	16.41	18.06	18.8	19.9	21	22.1	23.2	23.94	25.6	
#p.Tcut2b	M00344	UwDgfHgf	16.33	17.98	18.73	19.83	20.93	22.02	23.12	23.87	25.52	
A	C	G	T
0.25500595	0.26625694	0.23413957	0.24459754
0.58229714	0.09634102	0.03103205	0.29032979
0.01036257	0.02792808	0.01015617	0.95155318
0.00976592	0.9796851	1e-06	0.01054798
0.9587708	0.0206629	0.01274827	0.00781802
0.00257664	0.9563212	0.01036232	0.03073985
0.00527801	0.97679597	0.00263789	0.01528812
0.00247789	0.01826485	1e-06	0.97925626
0.00500467	0.00764262	0.98471296	0.00263975
0.66372528	0.01312335	0.31790398	0.0052474
0.09750883	0.13917105	0.75037146	0.01294866
0.14967957	0.29851741	0.50846156	0.04334147
0.00522097	0.79476667	0.01048846	0.18952389
0.32853357	0.3542381	0.06998076	0.24724757
0.25500595	0.26625694	0.23413957	0.24459754
