#M00306	LEU3
#p.cut	M00306	EpiUwRmapDNaseFetal.Muscle.Arm.SRX121236	0.01	0.05	0.1	0.25	0.5	0.75	0.9	0.95	0.99	
#p.Tcut2	M00306	EpiUwRmapDNaseFetal.Muscle.Arm.SRX121236	13.35	15	15.74	16.84	17.94	19.04	20.14	20.88	22.54	
#p.Tcut2b	M00306	EpiUwRmapDNaseFetal.Muscle.Arm.SRX121236	6.95	8.6	9.35	10.45	11.54	12.64	13.74	14.49	16.14	
A	C	G	T
0.12205387	0.37181337	0.35902678	0.14710598
0.25312926	0.40056624	0.03615823	0.31014627
0.00441302	0.0450856	0.72642298	0.2240784
0.00221025	0.96552036	0.01066056	0.02160883
0.03044691	0.89121553	0.03726809	0.04106946
0.03902868	0.02179602	0.91532503	0.02385027
0.0084642	0.04507615	0.93131095	0.0151487
0.14303433	0.09062459	0.35169075	0.41465034
0.38249726	0.34319401	0.13450412	0.13980462
0.01529974	0.9389269	0.03921248	0.00656088
0.01494923	0.90127869	0.0260114	0.05776068
0.04317958	0.04333904	0.89671352	0.01676785
0.00870124	0.3222981	0.66052768	0.00847298
0.03703033	0.57799529	0.21325603	0.17171835
0.01910961	0.46751558	0.32718158	0.18619323
0.12205387	0.37181337	0.35902678	0.14710598
