#M00332	Whn
#p.cut	M00332	EpiUwRmapDNaseMobilized.CD3.Primary.Cells.SRX089240	0.01	0.05	0.1	0.25	0.5	0.75	0.9	0.95	0.99	
#p.Tcut2	M00332	EpiUwRmapDNaseMobilized.CD3.Primary.Cells.SRX089240	9.6	11.25	12	13.1	14.2	15.3	16.39	17.14	18.79	
#p.Tcut2b	M00332	EpiUwRmapDNaseMobilized.CD3.Primary.Cells.SRX089240	9.92	11.58	12.32	13.42	14.52	15.62	16.72	17.46	19.11	
A	C	G	T
0.24188431	0.25213571	0.26735009	0.23862989
0.89265439	0.00419213	0.02485205	0.07830143
0.57129115	0.0626331	0.36217883	0.00389692
0.11166373	0.24185898	0.36958663	0.27689066
0.02512936	0.0287849	0.9336459	0.01243984
0.98742393	1e-06	0.00838294	0.00419213
0.02482963	0.87243111	0.01235054	0.09038872
0.0407044	0.00838327	0.92219239	0.02871994
1e-06	0.96280242	0.00838327	0.02881331
0.01624646	0.13314697	0.01675756	0.83384901
0.24514946	0.10412176	0.10381617	0.54691261
0.0368093	0.13748647	0.19441675	0.63128748
0.24188431	0.25213571	0.26735009	0.23862989
