#M00337	GCR1
#p.cut	M00337	EpiUwRmapDNaseCD34.Primary.Cells.SRX015227	0.01	0.05	0.1	0.25	0.5	0.75	0.9	0.95	0.99	
#p.Tcut2	M00337	EpiUwRmapDNaseCD34.Primary.Cells.SRX015227	15.14	16.79	17.54	18.64	19.74	20.83	21.93	22.68	24.33	
#p.Tcut2b	M00337	EpiUwRmapDNaseCD34.Primary.Cells.SRX015227	12.8	14.45	15.2	16.3	17.39	18.49	19.59	20.34	21.99	
A	C	G	T
0.21858025	0.24858025	0.19358025	0.33925926
0.00336435	0.16308776	0.12372884	0.70981905
0.29926257	1e-06	0.67413424	0.02660219
0.0594072	0.00336464	0.91081645	0.02641171
1e-06	0.98668625	1e-06	0.01331175
0.10896314	0.013255	0.00672829	0.87105357
1e-06	0.01345536	1e-06	0.98654264
1e-06	0.99681755	1e-06	0.00318045
1e-06	0.98991552	1e-06	0.01008248
0.41484373	0.01007568	0.01345557	0.56162502
0.00672626	0.68639133	0.10313253	0.20374989
0.11967618	0.00670402	0.03997924	0.83364056
0.23906841	0.00336464	0.02687148	0.73069546
0.0359952	0.02328915	0.03671891	0.90399674
0.02311096	0.0133572	0.10982277	0.85370908
0.21858025	0.24858025	0.19358025	0.33925926
