#M00377	Pax-4
#p.cut	M00377	UwDnaseCaco2	0.01	0.05	0.1	0.25	0.5	0.75	0.9	0.95	0.99	
#p.Tcut2	M00377	UwDnaseCaco2	17.14	18.79	19.54	20.64	21.74	22.84	23.94	24.68	26.33	
#p.Tcut2b	M00377	UwDnaseCaco2	11.91	13.56	14.31	15.41	16.51	17.6	18.7	19.45	21.1	
A	C	G	T
0.38299582	0.18466731	0.17084539	0.26149148
0.40086671	1e-06	0.59913129	1e-06
0.97538742	1e-06	0.01653634	0.00807524
0.99231817	0.00767983	1e-06	1e-06
0.41057193	1e-06	1e-06	0.58942607
0.99164498	1e-06	0.00835302	1e-06
0.999997	1e-06	1e-06	1e-06
1e-06	0.00835302	1e-06	0.99164498
0.0082633	0.02501841	0.00792176	0.95879653
0.96738842	0.00835302	0.01593565	0.00832291
0.03242012	0.92713612	0.00835302	0.03209073
0.03321161	0.88628435	0.0725541	0.00794994
0.38299582	0.18466731	0.17084539	0.26149148
