#M00358	bZIP911
#p.cut	M00358	EpiUwRmapDNaseFetal.Lung.Left.SRX089276	0.01	0.05	0.1	0.25	0.5	0.75	0.9	0.95	0.99	
#p.Tcut2	M00358	EpiUwRmapDNaseFetal.Lung.Left.SRX089276	11.89	13.54	14.28	15.38	16.48	17.58	18.68	19.43	21.08	
#p.Tcut2b	M00358	EpiUwRmapDNaseFetal.Lung.Left.SRX089276	11.54	13.19	13.94	15.04	16.13	17.23	18.33	19.08	20.73	
A	C	G	T
0.19100706	0.27540877	0.3360275	0.19755667
0.04313969	0.03619714	0.89629053	0.02437264
0.32602706	0.03388775	0.63276292	0.00732226
0.0266115	0.02174663	0.0507268	0.90091507
0.01222389	0.13609353	0.84923698	0.00244559
0.94208481	0.0145756	0.02902148	0.01431811
0.04300576	0.8609072	0.04557368	0.05051337
0.07488346	0.03137171	0.85340483	0.04034
0.02628762	0.04335332	0.01219129	0.91816777
0.02684371	0.04396567	0.91467299	0.01451762
0.04106732	0.01921721	0.91053094	0.02918454
0.03607322	0.89845947	0.03155186	0.03391545
0.03834108	0.85802827	0.03666344	0.0669672
0.19100706	0.27540877	0.3360275	0.19755667
