#M00370	CPRF-3
#p.cut	M00370	OpenChromDnaseHuh7	0.01	0.05	0.1	0.25	0.5	0.75	0.9	0.95	0.99	
#p.Tcut2	M00370	OpenChromDnaseHuh7	12.61	14.27	15.01	16.11	17.21	18.31	19.41	20.15	21.81	
#p.Tcut2b	M00370	OpenChromDnaseHuh7	12.54	14.19	14.94	16.04	17.14	18.24	19.34	20.08	21.73	
A	C	G	T
0.1762117	0.32506964	0.32729805	0.17142061
0.02528998	0.00263334	0.96387394	0.00820275
0.00263334	0.38534201	0.00279982	0.60922484
1e-06	0.99192451	0.00539947	0.00267502
0.99197001	0.00260065	0.00542834	1e-06
0.00279982	0.95055866	0.00263334	0.04400819
0.03250439	0.00261694	0.96487767	1e-06
1e-06	0.00545284	0.00561122	0.98893494
0.0028124	0.00540293	0.99178367	1e-06
0.63438221	0.00279982	0.35178311	0.01103486
0.00264143	0.96411053	0.00255976	0.03068828
0.1762117	0.32506964	0.32729805	0.17142061
