#M00305	HAP1
#p.cut	M00305	OpenChromDnaseStellate	0.01	0.05	0.1	0.25	0.5	0.75	0.9	0.95	0.99	
#p.Tcut2	M00305	OpenChromDnaseStellate	10.08	11.73	12.47	13.57	14.67	15.77	16.87	17.62	19.27	
#p.Tcut2b	M00305	OpenChromDnaseStellate	9.64	11.29	12.04	13.13	14.23	15.33	16.43	17.18	18.83	
A	C	G	T
0.26549607	0.22721167	0.28427045	0.22302181
0.38150451	0.49414999	0.02941007	0.09493543
0.27228409	0.3820533	0.03786403	0.30779858
0.03984349	0.0209701	0.92010893	0.01907748
0.00869438	0.09492683	0.88770117	0.00867761
0.73768136	0.0174541	0.14044328	0.10442126
0.28027389	0.01736615	0.69892948	0.00343048
0.66236029	0.01351383	0.03121152	0.29291436
0.03470347	0.0327713	0.04998773	0.88253751
0.76640365	0.04163409	0.0488461	0.14311617
0.43976196	0.22260014	0.03648067	0.30115722
0.06365326	0.76887093	0.06779947	0.09967633
0.09604126	0.02441971	0.80888083	0.07065819
0.02787957	0.10525614	0.85476469	0.0120996
0.4446414	0.37334906	0.04683829	0.13517125
0.26549607	0.22721167	0.28427045	0.22302181
