#M00391	UAY
#p.cut	M00391	EpiUwRmapDNaseFetal.Muscle.Arm.SRX121245	0.01	0.05	0.1	0.25	0.5	0.75	0.9	0.95	0.99	
#p.Tcut2	M00391	EpiUwRmapDNaseFetal.Muscle.Arm.SRX121245	11.04	12.69	13.44	14.53	15.63	16.73	17.83	18.58	20.23	
#p.Tcut2b	M00391	EpiUwRmapDNaseFetal.Muscle.Arm.SRX121245	6.83	8.48	9.23	10.32	11.42	12.52	13.62	14.37	16.02	
A	C	G	T
0.14087635	0.41410564	0.31179472	0.13322329
0.3092131	0.09562329	0.55285489	0.04230872
0.1357737	0.45877777	0.10392133	0.3015272
0.02499923	0.92125885	0.02510442	0.02863751
0.02357516	0.05174156	0.89792822	0.02675506
0.01009416	0.68429402	0.29538622	0.0102256
0.35188794	0.58636361	0.03651164	0.02523681
0.11804403	0.0535689	0.68851552	0.13987155
0.02884045	0.49591533	0.42117044	0.05407377
0.20154609	0.62800583	0.03526744	0.13518064
0.02869465	0.4628779	0.39079696	0.11763048
0.02722007	0.06399109	0.6486186	0.26017023
0.00856464	0.95762558	0.02193711	0.01187267
0.03019602	0.90466463	0.03688956	0.02824979
0.04018492	0.03181027	0.9011811	0.02682371
0.39921742	0.50320128	0.08278973	0.01479158
0.0187183	0.74233199	0.06899722	0.16995249
0.14087635	0.41410564	0.31179472	0.13322329
