#M00343	RAV1
#p.cut	M00343	EpiUwRmapDNaseCD4.Primary.Cells.SRX204404	0.01	0.05	0.1	0.25	0.5	0.75	0.9	0.95	0.99	
#p.Tcut2	M00343	EpiUwRmapDNaseCD4.Primary.Cells.SRX204404	17.13	18.78	19.53	20.63	21.73	22.83	23.93	24.67	26.32	
#p.Tcut2b	M00343	EpiUwRmapDNaseCD4.Primary.Cells.SRX204404	14.49	16.15	16.89	17.99	19.09	20.19	21.29	22.03	23.68	
A	C	G	T
0.34905296	0.23279861	0.22197526	0.19617317
0.34050164	0.49767707	0.14661081	0.01521048
0.67471747	0.06573675	0.0248408	0.23470498
0.03032515	0.01532406	0.94444896	0.00990183
1e-06	0.96459822	0.01021633	0.02518445
0.96494944	0.01531294	0.01973662	1e-06
0.97487363	1e-06	0.02512437	1e-06
0.00510761	0.97487866	0.00989494	0.01011878
0.98489901	1e-06	0.01509899	1e-06
0.00506599	0.00510863	0.92977187	0.06005351
0.97965479	0.00510861	0.0152356	1e-06
0.96968266	0.0048919	0.02035945	0.00506599
0.98487898	0.00495107	1e-06	0.01016895
0.34905296	0.23279861	0.22197526	0.19617317
