#M00357	bZIP910
#p.cut	M00357	EpiUwRmapDNaseCD4.Primary.Cells.SRX204404	0.01	0.05	0.1	0.25	0.5	0.75	0.9	0.95	0.99	
#p.Tcut2	M00357	EpiUwRmapDNaseCD4.Primary.Cells.SRX204404	10.66	12.31	13.05	14.15	15.25	16.35	17.45	18.2	19.85	
#p.Tcut2b	M00357	EpiUwRmapDNaseCD4.Primary.Cells.SRX204404	10.81	12.46	13.21	14.31	15.41	16.51	17.61	18.35	20	
A	C	G	T
0.17647059	0.26883484	0.35520362	0.19949095
0.04996635	0.02655911	0.90305706	0.02041747
0.05264252	0.22104253	0.66765428	0.05866067
0.27475005	0.10327479	0.59261783	0.02935733
0.09444774	0.12734305	0.12630846	0.65190074
0.01152787	0.02653044	0.93874779	0.02319389
0.10329086	0.74903012	0.121227	0.02645202
0.01754474	0.02050712	0.00889793	0.95305021
0.00593229	0.00867886	0.98538785	1e-06
0.93492019	0.01779487	0.02960944	0.0176755
0.0381906	0.88302114	0.03801947	0.0407688
0.05000087	0.00872352	0.92977317	0.01150244
0.00296664	0.05305471	0.04145706	0.90252158
0.12660149	0.43339814	0.27270581	0.16729456
0.37370575	0.176615	0.29122121	0.15845804
0.17647059	0.26883484	0.35520362	0.19949095
