#M00321	Muscle initiator
#p.cut	M00321	UwDnaseH7esDiffa14d	0.01	0.05	0.1	0.25	0.5	0.75	0.9	0.95	0.99	
#p.Tcut2	M00321	UwDnaseH7esDiffa14d	19.19	20.84	21.59	22.69	23.79	24.89	25.98	26.73	28.38	
#p.Tcut2b	M00321	UwDnaseH7esDiffa14d	9.28	10.93	11.68	12.78	13.87	14.97	16.07	16.82	18.47	
A	C	G	T
0.14751789	0.46633572	0.26044793	0.12569845
0.0588767	0.71004699	0.19192078	0.03915553
0.10524332	0.69748309	0.15936771	0.03790589
0.08831181	0.32545524	0.52871091	0.05752204
0.07428106	0.79033035	0.10999608	0.02539251
0.06364863	0.82358088	0.06625529	0.04651521
0.1628553	0.45296796	0.34758407	0.03659266
0.0772465	0.82411167	0.05350352	0.04513832
1e-06	0.98436184	0.00858014	0.00705702
0.92995535	0.01538651	0.04630373	0.00835442
0.0141472	0.90827341	0.03409758	0.0434818
0.01249023	0.80519311	0.09634965	0.08596701
0.02380937	0.83196308	0.13446705	0.0097605
0.27433811	0.68191165	0.01830022	0.02545001
0.12331625	0.25697892	0.60267937	0.01702545
0.01836814	0.47149273	0.4863321	0.02380703
0.2763088	0.43996742	0.22508018	0.0586436
0.05343692	0.23710597	0.69537517	0.01408194
0.01270977	0.76465172	0.13609875	0.08653976
0.08103048	0.7597854	0.06491884	0.09426529
0.14751789	0.46633572	0.26044793	0.12569845
