#M00339	c-Ets-1
#p.cut	M00339	UwDnaseJurkat	0.01	0.05	0.1	0.25	0.5	0.75	0.9	0.95	0.99	
#p.Tcut2	M00339	UwDnaseJurkat	14.6	16.25	16.99	18.09	19.19	20.29	21.39	22.14	23.79	
#p.Tcut2b	M00339	UwDnaseJurkat	13.45	15.1	15.85	16.95	18.05	19.15	20.24	20.99	22.64	
A	C	G	T
0.26266989	0.20294473	0.32470553	0.20967986
0.45506246	0.11736178	0.42341789	0.00415787
0.00584553	0.83543599	0.15042882	0.00828966
0.98668769	0.00502508	0.00744873	0.0008385
0.00320892	1e-06	0.99514406	0.00164602
0.00495887	0.0007851	0.99425503	1e-06
0.99586316	0.00167574	0.0024601	1e-06
0.89949992	0.00083774	0.00251257	0.09714977
0.0681582	0.001676	0.9284898	0.001676
1e-06	0.0274493	0.00249887	0.97005083
0.06869411	0.01672612	0.90131317	0.01326659
0.23513368	0.16005233	0.55849589	0.0463181
0.00908507	0.26453641	0.34072466	0.38565386
0.06079278	0.02001333	0.13118993	0.78800395
0.09568133	0.15272384	0.65420337	0.09739146
0.17828258	0.40793177	0.39878578	0.01499988
0.26266989	0.20294473	0.32470553	0.20967986
