#M00388	FACB
#p.cut	M00388	OpenChromDnaseGm10248	0.01	0.05	0.1	0.25	0.5	0.75	0.9	0.95	0.99	
#p.Tcut2	M00388	OpenChromDnaseGm10248	14.74	16.39	17.14	18.24	19.34	20.44	21.53	22.28	23.93	
#p.Tcut2b	M00388	OpenChromDnaseGm10248	14.24	15.89	16.64	17.74	18.84	19.94	21.04	21.78	23.43	
A	C	G	T
0.21779793	0.2866536	0.23011108	0.26543739
0.15615053	0.58417253	0.14385707	0.11581987
0.31661379	0.2625635	0.05675133	0.36407138
0.1784634	0.59881527	0.10177056	0.12095078
0.2327091	0.15580491	0.19477968	0.4167063
0.19433934	0.4389323	0.11591123	0.25081712
0.00138159	0.02438926	0.00408618	0.97014296
0.00127285	0.97464828	0.00793859	0.01614028
0.01455534	0.91265711	0.03940621	0.03338133
0.21578704	0.41382922	0.05324228	0.31714147
0.09975743	0.37968107	0.20447818	0.31608332
0.25638456	0.0488762	0.03522467	0.65951457
0.15141832	0.5861537	0.2198117	0.04261628
0.0336447	0.59867633	0.22406985	0.14360913
0.19551852	0.32520814	0.05118661	0.42808673
0.01609802	0.30845513	0.34883238	0.32661448
0.21789944	0.46564962	0.04046933	0.2759816
0.14970888	0.23361	0.46195641	0.15472471
0.43293531	0.070788	0.47047427	0.02580241
0.02702917	0.02974528	0.8735527	0.06967285
0.02683876	0.0702587	0.89897634	0.00392621
0.96195396	0.00684108	0.02303632	0.00816865
0.09538552	0.01881275	0.53232014	0.35348159
0.09930008	0.34277716	0.24093015	0.31699261
0.18829728	0.28812758	0.18937158	0.33420357
0.37428307	0.02854971	0.19353092	0.4036363
0.0120862	0.30241209	0.26759604	0.41790567
0.21779793	0.2866536	0.23011108	0.26543739
