#M00359	bZIP911
#p.cut	M00359	UwDnaseCaco2	0.01	0.05	0.1	0.25	0.5	0.75	0.9	0.95	0.99	
#p.Tcut2	M00359	UwDnaseCaco2	8	9.65	10.39	11.49	12.59	13.69	14.79	15.54	17.19	
#p.Tcut2b	M00359	UwDnaseCaco2	10.06	11.71	12.46	13.56	14.65	15.75	16.85	17.6	19.25	
A	C	G	T
0.19197802	0.25857143	0.34307692	0.20637363
0.0456782	0.01715122	0.9088026	0.02836799
0.63263511	0.10408554	0.25192433	0.01135502
0.04576823	0.06233536	0.07913927	0.81275714
0.0173444	0.05754078	0.90799772	0.01711709
0.83531802	0.06228043	0.07404373	0.02835781
0.06270819	0.79570088	0.06264117	0.07894976
0.03430371	0.0392261	0.88012036	0.04634983
0.01144339	0.05755046	0.0174632	0.91354295
0.05773374	0.02889294	0.90180599	0.01156734
0.0170432	0.05093093	0.0858288	0.84619706
0.31012948	0.34809072	0.33019137	0.01158843
0.02879517	0.90183571	0.04670499	0.02266412
0.19197802	0.25857143	0.34307692	0.20637363
