#M00356	bZIP910
#p.cut	M00356	EpiUwRmapDNaseFetal.Lung.Left.SRX089276	0.01	0.05	0.1	0.25	0.5	0.75	0.9	0.95	0.99	
#p.Tcut2	M00356	EpiUwRmapDNaseFetal.Lung.Left.SRX089276	11.95	13.61	14.35	15.45	16.55	17.65	18.75	19.49	21.14	
#p.Tcut2b	M00356	EpiUwRmapDNaseFetal.Lung.Left.SRX089276	11.91	13.56	14.31	15.4	16.5	17.6	18.7	19.45	21.1	
A	C	G	T
0.23081197	0.24440171	0.30948718	0.21529915
0.02859109	0.03762719	0.91827106	0.01551065
0.78631332	0.05828147	0.1266072	0.02879801
0.03302144	0.01317942	0.05774655	0.89605258
0.01534692	0.06177428	0.91412231	0.0087565
0.93832438	0.01980502	0.03513076	0.00673984
0.06247314	0.81777923	0.04439127	0.07535637
0.0660011	0.03999796	0.80487689	0.08912406
0.0198794	0.03564328	0.01768613	0.92679119
0.04010243	0.02902417	0.91304848	0.01782492
0.024437	0.00890135	0.90652181	0.06013984
0.03553186	0.90249071	0.03305079	0.02892664
0.48026945	0.46659407	0.02005535	0.03308112
0.23081197	0.24440171	0.30948718	0.21529915
