#M00373	Pax-4
#p.cut	M00373	EpiUwRmapDNaseMobilized.CD3.Primary.Cells.SRX089240	0.01	0.05	0.1	0.25	0.5	0.75	0.9	0.95	0.99	
#p.Tcut2	M00373	EpiUwRmapDNaseMobilized.CD3.Primary.Cells.SRX089240	9.95	11.6	12.35	13.45	14.55	15.64	16.74	17.49	19.14	
#p.Tcut2b	M00373	EpiUwRmapDNaseMobilized.CD3.Primary.Cells.SRX089240	9.09	10.75	11.49	12.59	13.69	14.79	15.89	16.63	18.28	
A	C	G	T
0.16261495	0.28128749	0.3830068	0.17309076
0.02446772	0.03168384	0.88528098	0.05856746
0.12698704	0.39085605	0.31653474	0.16562217
0.17479344	0.33233728	0.49041167	0.0024576
0.04420561	0.06343081	0.74355726	0.14880632
0.01228159	0.09761148	0.07846451	0.81164242
0.01228418	0.61925542	0.3613008	0.0071596
0.80708823	0.03186071	0.15613651	0.00491455
0.19532534	0.16921671	0.21688026	0.41857769
1e-06	0.01964353	0.94376563	0.03658984
0.04395256	0.69839745	0.20892194	0.04872805
0.0461875	0.03398289	0.86877957	0.05105004
0.00245696	0.17569807	0.23969696	0.582148
0.06125051	0.08819805	0.8211703	0.02938114
0.2297324	0.41453583	0.15167566	0.2040561
0.13381944	0.06831699	0.6633176	0.13454597
0.0411994	0.46660872	0.47758604	0.01460584
0.28741558	0.15050269	0.51315675	0.04892498
0.15895182	0.25832057	0.42193528	0.16079234
0.03172905	0.56592517	0.19538325	0.20696253
0.17822965	0.44181149	0.27777173	0.10218713
0.16261495	0.28128749	0.3830068	0.17309076
