#M00392	AGL3
#p.cut	M00392	UwDnaseH7esDiffa14d	0.01	0.05	0.1	0.25	0.5	0.75	0.9	0.95	0.99	
#p.Tcut2	M00392	UwDnaseH7esDiffa14d	16.87	18.52	19.27	20.37	21.47	22.56	23.66	24.41	26.06	
#p.Tcut2b	M00392	UwDnaseH7esDiffa14d	11.99	13.64	14.39	15.49	16.59	17.69	18.78	19.53	21.18	
A	C	G	T
0.32335929	0.19888765	0.19632925	0.2814238
0.20578868	0.31623161	0.40116258	0.07681713
0.0971136	0.1036143	0.19316377	0.60610833
0.10153855	0.03152797	0.01275934	0.85417414
0.1918042	0.06492288	0.07088218	0.67239073
1e-06	0.98743417	0.00600944	0.00655539
1e-06	0.92251878	0.00630395	0.07117626
0.9940838	0.0059142	1e-06	1e-06
0.50177898	0.00655539	0.01872681	0.47293882
0.6972529	0.00655532	0.00620554	0.28998624
0.34928212	0.01310978	1e-06	0.6376071
0.85249955	0.00615709	0.00620685	0.13513651
0.11682188	0.00655078	1e-06	0.87662635
0.8144061	1e-06	0.17966093	0.00593198
0.01304827	1e-06	0.98694973	1e-06
0.5221975	0.12982398	0.09632121	0.25165731
0.78033485	0.01306095	0.02538867	0.18121553
0.70187998	0.12953472	0.070655	0.0979303
0.32335929	0.19888765	0.19632925	0.2814238
