#M00372	Opaque-2
#p.cut	M00372	UwDnaseCaco2	0.01	0.05	0.1	0.25	0.5	0.75	0.9	0.95	0.99	
#p.Tcut2	M00372	UwDnaseCaco2	10.85	12.5	13.25	14.35	15.45	16.55	17.64	18.39	20.04	
#p.Tcut2b	M00372	UwDnaseCaco2	11.54	13.19	13.94	15.04	16.13	17.23	18.33	19.08	20.73	
A	C	G	T
0.19318919	0.30335135	0.27427027	0.22918919
1e-06	0.010284	0.0216649	0.96805011
0.01570587	0.95688555	0.00522763	0.02218095
0.00555755	0.99444045	1e-06	1e-06
0.94571856	0.01093705	0.04334339	1e-06
0.01110919	0.85476975	0.01584372	0.11827734
0.06363645	0.01053411	0.92582844	1e-06
1e-06	0.0159409	0.0050618	0.97899629
0.12010369	0.04364712	0.825169	0.01108019
0.17525203	0.00555352	0.80811902	0.01107543
0.47607064	0.49227905	0.00500794	0.02664237
0.19318919	0.30335135	0.27427027	0.22918919
