#M00327	Pax-3
#p.cut	M00327	EpiUwRmapDNaseCD3.Primary.Cells.SRX204362	0.01	0.05	0.1	0.25	0.5	0.75	0.9	0.95	0.99	
#p.Tcut2	M00327	EpiUwRmapDNaseCD3.Primary.Cells.SRX204362	10.18	11.83	12.58	13.67	14.77	15.87	16.97	17.72	19.37	
#p.Tcut2b	M00327	EpiUwRmapDNaseCD3.Primary.Cells.SRX204362	10.17	11.82	12.56	13.66	14.76	15.86	16.96	17.71	19.36	
A	C	G	T
0.24071314	0.25114533	0.24982061	0.25832091
0.49009608	0.06816836	0.18568041	0.25605515
0.33388175	0.35075745	0.20224468	0.11311612
0.57321344	0.22097391	0.15239766	0.05341498
0.2358668	0.15850102	0.18146977	0.42416242
0.20128682	0.14214749	0.26308779	0.3934779
0.24897971	0.24207587	0.27017149	0.23877293
0.06756167	0.41549469	0.19811975	0.31882389
0.0400584	0.01346307	0.87203911	0.07443942
0.01303332	0.01358143	0.00342742	0.96995783
1e-06	0.91630987	0.07031309	0.01337604
0.96992224	0.01678249	0.01329427	1e-06
0.00683718	0.88297889	0.00664989	0.10353404
0.05307263	0.0128587	0.80930045	0.12476822
0.00655756	0.40716809	0.54220399	0.04407035
0.11388387	0.03720672	0.00685384	0.84205558
0.11097062	0.27924922	0.02002795	0.58975221
0.28220396	0.22951096	0.31715402	0.17113105
0.2857039	0.29044702	0.14105152	0.28279756
0.28384415	0.04687996	0.47140801	0.19786789
0.20925383	0.20196915	0.34360654	0.24517048
0.33050641	0.15497376	0.138438	0.37608184
0.24071314	0.25114533	0.24982061	0.25832091
