#M00479	Alfin1
#p.cut	M00479	UwDnaseHpaec	0.01	0.05	0.1	0.25	0.5	0.75	0.9	0.95	0.99	
#p.Tcut2	M00479	UwDnaseHpaec	17.25	18.91	19.65	20.75	21.85	22.95	24.05	24.79	26.45	
#p.Tcut2b	M00479	UwDnaseHpaec	11.26	12.91	13.66	14.76	15.85	16.95	18.05	18.8	20.45	
A	C	G	T
0.19901994	0.18195336	0.46106793	0.15795877
0.33994952	0.01303387	0.61728754	0.02972907
0.6436843	0.0111972	0.33762998	0.00748852
0.45778999	0.01305259	0.52915642	1e-06
0.02413328	0.0092551	0.95555375	0.01105787
0.34571354	0.00738921	0.64502111	0.00187614
0.03171421	0.00187562	0.95715728	0.00925289
0.00925771	0.0037081	0.98328016	0.00375403
0.0075077	0.03920692	0.01839337	0.93489201
0.00547499	0.00367466	0.98163868	0.00921167
0.01283909	0.00748063	0.96105454	0.01862574
0.00369474	0.0074954	0.96468034	0.02412952
0.00938469	0.00738852	0.97201489	0.0112119
0.20027534	0.35343293	0.39045644	0.05583529
0.18412361	0.31077278	0.19686921	0.30823441
0.01852239	0.01485073	0.78811199	0.17851489
0.19901994	0.18195336	0.46106793	0.15795877
