#M00465	POU6F1
#p.cut	M00465	EpiUwRmapDNaseFetal.Brain.SRX027083	0.01	0.05	0.1	0.25	0.5	0.75	0.9	0.95	0.99	
#p.Tcut2	M00465	EpiUwRmapDNaseFetal.Brain.SRX027083	18.14	19.79	20.53	21.63	22.73	23.83	24.93	25.68	27.33	
#p.Tcut2b	M00465	EpiUwRmapDNaseFetal.Brain.SRX027083	11.2	12.85	13.59	14.69	15.79	16.89	17.99	18.73	20.39	
A	C	G	T
0.34044798	0.16418164	0.15434368	0.34102669
0.37813295	0.00686365	0.61324725	0.00175615
0.01716089	0.96384932	0.0035013	0.01548849
0.97940079	0.00176198	0.01543857	0.00339866
0.00515964	0.01910443	0.0050407	0.97069523
0.97929841	0.00515877	0.01209379	0.00344903
0.98092448	0.00174303	0.01381475	0.00351773
0.30738539	0.0017082	0.00522036	0.68568606
0.00528395	0.00176198	0.00522798	0.98772609
0.0034216	0.01396729	0.00346723	0.97914388
0.9755095	0.01576691	0.00696161	0.00176198
0.00171992	0.01367558	0.00176198	0.98284252
0.34044798	0.16418164	0.15434368	0.34102669
