#M00432	TTF1 (Nkx2-1)
#p.cut	M00432	UwDnaseH7esDiffa9d	0.01	0.05	0.1	0.25	0.5	0.75	0.9	0.95	0.99	
#p.Tcut2	M00432	UwDnaseH7esDiffa9d	13.99	15.64	16.39	17.49	18.58	19.68	20.78	21.53	23.18	
#p.Tcut2b	M00432	UwDnaseH7esDiffa9d	12.9	14.55	15.3	16.39	17.49	18.59	19.69	20.44	22.09	
A	C	G	T
0.27491525	0.23491525	0.22977401	0.26039548
0.95729172	0.00862002	0.01982783	0.01426043
0.00574778	0.95183093	0.01435821	0.02806308
0.00860879	0.0114529	0.00575072	0.97418759
0.00845722	0.96051517	0.01699492	0.01403269
0.98079829	0.008012	0.00833448	0.00285524
0.968851	0.00286036	0.01983905	0.00844958
0.01957118	0.00575071	0.96894578	0.00573233
0.01679784	0.01938549	0.00568894	0.95812773
0.33110537	0.01400974	0.64919595	0.00568894
0.01149473	0.04552339	0.00853462	0.93444727
0.27491525	0.23491525	0.22977401	0.26039548
