#M00450	Zic3
#p.cut	M00450	EpiUwRmapDNaseFetal.Lung.SRX062368	0.01	0.05	0.1	0.25	0.5	0.75	0.9	0.95	0.99	
#p.Tcut2	M00450	EpiUwRmapDNaseFetal.Lung.SRX062368	13.43	15.08	15.83	16.93	18.02	19.12	20.22	20.97	22.62	
#p.Tcut2b	M00450	EpiUwRmapDNaseFetal.Lung.SRX062368	12.47	14.12	14.86	15.96	17.06	18.16	19.26	20.01	21.66	
A	C	G	T
0.19850955	0.22681434	0.30762657	0.26704953
0.12797332	0.37927714	0.31883938	0.17391017
0.00408878	0.02087075	0.00917543	0.96586505
0.0067639	0.0025574	0.98731518	0.00336352
0.00504045	0.00332088	0.9865962	0.00504247
0.00675582	0.00249983	0.98652314	0.00422122
0.00508534	0.01098123	0.00752888	0.97640455
0.00753476	0.00407755	0.98263144	0.00575624
0.00501825	0.00165939	0.98919112	0.00413124
0.00488271	0.03082188	0.00324882	0.96104658
0.00486971	0.98156807	0.00595009	0.00761213
0.24111386	0.30987021	0.05462965	0.39438628
0.19850955	0.22681434	0.30762657	0.26704953
