#M00467	Roaz
#p.cut	M00467	UwDnaseHmvecdad	0.01	0.05	0.1	0.25	0.5	0.75	0.9	0.95	0.99	
#p.Tcut2	M00467	UwDnaseHmvecdad	12.57	14.22	14.97	16.07	17.16	18.26	19.36	20.11	21.76	
#p.Tcut2b	M00467	UwDnaseHmvecdad	12.41	14.06	14.81	15.91	17	18.1	19.2	19.95	21.6	
A	C	G	T
0.21103777	0.29767143	0.30179685	0.18949395
0.33556479	0.13935968	0.30164965	0.22342589
0.02493384	0.04929296	0.90595039	0.01982281
0.04468406	0.87613788	0.04443518	0.03474287
0.84629446	0.06429794	0.04489722	0.04451037
0.02972929	0.8526233	0.09296862	0.02467879
0.0543384	0.89072058	0.01995099	0.03499003
0.02000598	0.93090022	0.01956292	0.02953087
0.67400595	0.10804223	0.05454591	0.16340591
0.60899465	0.04900232	0.08380608	0.25819694
0.05390007	0.02488505	0.89121513	0.02999975
0.03936244	0.02002016	0.90604131	0.03457609
0.04470513	0.06469151	0.88059495	0.01000841
0.04986253	0.04976309	0.03962824	0.86074614
0.04919844	0.35673589	0.58430665	0.00975902
0.37629446	0.31176542	0.09399369	0.21794643
0.21103777	0.29767143	0.30179685	0.18949395
