#M00474	FOXO1
#p.cut	M00474	UwDgfT47d	0.01	0.05	0.1	0.25	0.5	0.75	0.9	0.95	0.99	
#p.Tcut2	M00474	UwDgfT47d	18.4	20.06	20.8	21.9	23	24.1	25.2	25.94	27.6	
#p.Tcut2b	M00474	UwDgfT47d	12.38	14.04	14.78	15.88	16.98	18.08	19.18	19.92	21.57	
A	C	G	T
0.23443807	0.18221089	0.19803838	0.38531265
0.16474571	0.02665108	0.56366966	0.24493355
0.14981168	0.02709049	0.12888739	0.69421044
0.08480157	0.21186415	0.3209006	0.38243368
0.02464578	0.01905372	0.01142126	0.94487923
0.00761379	0.00387581	0.00193568	0.98657472
0.02073908	0.00372773	0.96988663	0.00564656
0.00190739	0.00763545	0.00189996	0.9885572
0.00193709	0.00564838	1e-06	0.99241353
0.00193953	0.01152219	0.00387806	0.98266023
0.97313423	0.0038213	0.01938628	0.00365819
0.00387805	0.96960437	0.00193953	0.02457806
0.47814452	0.04192365	0.04594201	0.43398983
0.05167253	0.06116952	0.0741301	0.81302785
0.00775492	0.12038042	0.08560654	0.78625812
0.23443807	0.18221089	0.19803838	0.38531265
