#M00435	PIF3
#p.cut	M00435	EpiUwRmapDNaseMobilized.CD3.Primary.Cells.SRX089240	0.01	0.05	0.1	0.25	0.5	0.75	0.9	0.95	0.99	
#p.Tcut2	M00435	EpiUwRmapDNaseMobilized.CD3.Primary.Cells.SRX089240	12.89	14.54	15.29	16.39	17.49	18.59	19.68	20.43	22.08	
#p.Tcut2b	M00435	EpiUwRmapDNaseMobilized.CD3.Primary.Cells.SRX089240	12.18	13.83	14.58	15.68	16.78	17.88	18.98	19.72	21.37	
A	C	G	T
0.21718327	0.28992442	0.31259968	0.18029263
0.41886951	0.08340468	0.34412678	0.15359903
0.31275359	0.13429744	0.38750224	0.16544674
0.30776529	0.09513816	0.43886498	0.15823157
0.22052206	0.37670677	0.39479013	0.00798104
0.00763469	0.86543096	0.12318035	0.003754
0.00399237	0.99201427	1e-06	0.00399237
0.98004017	0.00399237	0.00798373	0.00798373
0.01197404	0.90922867	0.01993815	0.05885913
0.05513417	0.01191063	0.91718043	0.01577477
0.00367222	0.00783985	1e-06	0.98848694
0.01165495	1e-06	0.98834305	1e-06
0.01161508	0.00397299	0.98041956	0.00399236
0.22042926	0.34408631	0.40027735	0.03520708
0.39426333	0.51906126	0.01964976	0.06702564
0.32661853	0.35264832	0.30123003	0.01950312
0.21718327	0.28992442	0.31259968	0.18029263
