#M00441	GBF
#p.cut	M00441	UwDnaseCaco2	0.01	0.05	0.1	0.25	0.5	0.75	0.9	0.95	0.99	
#p.Tcut2	M00441	UwDnaseCaco2	8.73	10.38	11.12	12.22	13.32	14.42	15.52	16.26	17.92	
#p.Tcut2b	M00441	UwDnaseCaco2	10.78	12.43	13.18	14.28	15.38	16.47	17.57	18.32	19.97	
A	C	G	T
0.16717791	0.35453044	0.30273714	0.17555451
0.0188623	0.06736544	0.31244085	0.60133141
0.01774712	0.03715548	0.62210569	0.32299172
0.11661983	0.77723981	1e-06	0.10613937
0.01257858	0.96885297	0.00597295	0.0125955
0.94512298	0.00629827	0.03629869	0.01228007
0.00609644	0.96404855	1e-06	0.02985401
0.0418743	0.01239371	0.945731	1e-06
0.00569404	0.03558138	0.01259553	0.94612905
0.00629827	0.13497335	0.85301468	0.00571371
0.1234736	0.00628223	0.71149524	0.15874893
0.02981028	0.93914745	0.02481178	0.00623049
0.23606956	0.68326214	0.04352459	0.03714371
0.16717791	0.35453044	0.30273714	0.17555451
