#M00418	TGIF
#p.cut	M00418	EpiUwRmapDNaseFetal.Thymus.SRX055201	0.01	0.05	0.1	0.25	0.5	0.75	0.9	0.95	0.99	
#p.Tcut2	M00418	EpiUwRmapDNaseFetal.Thymus.SRX055201	14.01	15.66	16.41	17.51	18.61	19.71	20.81	21.55	23.2	
#p.Tcut2b	M00418	EpiUwRmapDNaseFetal.Thymus.SRX055201	13.61	15.26	16.01	17.11	18.2	19.3	20.4	21.15	22.8	
A	C	G	T
0.27404295	0.23596105	0.25070028	0.23929572
0.27805446	0.39568993	0.20464596	0.12160966
0.97991618	0.00664871	0.01343411	1e-06
0.01691392	0.00655605	0.97652903	1e-06
0.00642234	0.97307952	0.0034529	0.01704524
0.00660288	0.0201027	0.0034529	0.96984152
0.01003434	0.00972868	0.97333354	0.00690343
1e-06	0.00343872	0.01022632	0.98633396
0.00677453	0.98646996	1e-06	0.00675451
0.99026401	1e-06	0.00973399	1e-06
0.21224238	0.19607179	0.44586006	0.14582576
0.51451152	0.0067884	0.21102486	0.26767523
0.98289309	1e-06	0.01367519	0.00343072
0.27404295	0.23596105	0.25070028	0.23929572
