#M00406	MEF-2
#p.cut	M00406	EpiUwRmapDNaseFetal.Heart.SRX062366	0.01	0.05	0.1	0.25	0.5	0.75	0.9	0.95	0.99	
#p.Tcut2	M00406	EpiUwRmapDNaseFetal.Heart.SRX062366	17.96	19.61	20.36	21.46	22.56	23.66	24.76	25.5	27.15	
#p.Tcut2b	M00406	EpiUwRmapDNaseFetal.Heart.SRX062366	13.45	15.1	15.85	16.94	18.04	19.14	20.24	20.99	22.64	
A	C	G	T
0.32575758	0.22849026	0.18060065	0.26515152
0.16649117	0.27300732	0.38906324	0.17143827
0.07825633	0.01490175	0.34354421	0.5632977
0.01505695	0.6443157	0.00998191	0.33064543
0.00992741	0.02003558	0.00251806	0.96751895
0.97484541	0.00509175	0.01244662	0.00761622
0.88839804	0.00242584	1e-06	0.10917512
0.97963599	1e-06	0.01272589	0.00763712
0.98986602	1e-06	0.00254638	0.00758661
0.96492209	0.00254617	1e-06	0.03253073
0.01244909	0.00509095	0.00486998	0.97758998
0.99237163	0.00253561	1e-06	0.00509175
0.80032882	0.08111658	0.08572794	0.03282665
0.05299728	0.89434334	0.02536892	0.02729046
0.03051629	0.55488047	0.0101825	0.40442073
0.11054645	0.6846868	0.01770344	0.18706331
0.23997439	0.30586192	0.02778577	0.42637792
0.32575758	0.22849026	0.18060065	0.26515152
