#M00491	MAZR
#p.cut	M00491	OpenChromDnaseHsmmemb	0.01	0.05	0.1	0.25	0.5	0.75	0.9	0.95	0.99	
#p.Tcut2	M00491	OpenChromDnaseHsmmemb	10.63	12.29	13.03	14.13	15.23	16.33	17.43	18.17	19.82	
#p.Tcut2b	M00491	OpenChromDnaseHsmmemb	7.6	9.25	10	11.1	12.2	13.3	14.4	15.14	16.79	
A	C	G	T
0.16731841	0.2391485	0.45524978	0.13828331
0.20826235	0.07257848	0.55719245	0.16196672
0.07805464	0.11289102	0.78175095	0.02730338
0.09445607	0.08586823	0.76566777	0.05400793
0.02215999	0.02957634	0.91953213	0.02873155
0.0373954	0.03131118	0.91475441	0.01653902
0.27785743	0.03940212	0.58252855	0.10021189
0.01307701	0.00920827	0.96862983	0.00908489
0.02353511	0.00919001	0.96074157	0.00653331
0.019614	0.01162262	0.96350811	0.00525527
0.00521452	0.00789973	0.98294232	0.00394342
0.21082967	0.65505836	0.00260733	0.13150464
0.13084042	0.65284539	0.12950633	0.08680786
0.42177616	0.30178409	0.19270882	0.08373093
0.16731841	0.2391485	0.45524978	0.13828331
