#M00464	POU3F2
#p.cut	M00464	EpiUwRmapDNaseiPS.DF.1911.Cell.Line.SRX135563	0.01	0.05	0.1	0.25	0.5	0.75	0.9	0.95	0.99	
#p.Tcut2	M00464	EpiUwRmapDNaseiPS.DF.1911.Cell.Line.SRX135563	18.04	19.69	20.44	21.54	22.64	23.73	24.83	25.58	27.23	
#p.Tcut2b	M00464	EpiUwRmapDNaseiPS.DF.1911.Cell.Line.SRX135563	11.59	13.24	13.98	15.08	16.18	17.28	18.38	19.12	20.78	
A	C	G	T
0.27122402	0.17371824	0.19339492	0.36166282
0.00224292	0.01827338	0.00700952	0.97247418
1e-06	0.01843595	0.00671542	0.97484763
0.97016088	0.00442287	0.02084118	0.00457507
0.00457756	0.02318252	0.00223635	0.97000356
0.00467312	0.00700137	0.98144209	0.00688342
0.00212286	0.02072517	1e-06	0.97715098
0.00932164	0.00680217	1e-06	0.98387519
0.98211197	0.00444306	0.00444429	0.00900067
0.98612073	0.00447985	0.00939842	1e-06
0.00680578	0.01641208	0.00700926	0.96977289
0.27122402	0.17371824	0.19339492	0.36166282
