#M00481	AR
#p.cut	M00481	UwDgfLhcnm2	0.01	0.05	0.1	0.25	0.5	0.75	0.9	0.95	0.99	
#p.Tcut2	M00481	UwDgfLhcnm2	13.61	15.26	16	17.1	18.2	19.3	20.4	21.14	22.8	
#p.Tcut2b	M00481	UwDgfLhcnm2	12.98	14.63	15.38	16.48	17.57	18.67	19.77	20.52	22.17	
A	C	G	T
0.25680457	0.21619488	0.24684268	0.28015787
0.25204942	0.00607088	0.69128107	0.05059862
0.01318982	0.0028052	0.97960687	0.00439811
0.44959344	0.01345863	0.12299495	0.41395299
0.94030934	0.01036878	0.01180569	0.0375162
0.0045046	0.9616642	0.01188501	0.0219462
0.91496306	0.00747625	0.06712662	0.01043407
0.13848167	0.18580683	0.44975792	0.22595359
0.2903996	0.12482582	0.35015192	0.23462266
0.37931776	0.11667982	0.38750107	0.11650134
0.0509509	0.04352645	1e-06	0.90552165
0.01050571	0.00759025	0.97747093	0.00443311
0.00303702	0.00150801	0.00303707	0.9924179
0.08211773	0.0912989	0.16009842	0.66648496
0.01037872	0.98215636	0.00302128	0.00444364
0.01041823	0.17703907	1e-06	0.8125417
0.25680457	0.21619488	0.24684268	0.28015787
