#M00489	Nkx6-2
#p.cut	M00489	UwDnaseCaco2	0.01	0.05	0.1	0.25	0.5	0.75	0.9	0.95	0.99	
#p.Tcut2	M00489	UwDnaseCaco2	17.55	19.2	19.95	21.05	22.15	23.25	24.35	25.09	26.74	
#p.Tcut2b	M00489	UwDnaseCaco2	11.34	12.99	13.74	14.83	15.93	17.03	18.13	18.88	20.53	
A	C	G	T
0.32852564	0.16529304	0.18658425	0.31959707
0.14255967	0.25156823	0.22158419	0.38428791
0.23936503	0.27247427	0.18906315	0.29909755
0.30649482	0.25253848	0.1665042	0.2744625
0.32080976	0.09428355	0.20374422	0.38116247
0.28509892	0.23878458	0.19139988	0.28471662
0.2161075	0.20299429	0.17761814	0.40328007
0.32044695	0.18963632	0.14458776	0.34532897
0.25002117	0.23860794	0.21395742	0.29741348
0.38034289	0.02387641	0.22920721	0.3665735
0.01214097	0.01173368	0.97612435	1e-06
0.6069643	1e-06	1e-06	0.3930337
0.97643391	1e-06	0.02356409	1e-06
0.96446992	1e-06	0.03552808	1e-06
1e-06	1e-06	0.02338502	0.97661298
0.98785427	0.01214373	1e-06	1e-06
0.999997	1e-06	1e-06	1e-06
1e-06	0.01173368	1e-06	0.98826432
0.01214373	0.01153721	1e-06	0.97631807
0.96397887	1e-06	1e-06	0.03601913
0.0237954	0.29896577	0.28604551	0.39119332
0.01192695	0.3704526	0.30949636	0.30812409
0.32852564	0.16529304	0.18658425	0.31959707
