#M00405	MEF-2
#p.cut	M00405	UwDnaseH7esDiffa14d	0.01	0.05	0.1	0.25	0.5	0.75	0.9	0.95	0.99	
#p.Tcut2	M00405	UwDnaseH7esDiffa14d	15.61	17.26	18.01	19.11	20.21	21.3	22.4	23.15	24.8	
#p.Tcut2b	M00405	UwDnaseH7esDiffa14d	11.5	13.15	13.89	14.99	16.09	17.19	18.29	19.03	20.69	
A	C	G	T
0.31853907	0.22249191	0.18654646	0.27242256
0.25619528	0.55923125	0.14601113	0.03856235
0.07413597	0.01912889	0.28272581	0.62400933
0.02257913	0.25262817	0.61502858	0.10976412
0.06799622	0.05146351	0.129916	0.75062427
0.0583287	0.25753797	0.00329649	0.68083685
0.02265647	1e-06	0.00329684	0.97404569
0.97389045	0.00329686	0.00962964	0.01318305
0.92557511	0.00302162	0.00967002	0.06173324
0.9905018	0.0032596	0.00623759	1e-06
0.90742739	1e-06	0.00329686	0.08927475
0.88292425	0.00645042	0.0095957	0.10102964
0.31011007	0.04181251	0.0130805	0.63499692
0.74472032	0.11336042	0.13884078	0.00307848
0.54066397	0.36501681	0.06830718	0.02601204
0.08821092	0.82442909	0.00988742	0.07747258
0.08708635	0.58987213	0.00329686	0.31974465
0.31853907	0.22249191	0.18654646	0.27242256
