#M00436	IPF1
#p.cut	M00436	EpiUwRmapDNaseFetal.Brain.SRX026914	0.01	0.05	0.1	0.25	0.5	0.75	0.9	0.95	0.99	
#p.Tcut2	M00436	EpiUwRmapDNaseFetal.Brain.SRX026914	15.25	16.9	17.64	18.74	19.84	20.94	22.04	22.78	24.44	
#p.Tcut2b	M00436	EpiUwRmapDNaseFetal.Brain.SRX026914	12.76	14.41	15.16	16.26	17.35	18.45	19.55	20.3	21.95	
A	C	G	T
0.30473373	0.20079991	0.21000438	0.28446198
0.25871951	0.05992579	0.25344883	0.42790588
0.0367485	0.00287428	0.95175707	0.00862015
0.46177307	0.20510527	0.01145804	0.32166362
0.30513895	0.01426411	0.31931789	0.36127905
0.00862107	0.23732626	0.00859307	0.7454596
0.0053117	0.00574774	0.00262079	0.98631977
0.98297999	0.00555588	0.01146313	1e-06
0.99429491	0.00287437	0.00282972	1e-06
0.00838756	0.01132575	0.00287437	0.97741232
0.01926772	1e-06	0.97213636	0.00859492
0.95731056	0.01148586	0.03120258	1e-06
0.00572169	0.96270158	0.01149439	0.02008234
0.56468053	0.40138071	0.00862111	0.02531765
0.30473373	0.20079991	0.21000438	0.28446198
