#M00461	Ovo
#p.cut	M00461	UwDgfK562Znfa41c6	0.01	0.05	0.1	0.25	0.5	0.75	0.9	0.95	0.99	
#p.Tcut2	M00461	UwDgfK562Znfa41c6	16.55	18.2	18.95	20.05	21.14	22.24	23.34	24.09	25.74	
#p.Tcut2b	M00461	UwDgfK562Znfa41c6	13.11	14.76	15.51	16.61	17.7	18.8	19.9	20.65	22.3	
A	C	G	T
0.31688312	0.20361378	0.1931677	0.2863354
0.39235254	0.08084629	0.10001548	0.42678569
0.73609121	0.05306132	0.0374892	0.17335828
0.16181591	0.31772631	0.00624257	0.51421521
0.84797432	0.00935261	0.00906944	0.13360363
0.06200855	0.048893	0.86723691	0.02186153
0.02795752	0.01251629	0.00639805	0.95312815
0.97558375	0.00287991	0.01833682	0.00319952
0.9876102	0.00319952	0.00599093	0.00319934
0.00604626	0.95642779	0.01555201	0.02197394
0.77895328	0.03111293	0.01262629	0.17730751
0.03135443	0.02169912	0.93767452	0.00927192
0.09220139	0.15280431	0.00631774	0.74867656
0.11750208	0.66292247	0.16702235	0.0525531
0.47090651	0.30870416	0.07743225	0.14295708
0.22288915	0.40153614	0.20487296	0.17070175
0.31688312	0.20361378	0.1931677	0.2863354
