#M00440	CG1
#p.cut	M00440	UwDnaseCaco2	0.01	0.05	0.1	0.25	0.5	0.75	0.9	0.95	0.99	
#p.Tcut2	M00440	UwDnaseCaco2	9.62	11.28	12.02	13.12	14.22	15.32	16.42	17.16	18.81	
#p.Tcut2b	M00440	UwDnaseCaco2	11.36	13.01	13.75	14.85	15.95	17.05	18.15	18.9	20.55	
A	C	G	T
0.17148263	0.34055728	0.31742346	0.17053664
0.02166501	0.02622868	0.59981886	0.35228745
0.06187588	0.79628914	1e-06	0.14183399
0.00408511	0.96081545	1e-06	0.03509844
0.95640047	0.00408511	0.03951341	1e-06
0.0129617	0.92313795	0.00830501	0.05559534
0.03520136	0.01296017	0.95183747	1e-06
0.00450393	0.03093753	0.01347953	0.95107901
0.01313781	0.00449161	0.98236958	1e-06
0.11513949	0.10883091	0.7760286	1e-06
1e-06	0.999997	1e-06	1e-06
0.5404938	0.42514245	0.03436274	1e-06
0.17148263	0.34055728	0.31742346	0.17053664
