#M00411	HNF4alpha1
#p.cut	M00411	UwDgfK562Znfp5	0.01	0.05	0.1	0.25	0.5	0.75	0.9	0.95	0.99	
#p.Tcut2	M00411	UwDgfK562Znfp5	14.65	16.3	17.05	18.15	19.25	20.34	21.44	22.19	23.84	
#p.Tcut2b	M00411	UwDgfK562Znfp5	13.78	15.43	16.18	17.28	18.37	19.47	20.57	21.32	22.97	
A	C	G	T
0.28205512	0.22339444	0.2957476	0.19880284
0.30579628	0.14288159	0.47471934	0.07660279
0.56254988	0.0111053	0.38816905	0.03817577
0.02353018	0.00406077	0.97240805	1e-06
0.06012291	0.00275644	0.88757913	0.04954151
0.13803669	0.13612913	0.31152298	0.4143112
0.002802	0.98085955	0.00946952	0.00686893
0.97806215	0.00263252	0.01930433	1e-06
0.97791795	0.00139951	0.02068154	1e-06
0.98645041	0.00268437	0.00819518	0.00267004
0.0081523	0.00139031	0.98908723	0.00137016
0.01228825	0.02573355	0.80015548	0.16182272
0.03075299	0.20107939	0.13119613	0.63697149
0.00408028	0.93836718	0.00950933	0.04804322
0.89330586	0.0053043	0.09726005	0.00412978
0.28205512	0.22339444	0.2957476	0.19880284
