#M00443	Opaque-2
#p.cut	M00443	EpiUwRmapDNaseMobilized.CD3.Primary.Cells.SRX089240	0.01	0.05	0.1	0.25	0.5	0.75	0.9	0.95	0.99	
#p.Tcut2	M00443	EpiUwRmapDNaseMobilized.CD3.Primary.Cells.SRX089240	11.73	13.38	14.13	15.23	16.33	17.43	18.52	19.27	20.92	
#p.Tcut2b	M00443	EpiUwRmapDNaseMobilized.CD3.Primary.Cells.SRX089240	10.81	12.46	13.21	14.3	15.4	16.5	17.6	18.35	20	
A	C	G	T
0.28139831	0.22016437	0.24782961	0.25060771
0.20273322	0.6140955	0.02964402	0.15352726
0.91358424	1e-06	0.08020926	0.0062055
1e-06	0.04305235	0.62450405	0.33244259
0.54644982	0.01235499	0.03102582	0.41016937
0.00620707	0.2218172	0.00581603	0.76615971
0.01200021	0.41281055	0.57518825	1e-06
0.999997	1e-06	1e-06	1e-06
0.00620707	0.83674152	0.01216682	0.14488459
0.20238411	0.01241157	0.76701419	0.01819013
0.00614756	0.0062055	0.00605319	0.98159376
0.23300836	0.09868943	0.65604296	0.01225926
0.42824962	1e-06	0.56577587	0.00597351
0.63072907	0.01856702	0.01806518	0.33263873
0.28139831	0.22016437	0.24782961	0.25060771
