#M00446	Spz1
#p.cut	M00446	UwDgfK562Znfa41c6	0.01	0.05	0.1	0.25	0.5	0.75	0.9	0.95	0.99	
#p.Tcut2	M00446	UwDgfK562Znfa41c6	16.32	17.97	18.71	19.81	20.91	22.01	23.11	23.86	25.51	
#p.Tcut2b	M00446	UwDgfK562Znfa41c6	12.19	13.84	14.59	15.69	16.79	17.89	18.99	19.73	21.38	
A	C	G	T
0.22861463	0.17425817	0.401134	0.1959932
0.17191656	0.00635988	0.66220346	0.1595201
0.07241069	0.34359598	0.51367117	0.07032216
0.72877506	0.09007952	0.06251898	0.11862644
0.01045432	0.01464117	0.97297287	0.00193164
0.01863861	0.0123961	0.96687873	0.00208656
0.71414567	0.006329	0.23399278	0.04553255
0.01233635	0.01030211	0.97736054	1e-06
0.01039155	0.00629578	0.97529926	0.00801342
0.02526201	0.0083294	0.94557719	0.02083141
0.34960517	0.04604985	0.02274105	0.58160394
0.47957405	0.02475059	0.12739407	0.36828129
0.13493939	0.05238454	0.20894647	0.6037296
0.06016741	0.00424037	0.83570727	0.09988496
0.03518523	0.09554199	0.80272021	0.06655257
0.06890052	0.41978005	0.49457546	0.01674396
0.22861463	0.17425817	0.401134	0.1959932
