#M00451	Nkx3-1
#p.cut	M00451	EpiUwRmapDNaseCD4.Primary.Cells.SRX055203	0.01	0.05	0.1	0.25	0.5	0.75	0.9	0.95	0.99	
#p.Tcut2	M00451	EpiUwRmapDNaseCD4.Primary.Cells.SRX055203	17.29	18.94	19.69	20.79	21.89	22.98	24.08	24.83	26.48	
#p.Tcut2b	M00451	EpiUwRmapDNaseCD4.Primary.Cells.SRX055203	8.99	10.65	11.39	12.49	13.59	14.69	15.79	16.53	18.19	
A	C	G	T
0.33496503	0.14772727	0.16818182	0.34912587
0.2557298	0.28165857	0.21003367	0.25257795
0.34764355	0.17906963	0.2011652	0.27212162
0.27412201	0.2376081	0.1637309	0.32453899
0.29993688	0.19028888	0.17351042	0.33626382
0.28109231	0.21710477	0.17346982	0.3283331
0.39186455	0.21923179	0.14542509	0.24347857
0.31624473	0.23638197	0.12719757	0.32017573
0.36520911	0.16339622	0.13689147	0.3345032
0.44285739	0.11096509	0.17457335	0.27160417
0.24544561	0.21937432	0.18336635	0.35181373
0.32613217	0.21116942	0.18063484	0.28206357
0.36544671	0.21118568	0.11781851	0.3055491
0.28507893	0.20627469	0.2159179	0.29272848
0.29919652	0.22800109	0.21088093	0.26192146
0.27480661	0.17936316	0.20000986	0.34582037
0.29030457	0.25468911	0.18273324	0.27227308
0.33526471	0.15441823	0.15461446	0.3557026
0.25481114	0.20120492	0.15347755	0.39050639
0.2484057	0.13607124	0.24489111	0.37063196
0.32023937	0.18007575	0.17295961	0.32672527
0.41711967	0.08246387	0.05461532	0.44580114
0.55361924	0.02655587	0.00884356	0.41098134
0.91872185	0.00928827	0.04457716	0.02741272
0.02663268	0.01804424	0.02715852	0.92816456
0.98196324	1e-06	0.00875638	0.00927938
0.96338594	0.00929178	0.0180305	0.00929178
0.03687365	0.00838234	0.95474301	1e-06
1e-06	0.02787331	0.01825167	0.95387402
0.945541	0.01788011	0.03657788	1e-06
1e-06	0.01817453	1e-06	0.98182347
0.34642841	1e-06	0.01858256	0.63498803
1e-06	0.01786747	0.00896089	0.97317063
0.28751754	0.16445999	0.26685635	0.28116613
0.27418149	0.17389798	0.12549598	0.42642455
0.28290922	0.11793883	0.17340996	0.42574199
0.28084343	0.08255548	0.35457264	0.28202845
0.33496503	0.14772727	0.16818182	0.34912587
