#M00408	MADS-A
#p.cut	M00408	UwDnaseGm12878	0.01	0.05	0.1	0.25	0.5	0.75	0.9	0.95	0.99	
#p.Tcut2	M00408	UwDnaseGm12878	19.89	21.54	22.28	23.38	24.48	25.58	26.68	27.42	29.08	
#p.Tcut2b	M00408	UwDnaseGm12878	12.04	13.69	14.44	15.54	16.64	17.74	18.83	19.58	21.23	
A	C	G	T
0.39470689	0.15473819	0.19223108	0.25832385
0.72890336	0.01970892	0.02396734	0.22742038
0.33008084	0.04306574	0.19531615	0.43153727
0.49881832	0.0117808	0.02814983	0.46125105
0.37377739	0.27853322	0.0358489	0.3118405
0.04420733	0.36331007	0.24998746	0.34249515
0.80089446	0.00804948	0.17486191	0.01619415
0.9801161	0.00405133	0.01583157	1e-06
0.99611441	1e-06	0.00388359	1e-06
0.98387847	0.00405079	0.01206974	1e-06
0.96431708	0.00763151	0.02400011	0.00405131
0.00405116	0.01591642	0.01177118	0.96826125
0.00786795	1e-06	0.97622195	0.0159091
0.02747265	0.2321471	0.73633416	0.00404609
0.96852422	1e-06	0.03147378	1e-06
0.98807719	1e-06	0.01192081	1e-06
0.76791351	0.01215187	0.01969053	0.20024409
0.39470689	0.15473819	0.19223108	0.25832385
