#M00495	Bach1
#p.cut	M00495	UwDnaseHelas3	0.01	0.05	0.1	0.25	0.5	0.75	0.9	0.95	0.99	
#p.Tcut2	M00495	UwDnaseHelas3	13.73	15.38	16.13	17.23	18.33	19.43	20.53	21.27	22.92	
#p.Tcut2b	M00495	UwDnaseHelas3	12.59	14.24	14.98	16.08	17.18	18.28	19.38	20.12	21.78	
A	C	G	T
0.28094305	0.2059953	0.23687304	0.27618861
0.51505492	0.15374492	0.26310665	0.0680935
0.29226255	0.2169467	0.23034905	0.26044169
0.14011044	0.2970231	0.45868347	0.10418299
0.82168326	0.01365353	0.16396454	0.00069867
1e-06	0.00572538	1e-06	0.99427262
0.00072781	1e-06	0.99567073	0.00360046
0.99783212	0.00143908	0.00072781	1e-06
0.00507705	1e-06	0.99139252	0.00352943
1e-06	0.00144956	1e-06	0.99854844
0.00065595	0.99934205	1e-06	1e-06
0.99657161	1e-06	0.00276388	0.00066351
1e-06	0.04604801	0.00716943	0.94678157
0.11423147	0.25816828	0.48625794	0.1413423
0.26292123	0.3335467	0.22132694	0.18220513
0.06263544	0.25188098	0.11791313	0.56757045
0.28094305	0.2059953	0.23687304	0.27618861
