#M00459	STAT5B (homodimer)
#p.cut	M00459	UwDnaseH1hesc	0.01	0.05	0.1	0.25	0.5	0.75	0.9	0.95	0.99	
#p.Tcut2	M00459	UwDnaseH1hesc	15.72	17.37	18.12	19.22	20.32	21.41	22.51	23.26	24.91	
#p.Tcut2b	M00459	UwDnaseH1hesc	13.12	14.77	15.52	16.61	17.71	18.81	19.91	20.66	22.31	
A	C	G	T
0.25791624	0.2206333	0.21716037	0.30429009
0.17944505	0.16189999	0.37775338	0.28090158
0.74259166	0.01614534	0.11752038	0.12374261
0.37703464	0.0112884	0.01622794	0.59544902
1e-06	0.02241522	0.01087977	0.96670401
1e-06	0.02735568	1e-06	0.97264232
1e-06	0.99428978	1e-06	0.00570822
0.01080163	0.69187834	0.00570725	0.29161278
0.05101961	0.04454033	0.05071575	0.85372432
0.07853747	0.00571168	0.91003914	0.00571171
0.00571171	1e-06	0.99428629	1e-06
0.97794392	1e-06	0.01115461	0.01090047
0.977328	1e-06	0.02267	1e-06
0.28016002	0.02810433	0.02228487	0.66945077
0.05072963	0.14549335	1e-06	0.80377602
0.06218622	0.29257144	0.11351101	0.53173133
0.25791624	0.2206333	0.21716037	0.30429009
