#M00404	MADS-B
#p.cut	M00404	EpiUwRmapDNaseCD4.Primary.Cells.SRX204404	0.01	0.05	0.1	0.25	0.5	0.75	0.9	0.95	0.99	
#p.Tcut2	M00404	EpiUwRmapDNaseCD4.Primary.Cells.SRX204404	19.04	20.69	21.44	22.53	23.63	24.73	25.83	26.58	28.23	
#p.Tcut2b	M00404	EpiUwRmapDNaseCD4.Primary.Cells.SRX204404	12.42	14.07	14.82	15.92	17.02	18.11	19.21	19.96	21.61	
A	C	G	T
0.37485132	0.19099405	0.17536109	0.25879354
0.23368662	0.01829254	0.05564603	0.69237482
0.41057138	0.2719116	0.0092632	0.30825382
0.35562867	0.62535832	0.00950651	0.00950651
0.02849594	0.42194595	0.04729356	0.50226456
0.95323173	0.00950651	0.02775526	0.00950651
0.83096399	1e-06	0.01901201	0.150023
0.98133083	0.00916357	0.0095046	1e-06
0.95332137	1e-06	0.00881772	0.03785991
0.97207907	1e-06	0.00950651	0.01841343
0.00950651	0.01808449	0.08464361	0.8877654
0.03717966	1e-06	0.94406894	0.0187504
0.09324525	0.204257	0.70249675	1e-06
0.87931088	0.10184548	0.01884264	1e-06
0.97208086	1e-06	1e-06	0.02791714
0.86891864	1e-06	0.0844312	0.04664916
0.37485132	0.19099405	0.17536109	0.25879354
