#M00449	Zic2
#p.cut	M00449	OpenChromDnaseGm10248	0.01	0.05	0.1	0.25	0.5	0.75	0.9	0.95	0.99	
#p.Tcut2	M00449	OpenChromDnaseGm10248	16.04	17.69	18.43	19.53	20.63	21.73	22.83	23.57	25.23	
#p.Tcut2b	M00449	OpenChromDnaseGm10248	14.1	15.75	16.49	17.59	18.69	19.79	20.89	21.64	23.29	
A	C	G	T
0.19907103	0.2028747	0.35516787	0.2428864
0.04140772	0.00910185	0.93346012	0.0160303
0.01617449	0.01267333	0.96573339	0.0054188
0.01811564	0.00532963	0.96400771	0.01254702
0.02346924	0.00728744	0.95845542	0.01078789
0.00354604	0.01459992	0.03423006	0.94762398
0.01402352	0.00913222	0.96083029	0.01601396
0.01070606	0.02164193	0.95863543	0.00901658
0.00183173	0.04152349	0.01080048	0.9458443
0.00896016	0.94624003	0.02689838	0.01790143
0.34687494	0.24051473	0.1067344	0.30587593
0.19907103	0.2028747	0.35516787	0.2428864
