#M00424	Nkx6-1
#p.cut	M00424	EpiUwRmapDNaseMobilized.CD3.Primary.Cells.SRX089240	0.01	0.05	0.1	0.25	0.5	0.75	0.9	0.95	0.99	
#p.Tcut2	M00424	EpiUwRmapDNaseMobilized.CD3.Primary.Cells.SRX089240	19.85	21.5	22.25	23.35	24.44	25.54	26.64	27.39	29.04	
#p.Tcut2b	M00424	EpiUwRmapDNaseMobilized.CD3.Primary.Cells.SRX089240	11.02	12.67	13.41	14.51	15.61	16.71	17.81	18.55	20.21	
A	C	G	T
0.2709434	0.14767296	0.17408805	0.4072956
0.10717976	0.10724053	1e-06	0.78557871
0.17413871	0.01266302	1e-06	0.81319727
1e-06	0.04093599	1e-06	0.95906201
0.013646	0.03970869	1e-06	0.94664431
0.02636503	0.01266302	0.013646	0.94732594
0.98645056	0.01354744	1e-06	1e-06
0.97496946	1e-06	0.02502854	1e-06
0.013646	0.02633382	1e-06	0.96001918
1e-06	0.01364525	0.1464362	0.83991755
0.01364525	1e-06	0.80216966	0.18418408
0.07925946	0.06768987	0.74516913	0.10788154
0.14485022	0.01268908	0.01320971	0.82925099
0.01289595	1e-06	1e-06	0.98710205
0.23778441	0.20011807	0.1879014	0.37419612
0.29193525	0.22926469	0.15838658	0.32041348
0.28032391	0.13219185	0.17557706	0.41190718
0.31857845	0.09219436	0.1757161	0.41351109
0.26685705	0.17234067	0.1889453	0.37185697
0.27721942	0.17431899	0.20109846	0.34736313
0.26762351	0.1747201	0.26836798	0.28928842
0.30688019	0.24106369	0.18631477	0.26574135
0.37596234	0.14583189	0.1345616	0.34364417
0.35992445	0.13371101	0.21315403	0.2932105
0.33196356	0.13317766	0.21486816	0.31999061
0.26706963	0.17572952	0.17379176	0.38340909
0.25371386	0.22713902	0.20173304	0.31741408
0.34636664	0.1879943	0.16234077	0.3032983
0.27987977	0.22546694	0.18806256	0.30659073
0.26781082	0.19930235	0.15917875	0.37370809
0.24049326	0.20112958	0.23883581	0.31954135
0.3330113	0.21146279	0.12134102	0.33418489
0.22687756	0.29112621	0.1090888	0.37290743
0.2709434	0.14767296	0.17408805	0.4072956
