#M00448	Zic1
#p.cut	M00448	EpiUwRmapDNaseFetal.Lung.SRX062368	0.01	0.05	0.1	0.25	0.5	0.75	0.9	0.95	0.99	
#p.Tcut2	M00448	EpiUwRmapDNaseFetal.Lung.SRX062368	13.42	15.07	15.82	16.92	18.02	19.12	20.22	20.96	22.61	
#p.Tcut2b	M00448	EpiUwRmapDNaseFetal.Lung.SRX062368	12.46	14.11	14.86	15.96	17.06	18.15	19.25	20	21.65	
A	C	G	T
0.19879252	0.22664966	0.30777211	0.26678571
0.13066049	0.37737079	0.31809187	0.17387686
0.00327777	0.02077184	0.0099807	0.9659697
0.00841837	0.00337809	0.9840763	0.00412724
0.0067136	0.00330362	0.98417579	0.00580699
0.00588232	0.00332442	0.98581194	0.00498132
0.00506193	0.01253891	0.00663754	0.97576162
0.00917468	0.00408863	0.98022962	0.00650707
0.00582547	0.00243011	0.99091836	0.00082606
0.00322411	0.0299287	0.00571029	0.9611369
0.00484779	0.98330268	0.00507368	0.00677585
0.24236047	0.30836778	0.05358293	0.39568881
0.19879252	0.22664966	0.30777211	0.26678571
