#M00453	IRF-7
#p.cut	M00453	EpiUwRmapDNaseCD8.Primary.Cells.SRX213515	0.01	0.05	0.1	0.25	0.5	0.75	0.9	0.95	0.99	
#p.Tcut2	M00453	EpiUwRmapDNaseCD8.Primary.Cells.SRX213515	15.39	17.04	17.78	18.88	19.98	21.08	22.18	22.93	24.58	
#p.Tcut2b	M00453	EpiUwRmapDNaseCD8.Primary.Cells.SRX213515	13.64	15.29	16.04	17.13	18.23	19.33	20.43	21.18	22.83	
A	C	G	T
0.31057994	0.20274295	0.27821317	0.20846395
0.17863695	0.17676543	0.15459738	0.49000025
0.52324953	0.05024284	0.32736661	0.09914102
0.06358271	0.10929186	0.79501046	0.03211496
0.03211089	1e-06	0.95426513	0.01362298
0.98190785	1e-06	0.01809015	1e-06
0.98223076	0.00458683	0.00423074	0.00895167
0.90488808	0.00458949	0.00459022	0.0859322
0.12312894	0.28282659	0.29498269	0.29906177
1e-06	0.32345012	0.18520782	0.49134106
0.0268659	0.00917943	0.96395367	1e-06
0.9820006	1e-06	0.0179974	1e-06
0.97749323	1e-06	0.02250477	1e-06
0.92779381	0.00881996	0.02247186	0.04091437
0.09611096	0.3260552	0.47794509	0.09988874
0.03154839	0.19160679	0.01376867	0.76307616
0.0726192	0.14491197	0.48303755	0.29943128
0.43660161	0.06381512	0.4042224	0.09536087
0.23180138	0.27792219	0.40905356	0.08122287
0.31057994	0.20274295	0.27821317	0.20846395
