#M00421	MEIS1B:HOXA9
#p.cut	M00421	UwDnaseH7esDiffa2d	0.01	0.05	0.1	0.25	0.5	0.75	0.9	0.95	0.99	
#p.Tcut2	M00421	UwDnaseH7esDiffa2d	16.49	18.14	18.89	19.98	21.08	22.18	23.28	24.03	25.68	
#p.Tcut2b	M00421	UwDnaseH7esDiffa2d	12.8	14.45	15.2	16.3	17.4	18.5	19.6	20.34	21.99	
A	C	G	T
0.2834022	0.18392256	0.21047597	0.32219927
0.20789198	0.32894651	0.24823995	0.21492157
0.00833523	0.00604919	0.00206518	0.9835504
0.00211204	0.00211204	0.99577492	1e-06
0.9832457	0.00202087	0.00839933	0.0063341
0.00628536	0.98350897	0.00196964	0.00823604
0.97308917	0.00210797	0.02269102	0.00211184
0.02092392	0.1589082	0.5602548	0.25991308
0.05586271	0.12409271	0.1137265	0.70631808
0.02459741	0.00410171	0.0059096	0.96539129
0.02053262	0.00399045	0.00607584	0.96940108
0.27580509	0.03070237	0.03481565	0.65867688
0.95232473	1e-06	0.04141755	0.00625672
0.01850403	0.18058132	0.03086392	0.77005073
0.31414382	0.01048034	0.48955136	0.18582449
0.41943651	0.07631765	0.47783957	0.02640627
0.2834022	0.18392256	0.21047597	0.32219927
