#M00407	RSRFC4
#p.cut	M00407	EpiUwRmapDNaseFetal.Renal.Pelvis.SRX089275	0.01	0.05	0.1	0.25	0.5	0.75	0.9	0.95	0.99	
#p.Tcut2	M00407	EpiUwRmapDNaseFetal.Renal.Pelvis.SRX089275	15.77	17.42	18.17	19.26	20.36	21.46	22.56	23.31	24.96	
#p.Tcut2b	M00407	EpiUwRmapDNaseFetal.Renal.Pelvis.SRX089275	10.74	12.39	13.13	14.23	15.33	16.43	17.53	18.28	19.93	
A	C	G	T
0.32034889	0.21340073	0.197641	0.26860938
0.64815246	0.15919999	0.06858257	0.12406497
0.25466823	0.02299712	0.20389298	0.51844168
0.08452611	1e-06	0.56092118	0.35455171
0.0054899	0.83704819	1e-06	0.15746092
0.01131269	0.00575519	1e-06	0.98293112
0.97195057	1e-06	0.02273134	0.00531709
0.6664805	1e-06	1e-06	0.3335175
0.85982134	1e-06	1e-06	0.14017666
0.94439018	0.00531858	1e-06	0.05029024
0.999997	1e-06	1e-06	1e-06
0.00555848	0.00573319	1e-06	0.98870733
0.99436146	1e-06	0.00563654	1e-06
0.09041049	0.00573086	0.89811211	0.00574655
0.46503546	0.48487608	0.0219882	0.02810026
0.26682866	0.3447827	0.02200478	0.36638386
0.13530984	0.37501244	0.01717393	0.47250379
0.32034889	0.21340073	0.197641	0.26860938
