#M00414	AREB6
#p.cut	M00414	EpiUwRmapDNaseMobilized.CD3.Primary.Cells.SRX089240	0.01	0.05	0.1	0.25	0.5	0.75	0.9	0.95	0.99	
#p.Tcut2	M00414	EpiUwRmapDNaseMobilized.CD3.Primary.Cells.SRX089240	13.92	15.57	16.32	17.41	18.51	19.61	20.71	21.46	23.11	
#p.Tcut2b	M00414	EpiUwRmapDNaseMobilized.CD3.Primary.Cells.SRX089240	13.28	14.93	15.68	16.77	17.87	18.97	20.07	20.82	22.47	
A	C	G	T
0.19262295	0.31672972	0.26775956	0.22288777
0.08800465	0.63896015	0.26201083	0.01102436
0.02204714	0.32928362	0.01650985	0.63215939
0.2139484	0.01608089	0.76444996	0.00552075
0.005367	0.97274364	1e-06	0.02188837
0.95039924	0.02752212	0.01656025	0.00551839
0.01068228	0.97323755	0.01063536	0.00544481
0.00552075	0.97240016	0.0110405	0.01103859
1e-06	0.01656025	0.01655759	0.96688116
0.00552075	0.01651861	0.97795963	1e-06
0.00518255	0.0109827	0.44758336	0.5362514
0.12579326	0.01078911	0.73792053	0.1254971
0.04294903	0.94604032	0.00550798	0.00550267
0.19262295	0.31672972	0.26775956	0.22288777
