#M00403	aMEF-2
#p.cut	M00403	EpiUwRmapDNaseFetal.Heart.SRX062366	0.01	0.05	0.1	0.25	0.5	0.75	0.9	0.95	0.99	
#p.Tcut2	M00403	EpiUwRmapDNaseFetal.Heart.SRX062366	17.51	19.16	19.91	21.01	22.11	23.21	24.31	25.05	26.7	
#p.Tcut2b	M00403	EpiUwRmapDNaseFetal.Heart.SRX062366	13.49	15.15	15.89	16.99	18.09	19.19	20.29	21.03	22.68	
A	C	G	T
0.32161804	0.22095491	0.19924845	0.2581786
0.35146098	0.35841218	0.26169686	0.02842998
0.20296987	0.01809683	0.36494865	0.41398465
0.02843563	0.14340923	0.65396379	0.17419135
0.1661984	0.02585371	0.2780011	0.52994678
0.07668506	0.49570208	0.00517164	0.42244123
0.00515951	0.00517174	1e-06	0.98966775
0.99741163	1e-06	1e-06	0.00258637
0.83395318	1e-06	1e-06	0.16604482
0.99482626	1e-06	0.00517174	1e-06
0.96404338	0.002586	0.00258637	0.03078425
0.95926457	0.00250561	0.00245446	0.03577536
0.03826827	0.0074688	0.01034166	0.94392128
0.97694807	0.01013208	0.01033348	0.00258637
0.46662936	0.1205139	0.40013172	0.01272502
0.01277253	0.92840022	1e-06	0.05882625
0.13802098	0.51116344	1e-06	0.35081458
0.22272505	0.60262765	0.0231318	0.1515155
0.45550068	0.33631943	0.03048374	0.17769615
0.32161804	0.22095491	0.19924845	0.2581786
