#M00477	FOXO3
#p.cut	M00477	OpenChromDnaseLncapAndro	0.01	0.05	0.1	0.25	0.5	0.75	0.9	0.95	0.99	
#p.Tcut2	M00477	OpenChromDnaseLncapAndro	18.27	19.92	20.67	21.76	22.86	23.96	25.06	25.81	27.46	
#p.Tcut2b	M00477	OpenChromDnaseLncapAndro	11.21	12.86	13.61	14.71	15.81	16.91	18.01	18.75	20.4	
A	C	G	T
0.23959358	0.18070578	0.17518846	0.40451218
0.11312292	0.12964776	0.01912046	0.73810885
0.22711511	0.10930612	0.21842997	0.4451488
0.01332847	0.25307923	0.27288168	0.46071062
0.00440175	0.02493557	0.00150129	0.96916139
0.00437905	0.00298414	0.00150179	0.99113502
0.0207022	0.00150163	0.97629469	0.00150148
1e-06	0.00875626	0.00149855	0.98974419
0.00300279	0.00288397	0.00289771	0.99121554
0.00289174	0.00440327	0.00434633	0.98835866
0.98820041	0.0029281	0.00588145	0.00299004
0.00716778	0.96961409	0.00149855	0.02171958
0.50856879	0.02511931	0.04117631	0.42513559
0.04431215	0.01918821	0.00446477	0.93203487
0.45857121	0.00892585	0.00441036	0.52809258
0.23959358	0.18070578	0.17518846	0.40451218
