#M00420	MEIS1A:HOXA9
#p.cut	M00420	EpiUwRmapDNaseFetal.Skin.SRX100954	0.01	0.05	0.1	0.25	0.5	0.75	0.9	0.95	0.99	
#p.Tcut2	M00420	EpiUwRmapDNaseFetal.Skin.SRX100954	15.68	17.33	18.07	19.17	20.27	21.37	22.47	23.21	24.87	
#p.Tcut2b	M00420	EpiUwRmapDNaseFetal.Skin.SRX100954	12.02	13.67	14.42	15.52	16.62	17.72	18.82	19.56	21.21	
A	C	G	T
0.2962602	0.17359757	0.20709696	0.32304527
0.01183398	0.00988403	0.00782378	0.97045821
0.04084589	0.01374429	0.93193441	0.01347541
0.90612526	0.01149907	0.07065405	0.01172162
0.01748643	0.93241692	0.03297169	0.01712496
0.96084117	0.00585756	0.01369703	0.01960424
0.02517192	0.02156527	0.90676298	0.04649983
0.06854211	0.09577162	0.16861348	0.66707279
0.00973908	0.00790511	0.01156101	0.9707948
0.01533938	0.00986466	0.02126124	0.95353471
0.24947653	0.01546643	0.0348625	0.70019454
0.8773847	0.04109826	0.01383683	0.06768021
0.10673644	0.2188659	0.01723723	0.65716043
0.24226528	0.01170355	0.63690763	0.10912354
0.72940961	0.01179393	0.221596	0.03720047
0.2962602	0.17359757	0.20709696	0.32304527
