#M00442	ABF
#p.cut	M00442	EpiUwRmapDNaseFetal.Kidney.Left.SRX040410	0.01	0.05	0.1	0.25	0.5	0.75	0.9	0.95	0.99	
#p.Tcut2	M00442	EpiUwRmapDNaseFetal.Kidney.Left.SRX040410	10.37	12.02	12.77	13.87	14.96	16.06	17.16	17.91	19.56	
#p.Tcut2b	M00442	EpiUwRmapDNaseFetal.Kidney.Left.SRX040410	10.32	11.97	12.72	13.82	14.92	16.02	17.12	17.86	19.51	
A	C	G	T
0.17144346	0.30957096	0.35435122	0.16463436
0.01400693	0.14795962	0.731593	0.10644045
0.13644683	0.16151364	0.61977449	0.08226504
0.26224267	0.33411122	0.0095432	0.39410291
0.0020063	0.8287845	0.1631872	0.00602201
0.95239702	0.00381975	0.04378223	1e-06
0.01748334	0.94592485	0.00771423	0.02887758
0.02948791	0.00988682	0.95661	0.00401528
1e-06	0.01187864	0.00401528	0.98410508
0.00200814	1e-06	0.99598272	0.00200814
0.01183808	0.00200739	0.93438698	0.05176754
0.03721227	0.92715026	0.01401754	0.02161992
0.23530601	0.43249714	0.19275555	0.13944131
0.1484947	0.41929732	0.34125524	0.09095273
0.15568932	0.29915524	0.47416676	0.07098868
0.29975343	0.25796473	0.39113382	0.05114803
0.17144346	0.30957096	0.35435122	0.16463436
