#M00473	FOXO1
#p.cut	M00473	EpiUwRmapDNaseH1.BMP4.Derived.Trophoblast.Cultured.Cells.SRX121240	0.01	0.05	0.1	0.25	0.5	0.75	0.9	0.95	0.99	
#p.Tcut2	M00473	EpiUwRmapDNaseH1.BMP4.Derived.Trophoblast.Cultured.Cells.SRX121240	17.48	19.13	19.88	20.98	22.07	23.17	24.27	25.02	26.67	
#p.Tcut2b	M00473	EpiUwRmapDNaseH1.BMP4.Derived.Trophoblast.Cultured.Cells.SRX121240	11.65	13.3	14.05	15.15	16.25	17.35	18.44	19.19	20.84	
A	C	G	T
0.38742857	0.20380952	0.16933333	0.23942857
0.18972575	0.21885109	0.22937655	0.36204661
0.25491579	0.24734415	0.14298368	0.35475638
0.26557469	0.18077743	0.20028795	0.35335993
0.23878575	0.20943533	0.1813563	0.37042262
0.28482861	0.23833845	0.29594997	0.18088297
0.29399469	0.17045279	0.23840464	0.29714789
0.31469447	0.13439046	0.23669242	0.31422265
0.30290471	0.20206028	0.28475267	0.21028234
0.34033958	0.27716757	0.14375932	0.23873353
0.36160877	0.19924058	0.16296565	0.276185
0.34045883	0.15320591	0.23932976	0.2670055
0.29571188	0.23834947	0.21880921	0.24712944
0.31523848	0.198621	0.24628062	0.23985991
0.36155455	0.18199796	0.24659674	0.20985076
0.32422486	0.15154818	0.19127886	0.3329481
0.37165124	0.16938929	0.24104664	0.21791283
0.34379829	0.2859259	0.15964344	0.21063237
0.40025327	0.16314434	0.19091745	0.24568494
0.28596485	0.21840033	0.1894632	0.30617162
0.37126737	0.267439	0.13256422	0.22872942
0.03864495	0.94201842	1e-06	0.01933563
0.95167625	1e-06	0.04832175	1e-06
1e-06	0.01929123	1e-06	0.98070677
0.99033916	0.00965884	1e-06	1e-06
0.99032149	1e-06	1e-06	0.00967651
0.9812826	1e-06	0.0187154	1e-06
1e-06	0.999997	1e-06	1e-06
0.98198628	0.00893289	0.00907983	1e-06
0.98071852	0.00961438	0.00966611	1e-06
0.99032014	1e-06	0.00967786	1e-06
0.35237591	0.20039534	0.26717316	0.18005558
0.35215206	0.2775317	0.16020988	0.21010637
0.34218981	0.20986917	0.18032633	0.26761469
0.32427929	0.25630952	0.2191134	0.20029779
0.32193201	0.15291285	0.21950365	0.30565149
0.29450866	0.22833775	0.26772843	0.20942517
0.33074381	0.18215902	0.18233477	0.3047624
0.3052149	0.21962031	0.16008548	0.31507932
0.23036215	0.18992491	0.22647429	0.35323864
0.34081413	0.23894792	0.18115846	0.2390795
0.32416046	0.28488815	0.1333167	0.25763468
0.30356584	0.18260581	0.22039249	0.29343585
0.29567792	0.19984686	0.22004649	0.28442873
0.31453911	0.20091387	0.25659302	0.22795399
0.30757132	0.17040238	0.17175344	0.35027286
0.27817811	0.17012456	0.20069778	0.35099955
0.361683	0.19199034	0.19964035	0.24668631
0.31412133	0.19055481	0.19175722	0.30356664
0.22799573	0.18970407	0.32414065	0.25815955
0.38742857	0.20380952	0.16933333	0.23942857
