#M00412	AREB6
#p.cut	M00412	EpiUwRmapDNaseCD4.Primary.Cells.SRX055203	0.01	0.05	0.1	0.25	0.5	0.75	0.9	0.95	0.99	
#p.Tcut2	M00412	EpiUwRmapDNaseCD4.Primary.Cells.SRX055203	13.51	15.16	15.9	17	18.1	19.2	20.3	21.05	22.7	
#p.Tcut2b	M00412	EpiUwRmapDNaseCD4.Primary.Cells.SRX055203	12.02	13.67	14.41	15.51	16.61	17.71	18.81	19.56	21.21	
A	C	G	T
0.21949233	0.25844984	0.2156916	0.30636623
0.15756009	0.25840038	0.07802156	0.50601797
0.59362333	0.17403128	0.02200685	0.21033854
0.00733905	0.59428034	0.00733905	0.39104156
0.03561442	1e-06	0.03665881	0.92772577
0.00733905	0.21639686	0.00733896	0.76892513
0.95770368	0.0069042	0.02071502	0.0146771
1e-06	0.97080548	0.00718951	0.02200401
0.01467661	0.97067496	1e-06	0.01464743
0.0146771	1e-06	1e-06	0.9853209
0.03647001	0.02137776	0.93482432	0.00732791
0.18667973	0.0068565	0.00732791	0.79913586
0.07881921	0.07874578	0.84243402	1e-06
0.01466596	0.10081898	1e-06	0.88451406
0.21949233	0.25844984	0.2156916	0.30636623
