#M00457	STAT5A (homodimer)
#p.cut	M00457	UwDgfTh1wb33676984	0.01	0.05	0.1	0.25	0.5	0.75	0.9	0.95	0.99	
#p.Tcut2	M00457	UwDgfTh1wb33676984	19.37	21.02	21.77	22.87	23.97	25.06	26.16	26.91	28.56	
#p.Tcut2b	M00457	UwDgfTh1wb33676984	15.68	17.33	18.08	19.18	20.27	21.37	22.47	23.22	24.87	
A	C	G	T
0.31523259	0.19428398	0.20194588	0.28853755
0.95320767	0.01327577	0.0301203	0.00339625
0.58398736	0.01018379	0.01691433	0.38891452
1e-06	0.0135239	0.00679151	0.9796836
0.00331814	0.01326196	0.00339625	0.98002365
0.00339265	0.99001936	1e-06	0.006587
0.00339625	0.49599619	0.00339625	0.4972113
0.51856399	0.01323061	0.16736653	0.30083888
0.01694158	1e-06	0.98305642	1e-06
0.01332626	1e-06	0.98327691	0.00339583
0.99660175	1e-06	0.00339625	1e-06
0.99351027	0.00309247	0.00339625	1e-06
0.76422531	0.12978065	0.02006725	0.08592679
0.00678426	0.22504573	1e-06	0.76816902
0.31523259	0.19428398	0.20194588	0.28853755
