#M00444	VDR
#p.cut	M00444	EpiUwRmapDNaseMobilized.CD3.Primary.Cells.SRX089240	0.01	0.05	0.1	0.25	0.5	0.75	0.9	0.95	0.99	
#p.Tcut2	M00444	EpiUwRmapDNaseMobilized.CD3.Primary.Cells.SRX089240	16.44	18.09	18.84	19.93	21.03	22.13	23.23	23.98	25.63	
#p.Tcut2b	M00444	EpiUwRmapDNaseMobilized.CD3.Primary.Cells.SRX089240	11.46	13.11	13.86	14.96	16.06	17.16	18.26	19	20.65	
A	C	G	T
0.25194805	0.16613757	0.41125541	0.17065897
0.22172615	0.25369272	0.25507837	0.26950276
0.22105141	0.25398077	0.27610548	0.24886234
0.22802635	0.24917958	0.268453	0.25434108
0.21517298	0.24459007	0.30759685	0.23264009
0.24331737	0.21672682	0.33851663	0.20143918
0.26459745	0.22110992	0.33955555	0.17473707
0.24704709	0.21700974	0.37706592	0.15887725
0.27165407	0.2283034	0.26941089	0.23063163
0.24857892	0.22235045	0.2806907	0.24837993
0.17931798	0.26547156	0.37149732	0.18371314
0.21705953	0.18979607	0.37040234	0.22274206
0.25340868	0.23229214	0.39803619	0.11626298
0.32713048	0.17076128	0.33846493	0.16364331
0.29697744	0.17955693	0.30126597	0.22219966
0.20649148	0.22183532	0.41947928	0.15219393
0.24308642	0.15366384	0.40287583	0.2003739
0.23228417	0.18458107	0.40894784	0.17418693
0.20531495	0.18580613	0.41370121	0.19517771
0.20529297	0.16940503	0.34950249	0.27579951
0.26317593	0.10564351	0.32912471	0.30205585
0.03107319	0.01058001	0.95313914	0.00520766
0.02550565	1e-06	0.96912835	0.005365
0.01559762	0.010729	0.94241295	0.03126042
0.005365	1e-06	0.69511155	0.29952245
0.23284588	0.26981395	0.47588373	0.02145644
0.9364764	1e-06	0.03700067	0.02652193
0.33337925	0.04266525	0.6239545	1e-06
0.14245885	0.12242033	0.52951099	0.20560983
0.31546486	0.01575583	0.65268775	0.01609156
0.30147142	0.005365	0.68779858	0.005365
0.02610953	1e-06	0.96874166	0.00514781
0.00511755	0.005365	0.97908712	0.01043033
0.50384551	0.00534933	0.05315497	0.43765019
0.00536477	0.22128712	0.76314785	0.01020026
0.94196888	1e-06	0.0263954	0.03163472
0.22776456	0.2116323	0.41316092	0.14744221
0.29046693	0.12189132	0.41286521	0.17477653
0.26791943	0.18024655	0.3712203	0.18061372
0.32771791	0.22291791	0.29146748	0.1578967
0.27391998	0.18535609	0.37670074	0.16402319
0.27562041	0.19605709	0.32795115	0.20037135
0.23086007	0.20128433	0.35556639	0.21228921
0.24103666	0.18028339	0.36127846	0.21740149
0.22181977	0.20714465	0.36477162	0.20626397
0.23116721	0.19620896	0.31953521	0.25308862
0.23805875	0.25969721	0.28630294	0.2159411
0.28452671	0.21168032	0.23278547	0.2710075
0.22274513	0.29223822	0.24772867	0.23728798
0.25194805	0.16613757	0.41125541	0.17065897
