#M00466	HIF1
#p.cut	M00466	OpenChromDnaseHsmmemb	0.01	0.05	0.1	0.25	0.5	0.75	0.9	0.95	0.99	
#p.Tcut2	M00466	OpenChromDnaseHsmmemb	9.58	11.23	11.98	13.08	14.18	15.27	16.37	17.12	18.77	
#p.Tcut2b	M00466	OpenChromDnaseHsmmemb	8.93	10.58	11.32	12.42	13.52	14.62	15.72	16.47	18.12	
A	C	G	T
0.18252684	0.27912193	0.35461097	0.18374026
0.27352517	0.50814931	0.07859818	0.13972734
0.17773753	0.11316766	0.70331931	0.00577551
0.03862168	0.09238804	0.47065863	0.39833165
0.92852621	0.01168793	0.05978486	1e-06
0.01529823	0.9256548	0.00960569	0.04944127
0.06170065	0.01331179	0.91358508	0.01140247
1e-06	0.04027429	0.00389679	0.95582792
0.01327496	0.00194854	0.98296208	0.00181441
0.08620617	0.56463464	0.33780099	0.01135821
0.18628849	0.15997147	0.59874542	0.05499462
0.01328325	0.0616689	0.85265106	0.0723968
0.00582671	0.38077151	0.40925308	0.2041487
0.18252684	0.27912193	0.35461097	0.18374026
