#M00419	MEIS1
#p.cut	M00419	UwDnaseCaco2	0.01	0.05	0.1	0.25	0.5	0.75	0.9	0.95	0.99	
#p.Tcut2	M00419	UwDnaseCaco2	12.33	13.98	14.73	15.83	16.93	18.03	19.13	19.87	21.52	
#p.Tcut2b	M00419	UwDnaseCaco2	12.91	14.56	15.3	16.4	17.5	18.6	19.7	20.45	22.1	
A	C	G	T
0.23667672	0.25251383	0.30467572	0.20613374
0.03215708	0.81833869	0.01286732	0.13663691
0.60196539	0.05215776	0.04490852	0.30096833
0.21819931	0.05855338	0.72324631	1e-06
1e-06	0.01938002	0.0063995	0.97421947
1e-06	1e-06	0.999997	1e-06
0.95496949	0.01281688	0.02567863	0.00653501
1e-06	0.97381324	1e-06	0.02618476
0.98712324	1e-06	0.01287476	1e-06
0.01304343	0.00618991	0.98076567	1e-06
0.12942518	0.0066776	0.86389622	1e-06
0.19404682	0.02654875	0.20362405	0.57578038
0.01283238	0.72535155	0.21617068	0.04564539
0.23667672	0.25251383	0.30467572	0.20613374
