#M00400	ABF1
#p.cut	M00400	UwDnaseGm06990	0.01	0.05	0.1	0.25	0.5	0.75	0.9	0.95	0.99	
#p.Tcut2	M00400	UwDnaseGm06990	11.53	13.18	13.93	15.03	16.13	17.23	18.32	19.07	20.72	
#p.Tcut2b	M00400	UwDnaseGm06990	10.26	11.91	12.66	13.76	14.85	15.95	17.05	17.8	19.45	
A	C	G	T
0.16309307	0.38437311	0.30866142	0.1438724
0.16026939	0.58553105	0.11843383	0.13576574
0.19958914	0.37894407	0.22262697	0.19883982
0.10735465	0.17506311	0.54607907	0.17150317
0.06256448	0.80341114	0.09980895	0.03421544
0.22495952	0.30732544	0.34496396	0.12275108
0.06042004	0.42452123	0.32360614	0.19145259
0.09389415	0.53601568	0.1263333	0.24375687
0.03129187	0.38667259	0.43557163	0.14646391
0.20254764	0.21700491	0.47255728	0.10789017
0.02343172	0.87124245	0.05255208	0.05277375
0.01845645	0.92393681	0.03373463	0.02387212
0.77879134	0.08984554	0.09444137	0.03692175
0.02639227	0.83479307	0.09979634	0.03901833
0.03398263	0.10920423	0.8072912	0.04952195
0.06569971	0.11808108	0.06805343	0.74816578
0.02908525	0.0397132	0.92067296	0.01052859
0.08417406	0.04216473	0.8454846	0.02817662
0.0394319	0.81904021	0.08905427	0.05247362
0.17049341	0.66311204	0.07932913	0.08706542
0.20106403	0.40717874	0.31564152	0.07611571
0.11249652	0.73332794	0.11995819	0.03421735
0.13370542	0.22744379	0.59670957	0.04214123
0.34306309	0.36607271	0.25141778	0.03944642
0.05777216	0.73573563	0.17264757	0.03384463
0.46675232	0.17118759	0.3095253	0.05253478
0.16309307	0.38437311	0.30866142	0.1438724
