#M00422	FOXJ2
#p.cut	M00422	UwDnaseAg09319	0.01	0.05	0.1	0.25	0.5	0.75	0.9	0.95	0.99	
#p.Tcut2	M00422	UwDnaseAg09319	22.36	24.02	24.76	25.86	26.96	28.06	29.16	29.9	31.55	
#p.Tcut2b	M00422	UwDnaseAg09319	9.96	11.61	12.35	13.45	14.55	15.65	16.75	17.49	19.15	
A	C	G	T
0.4382919	0.15797915	0.13412189	0.26960706
0.44885978	0.08130518	0.01633896	0.45349608
0.46560085	0.0488034	0.00234864	0.4832471
0.67342734	0.12104903	0.05601343	0.1495102
0.58436667	0.01621433	0.00938258	0.39003642
0.967257	0.01639085	0.00930822	0.00704393
0.97203855	0.00234488	0.00694857	0.01866799
0.9812286	1e-06	0.01642177	0.00234863
0.0234754	0.17192972	0.00700304	0.79759183
0.99310555	0.00227426	0.00461919	1e-06
0.99764936	1e-06	0.00234864	1e-06
0.98592241	1e-06	0.01407559	1e-06
0.01869227	0.80437886	1e-06	0.17692787
0.98150379	0.00698506	0.0091625	0.00234864
0.50701815	0.10226267	0.0138184	0.37690078
0.36275016	0.08068684	0.01622775	0.54033526
0.35099879	0.3167885	0.06234578	0.26986692
0.77019582	0.18335167	0.01641072	0.0300418
0.81653097	0.00937676	0.02340829	0.15068398
0.4382919	0.15797915	0.13412189	0.26960706
