#M00439	C1
#p.cut	M00439	OpenChromDnaseMcf7Hypoxlac	0.01	0.05	0.1	0.25	0.5	0.75	0.9	0.95	0.99	
#p.Tcut2	M00439	OpenChromDnaseMcf7Hypoxlac	12.84	14.49	15.24	16.34	17.44	18.54	19.63	20.38	22.03	
#p.Tcut2b	M00439	OpenChromDnaseMcf7Hypoxlac	11.26	12.91	13.66	14.76	15.86	16.96	18.05	18.8	20.45	
A	C	G	T
0.28051747	0.30397685	0.16998378	0.24552189
0.05222871	0.06129685	0.03856685	0.84790759
0.00189375	0.96973024	0.00180525	0.02657076
0.00183037	0.94021998	0.00181531	0.05613434
0.99252109	0.00094414	0.00558271	0.00095206
0.988228	0.00262643	0.00539368	0.00375189
0.00187775	0.99630183	0.00181942	1e-06
0.00379962	0.41800653	0.00270143	0.57549242
0.94285016	0.01407886	0.03092903	0.01214195
0.00739195	0.84009386	0.00474647	0.14776772
0.00553115	0.96258901	0.00749465	0.02438519
0.72345709	0.1985995	0.05637464	0.02156877
0.04508737	0.23638506	0.696904	0.02162356
0.28051747	0.30397685	0.16998378	0.24552189
