#M00484	Ncx
#p.cut	M00484	UwDnaseCaco2	0.01	0.05	0.1	0.25	0.5	0.75	0.9	0.95	0.99	
#p.Tcut2	M00484	UwDnaseCaco2	12.31	13.96	14.71	15.81	16.9	18	19.1	19.85	21.5	
#p.Tcut2b	M00484	UwDnaseCaco2	11.89	13.54	14.28	15.38	16.48	17.58	18.68	19.43	21.08	
A	C	G	T
0.22258373	0.20507177	0.31770335	0.25464115
0.00936675	0.31812127	0.02359073	0.64892125
0.02855462	0.0145183	0.93780585	0.01912123
0.04793131	0.00976416	0.93742141	0.00488313
1e-06	0.01952941	0.01443664	0.96603295
0.95197619	1e-06	0.04802181	1e-06
0.96242775	0.00947456	0.01903769	0.00906
0.01874382	0.01917803	0.70359412	0.25848403
0.00952083	0.02918888	0.00488313	0.95640716
0.01928489	0.01443724	0.88116093	0.08511694
0.00976065	0.00488313	0.98535523	1e-06
0.22258373	0.20507177	0.31770335	0.25464115
