#M00423	FOXJ2
#p.cut	M00423	UwDnaseHmvecdad	0.01	0.05	0.1	0.25	0.5	0.75	0.9	0.95	0.99	
#p.Tcut2	M00423	UwDnaseHmvecdad	19.84	21.49	22.23	23.33	24.43	25.53	26.63	27.38	29.03	
#p.Tcut2b	M00423	UwDnaseHmvecdad	10.63	12.28	13.03	14.13	15.23	16.33	17.42	18.17	19.82	
A	C	G	T
0.34710819	0.15115855	0.15343915	0.34829411
0.77306176	0.10832677	0.10858094	0.01003052
0.17786109	0.28372764	1e-06	0.53841028
0.69487241	0.28054589	0.00464078	0.01994091
0.96550661	1e-06	0.02473207	0.00976032
0.00968244	0.1093068	0.00988748	0.87112327
0.98541349	1e-06	0.00455498	0.01003052
0.98564389	0.00458593	0.00976918	1e-06
1e-06	0.02443148	1e-06	0.97556652
0.95625289	1e-06	0.03891191	0.0048342
0.01422755	0.0386316	0.03932709	0.90781376
1e-06	0.01917841	0.00473655	0.97608404
0.00499509	0.00504266	1e-06	0.98996125
0.06466913	0.00959664	0.34875875	0.57697547
0.12606472	0.06454151	0.06341976	0.74597401
0.34710819	0.15115855	0.15343915	0.34829411
