#M00488	DREF
#p.cut	M00488	EpiUwRmapDNaseH1.Cell.Line.SRX121242	0.01	0.05	0.1	0.25	0.5	0.75	0.9	0.95	0.99	
#p.Tcut2	M00488	EpiUwRmapDNaseH1.Cell.Line.SRX121242	11.86	13.51	14.26	15.36	16.46	17.55	18.65	19.4	21.05	
#p.Tcut2b	M00488	EpiUwRmapDNaseH1.Cell.Line.SRX121242	7.8	9.45	10.2	11.3	12.4	13.49	14.59	15.34	16.99	
A	C	G	T
0.30147808	0.20327897	0.19070676	0.30453619
0.76547222	0.03671652	0.01828619	0.17952507
0.16037826	0.21946298	0.60682055	0.01333821
0.08788912	0.67315516	0.06414453	0.17481119
0.02247073	0.02247597	0.00467187	0.95038143
0.90835073	0.00456621	0.01826712	0.06881594
0.08257758	0.05028318	0.00934274	0.85779651
0.04190042	0.79773407	0.04148503	0.11888048
0.12764658	0.00898051	0.82679135	0.03658155
0.75655153	0.00467139	0.0373013	0.20147578
0.16527564	0.0324441	0.00887845	0.79340181
0.64462345	0.0138782	0.01866895	0.3228294
0.35896689	0.02284647	0.17066362	0.44752302
0.49076169	0.08678169	0.2169644	0.20549221
0.16035838	0.12864475	0.08262869	0.62836818
0.30147808	0.20327897	0.19070676	0.30453619
