#M00456	FAC1
#p.cut	M00456	OpenChromDnaseColo829	0.01	0.05	0.1	0.25	0.5	0.75	0.9	0.95	0.99	
#p.Tcut2	M00456	OpenChromDnaseColo829	18.82	20.47	21.21	22.31	23.41	24.51	25.61	26.35	28.01	
#p.Tcut2b	M00456	OpenChromDnaseColo829	11.9	13.56	14.3	15.4	16.5	17.6	18.7	19.44	21.09	
A	C	G	T
0.40923833	0.25821302	0.14647416	0.18607449
0.81948485	0.01700408	0.15247063	0.01104043
0.55892402	0.36536436	0.03614661	0.03956501
0.57912419	0.34736561	0.0561902	0.01732
0.04217461	0.92933528	0.01144806	0.01704205
0.97258042	0.00268177	0.02473681	1e-06
0.41205651	0.55645306	0.01142337	0.02006707
0.99152781	0.00272046	0.00575073	1e-06
0.97152122	0.0114815	0.01133954	0.00565775
0.02806242	0.96097676	1e-06	0.01095982
0.98612224	0.01387576	1e-06	1e-06
0.13808593	0.83328876	0.00547618	0.02314913
0.90322186	0.00852339	0.08272944	0.00552531
0.32668005	0.31870711	0.09309857	0.26151427
0.96665651	0.00835769	0.00821684	0.01676896
0.29225272	0.32869837	0.17875252	0.20029639
0.42695139	0.19488897	0.19692831	0.18123133
0.28411193	0.31464756	0.17486866	0.22637185
0.39530844	0.20370366	0.14608713	0.25490077
0.31719073	0.2300422	0.1824866	0.27028048
0.35644296	0.18956376	0.17999448	0.27399881
0.24832801	0.27658048	0.21211863	0.26297288
0.34325915	0.20111046	0.19216214	0.26346825
0.33441328	0.24875503	0.18663029	0.2302014
0.32292685	0.22828363	0.18963431	0.25915522
0.32493843	0.25811757	0.18871235	0.22823165
0.35066584	0.23459045	0.16634146	0.24840225
0.30155847	0.27370318	0.18090027	0.24383808
0.28762676	0.2564825	0.17616473	0.279726
0.28550083	0.24904135	0.19728029	0.26817752
0.2971075	0.20875407	0.22851031	0.26562812
0.30437868	0.22761454	0.21644421	0.25156256
0.2703993	0.21001003	0.22916185	0.29042883
0.40923833	0.25821302	0.14647416	0.18607449
