#M00447	AR
#p.cut	M00447	EpiUwRmapDNaseMobilized.CD3.Primary.Cells.SRX089240	0.01	0.05	0.1	0.25	0.5	0.75	0.9	0.95	0.99	
#p.Tcut2	M00447	EpiUwRmapDNaseMobilized.CD3.Primary.Cells.SRX089240	15.85	17.5	18.25	19.35	20.45	21.55	22.65	23.39	25.04	
#p.Tcut2b	M00447	EpiUwRmapDNaseMobilized.CD3.Primary.Cells.SRX089240	12.81	14.46	15.21	16.31	17.4	18.5	19.6	20.35	22	
A	C	G	T
0.2916911	0.18396872	0.20918866	0.31515152
0.91580063	1e-06	0.07382616	0.0103722
0.12910861	1e-06	0.87088939	1e-06
0.47307451	0.02138649	0.03222853	0.47331046
0.77537639	0.02047345	0.20414916	1e-06
0.02115507	0.69772095	0.24825021	0.03287377
0.69895722	0.12933083	0.03287377	0.13883819
1e-06	0.07581887	0.0980834	0.82609673
0.09610513	0.09798287	0.48514559	0.32076642
0.47078548	0.15111894	0.02199905	0.35609654
0.18258098	0.02098367	1e-06	0.79643435
0.02067935	0.01100646	0.96831319	1e-06
1e-06	0.04323863	0.02063873	0.93612165
0.12966722	0.03230409	0.01100021	0.82702848
0.03233733	0.93546903	0.01022248	0.02197117
0.05329387	0.04304657	1e-06	0.90365855
0.16156979	0.23760579	0.20508523	0.39573918
0.33141127	0.17246998	0.20579182	0.29032694
0.33169959	0.16270457	0.18454522	0.32105062
0.34176192	0.12869719	0.35550777	0.17403312
0.2916911	0.18396872	0.20918866	0.31515152
