#M00476	FOXO4
#p.cut	M00476	OpenChromDnaseCerebellumoc	0.01	0.05	0.1	0.25	0.5	0.75	0.9	0.95	0.99	
#p.Tcut2	M00476	OpenChromDnaseCerebellumoc	17	18.65	19.4	20.5	21.6	22.69	23.79	24.54	26.19	
#p.Tcut2b	M00476	OpenChromDnaseCerebellumoc	12.1	13.75	14.5	15.6	16.7	17.8	18.9	19.64	21.29	
A	C	G	T
0.23181138	0.20286795	0.20234011	0.36298056
0.38438141	0.28619359	0.15304452	0.17638048
0.11641778	0.10688581	0.15430204	0.62239436
0.03316536	0.02631138	0.63274185	0.3077814
0.00481958	0.02573475	1e-06	0.96944467
1e-06	0.01184689	1e-06	0.98815111
0.01884466	0.00242781	0.96676341	0.01196412
0.00485588	0.01196364	0.00242844	0.98075204
1e-06	0.00916809	0.00470919	0.98612172
1e-06	0.00468233	0.00728284	0.98803383
0.9498466	0.00716254	0.02144052	0.02155034
0.00242843	0.97366315	1e-06	0.02390741
0.34512835	0.34048853	0.12399471	0.19038841
0.10022233	0.02404793	0.00711301	0.86861673
0.07590736	0.08612835	0.28462695	0.55333733
0.23181138	0.20286795	0.20234011	0.36298056
