#M00462	GATA-6
#p.cut	M00462	UwDgfK562Znfa41c6	0.01	0.05	0.1	0.25	0.5	0.75	0.9	0.95	0.99	
#p.Tcut2	M00462	UwDgfK562Znfa41c6	16.97	18.62	19.37	20.47	21.57	22.67	23.77	24.51	26.16	
#p.Tcut2b	M00462	UwDgfK562Znfa41c6	13.63	15.28	16.03	17.13	18.22	19.32	20.42	21.17	22.82	
A	C	G	T
0.34662162	0.19207207	0.23545045	0.22585586
0.97356531	0.00642532	0.01554416	0.00446521
0.97293997	0.01342493	0.01135734	0.00227776
0.97092482	0.00683172	0.0133119	0.00893156
0.00228176	1e-06	0.99543415	0.00228309
0.98459174	0.00221273	0.01091243	0.00228309
1e-06	0.00889666	0.00414285	0.98695949
0.98872804	0.00228309	0.00898787	1e-06
0.98899081	1e-06	0.00882999	0.0021782
0.02466743	1e-06	0.97304847	0.00228309
0.0113061	0.91905842	0.02909188	0.0405436
0.43285787	0.2049721	0.06290888	0.29926116
0.34662162	0.19207207	0.23545045	0.22585586
