#M00434	PIF3
#p.cut	M00434	EpiUwRmapDNaseMobilized.CD3.Primary.Cells.SRX089240	0.01	0.05	0.1	0.25	0.5	0.75	0.9	0.95	0.99	
#p.Tcut2	M00434	EpiUwRmapDNaseMobilized.CD3.Primary.Cells.SRX089240	12.11	13.76	14.5	15.6	16.7	17.8	18.9	19.65	21.3	
#p.Tcut2b	M00434	EpiUwRmapDNaseMobilized.CD3.Primary.Cells.SRX089240	11.34	12.99	13.74	14.84	15.94	17.04	18.14	18.88	20.53	
A	C	G	T
0.20959227	0.28574638	0.32679996	0.1778614
0.11370471	0.2178325	0.53453743	0.13392536
0.2377061	0.04877258	0.47562698	0.23789434
0.31861669	0.09809776	0.51448237	0.06880318
0.23082751	0.02296964	0.67799293	0.06820992
0.19848054	0.15318137	0.60252487	0.04581321
0.23449045	0.53150367	0.2142651	0.01974078
0.00326248	0.98055516	0.00960143	0.00658093
0.99012711	0.00329096	0.00329096	0.00329096
0.0031327	0.9091056	0.00985066	0.07791104
0.06783223	0.00964533	0.90282945	0.01969299
0.0098708	0.00959532	0.00328013	0.97725374
1e-06	1e-06	0.999997	1e-06
0.35203082	0.04807835	0.59022355	0.00966728
0.25253687	0.43960156	0.27827696	0.02958461
0.13345959	0.35444288	0.41056135	0.10153618
0.34879777	0.31925075	0.0227066	0.30924487
0.11464346	0.68279484	0.18630337	0.01625833
0.18204294	0.12369131	0.29800015	0.39626561
0.20959227	0.28574638	0.32679996	0.1778614
