#M00515	PPARgamma:RXRalpha, PPARgamma
#p.cut	M00515	UwDgfT47d	0.01	0.05	0.1	0.25	0.5	0.75	0.9	0.95	0.99	
#p.Tcut2	M00515	UwDgfT47d	13.92	15.57	16.32	17.42	18.52	19.62	20.72	21.46	23.11	
#p.Tcut2b	M00515	UwDgfT47d	13.22	14.87	15.62	16.71	17.81	18.91	20.01	20.76	22.41	
A	C	G	T
0.26535304	0.24329502	0.22736727	0.26398467
0.45076639	0.33809835	0.07937405	0.13176121
0.57227892	0.05181623	0.03827387	0.33763099
0.17662601	0.3448541	0.38516534	0.09335454
0.13417686	0.29462404	0.03105211	0.54014699
0.65584314	0.01035417	0.29242274	0.04137994
0.04496513	0.01741067	0.89993035	0.03769385
0.03074663	0.08929608	0.84917571	0.03078158
0.03434461	0.02072943	0.09015688	0.85476908
0.03419605	0.87580905	0.08651224	0.00348267
0.89742364	0.02040708	0.04486356	0.03730572
0.19618721	0.41048288	0.18275054	0.21057936
0.27207636	0.16223569	0.2587735	0.30691446
0.1760264	0.18214836	0.53195975	0.10986549
0.01723999	0.02378022	0.02041276	0.93856702
0.06548832	0.16118207	0.73869383	0.03463578
0.81047823	0.09636059	0.05503328	0.03812789
0.0102093	0.94494453	0.01011835	0.03472782
0.06600271	0.88615427	0.00348329	0.04435973
0.03112016	0.45823385	0.0208561	0.48978989
0.61025385	0.1411895	0.03079566	0.21776099
0.16922502	0.42694319	0.29673352	0.10709827
0.34094118	0.10767179	0.10693054	0.4444565
0.24524668	0.04137312	0.02772478	0.68565542
0.26535304	0.24329502	0.22736727	0.26398467
