#M00512	PPARgamma:RXRalpha
#p.cut	M00512	EpiUwRmapDNaseMobilized.CD3.Primary.Cells.SRX089240	0.01	0.05	0.1	0.25	0.5	0.75	0.9	0.95	0.99	
#p.Tcut2	M00512	EpiUwRmapDNaseMobilized.CD3.Primary.Cells.SRX089240	13.73	15.38	16.13	17.23	18.32	19.42	20.52	21.27	22.92	
#p.Tcut2b	M00512	EpiUwRmapDNaseMobilized.CD3.Primary.Cells.SRX089240	13.25	14.9	15.65	16.75	17.85	18.95	20.05	20.79	22.44	
A	C	G	T
0.26441036	0.2219725	0.30499736	0.20861978
0.4360393	0.12843807	0.23362664	0.20189599
0.3372693	0.0720809	0.55801021	0.03263959
0.47522515	0.00815059	0.49226441	0.02435986
0.05613747	0.01633131	0.91964126	0.00788996
0.02415227	0.00738814	0.90408639	0.0643732
0.0158591	0.05575828	0.03208341	0.89629921
0.03237428	0.79767175	0.13725157	0.03270241
0.9270973	0.02381781	0.03272243	0.01636246
0.81345999	0.01629249	0.14573065	0.02451687
0.91049836	1e-06	0.07313818	0.01636246
0.01623945	0.02341181	0.94451723	0.01583151
0.01532375	0.01607111	0.86313432	0.10547082
0.03222456	0.04059695	0.06375628	0.86342221
0.00779081	0.82248798	0.09700505	0.07271615
0.92706711	0.02425184	0.02454313	0.02413792
0.26441036	0.2219725	0.30499736	0.20861978
