#M00518	PPARalpha:RXRalpha
#p.cut	M00518	UwDnaseHpaec	0.01	0.05	0.1	0.25	0.5	0.75	0.9	0.95	0.99	
#p.Tcut2	M00518	UwDnaseHpaec	13.58	15.23	15.98	17.08	18.18	19.28	20.38	21.12	22.77	
#p.Tcut2b	M00518	UwDnaseHpaec	11.63	13.28	14.03	15.12	16.22	17.32	18.42	19.17	20.82	
A	C	G	T
0.21508129	0.21515047	0.3615358	0.20823245
0.10249838	0.32691122	0.12157007	0.44902033
0.24526889	0.22871201	0.32222527	0.20379382
0.37528893	0.03247521	0.53106462	0.06117125
0.01228117	0.00824102	0.96712105	0.01235676
0.01644637	0.02059973	0.9629529	1e-06
0.00411942	0.08174741	0.09800735	0.81612582
0.02395209	0.73572644	0.12608204	0.11423943
0.7871619	0.09806972	0.10654307	0.00822531
0.09445628	0.22431205	0.29699068	0.38424099
0.28084444	0.03705057	0.27897749	0.40312749
0.06533916	0.02459618	0.81613054	0.09393412
0.22013731	0.03293948	0.73465148	0.01227173
0.0367241	0.01640607	0.94274724	0.0041226
0.0041226	0.01235934	0.97534624	0.00817183
0.00824413	0.04501449	0.12334047	0.82340091
0.01648531	0.46504903	0.45269866	0.06576701
0.64357718	0.02053876	0.21307345	0.12281061
0.18306729	0.10539694	0.56453047	0.1470053
0.03269474	0.06050371	0.72746375	0.17933781
0.21508129	0.21515047	0.3615358	0.20823245
