#M00532	RP58
#p.cut	M00532	EpiUwRmapDNaseFetal.Lung.SRX027087	0.01	0.05	0.1	0.25	0.5	0.75	0.9	0.95	0.99	
#p.Tcut2	M00532	EpiUwRmapDNaseFetal.Lung.SRX027087	15.4	17.05	17.79	18.89	19.99	21.09	22.19	22.94	24.59	
#p.Tcut2b	M00532	EpiUwRmapDNaseFetal.Lung.SRX027087	13.86	15.51	16.26	17.36	18.46	19.56	20.66	21.4	23.05	
A	C	G	T
0.31361694	0.20454545	0.22746698	0.25437063
0.18753243	0.13425526	0.48182194	0.19639037
0.70187469	0.0958697	0.15245998	0.04979563
0.95975238	0.03259722	0.00255245	0.00509796
0.98503642	0.00255957	0.01240301	1e-06
0.0050282	0.99244299	1e-06	0.00252781
0.99000079	0.00255805	0.00744015	1e-06
0.00255954	0.00510218	0.01260761	0.97973067
1e-06	0.98976863	0.00255639	0.00767398
1e-06	0.00492973	0.00246963	0.99259964
0.00255956	0.00255957	0.99487987	1e-06
0.0051181	0.00489998	0.9396094	0.05037252
0.83626753	0.14086361	0.00764414	0.01522472
0.31361694	0.20454545	0.22746698	0.25437063
