#M00513	ATF3
#p.cut	M00513	EpiUwRmapDNaseFetal.Brain.SRX121277	0.01	0.05	0.1	0.25	0.5	0.75	0.9	0.95	0.99	
#p.Tcut2	M00513	EpiUwRmapDNaseFetal.Brain.SRX121277	8.86	10.51	11.26	12.36	13.46	14.56	15.65	16.4	18.05	
#p.Tcut2b	M00513	EpiUwRmapDNaseFetal.Brain.SRX121277	10.51	12.16	12.91	14.01	15.1	16.2	17.3	18.05	19.7	
A	C	G	T
0.16982997	0.32862133	0.30746672	0.19408198
0.11416772	0.54959298	0.1512765	0.1849628
0.03398462	0.31012683	0.25833201	0.39755654
0.07808229	0.47801284	0.43322226	0.01068261
0.00179208	0.01069224	1e-06	0.98751468
0.00348926	1e-06	0.97684847	0.01966127
0.97865833	0.00712825	0.01421242	1e-06
0.00177909	0.93493322	0.01393482	0.04935287
0.06355774	0.0071455	0.92757061	0.00172615
0.00179208	0.00535319	0.00179208	0.99106265
0.00179208	0.98771255	0.00878104	0.00171433
0.94344829	0.00716401	0.01239646	0.03699125
0.03378504	0.44605403	0.21353479	0.30662614
0.01431659	0.60700893	0.21894575	0.15972872
0.05509718	0.37680842	0.53601762	0.03207678
0.16982997	0.32862133	0.30746672	0.19408198
