#M00526	GCNF
#p.cut	M00526	EpiUwRmapDNaseiPS.DF.1911.Cell.Line.SRX040377	0.01	0.05	0.1	0.25	0.5	0.75	0.9	0.95	0.99	
#p.Tcut2	M00526	EpiUwRmapDNaseiPS.DF.1911.Cell.Line.SRX040377	13.31	14.96	15.71	16.81	17.91	19	20.1	20.85	22.5	
#p.Tcut2b	M00526	EpiUwRmapDNaseiPS.DF.1911.Cell.Line.SRX040377	13.25	14.9	15.65	16.75	17.85	18.94	20.04	20.79	22.44	
A	C	G	T
0.26681302	0.24202185	0.25776398	0.23340116
0.06241137	0.20271721	0.18007535	0.55479608
0.07741389	0.69982962	0.17604433	0.04671215
0.88894116	0.03957676	0.06213659	0.00934549
0.90989706	0.00612776	0.05623905	0.02773614
0.04869545	0.00931912	0.93249795	0.00948749
0.00926072	0.04985991	0.36111653	0.57976284
0.00316316	0.02438476	0.01242524	0.96002684
1e-06	0.97226219	0.01540552	0.01233128
0.97244302	0.00913592	0.01528786	0.0031332
0.93150543	0.02785306	0.03142326	0.00921825
0.03460739	0.02184055	0.87821482	0.06533725
0.03436243	0.04333293	0.47865484	0.4436498
0.03139916	0.05877861	0.0680991	0.84172313
0.00948674	0.9186111	0.0217946	0.05010756
0.83120837	0.07183806	0.04725671	0.04969686
0.26681302	0.24202185	0.25776398	0.23340116
