#M00528	PPAR
#p.cut	M00528	UwDnaseCaco2	0.01	0.05	0.1	0.25	0.5	0.75	0.9	0.95	0.99	
#p.Tcut2	M00528	UwDnaseCaco2	12.94	14.59	15.34	16.44	17.54	18.64	19.74	20.48	22.13	
#p.Tcut2b	M00528	UwDnaseCaco2	12.28	13.93	14.68	15.78	16.88	17.98	19.08	19.82	21.47	
A	C	G	T
0.29830468	0.21985941	0.28956229	0.19227361
0.56278344	0.09781041	0.15430952	0.18509663
0.51847034	0.11426847	0.18575936	0.18150182
0.08148481	0.49372714	0.29305157	0.13173648
0.28022728	0.29953163	0.09749743	0.32274365
0.61604408	0.02359072	0.24569062	0.11467457
0.01634317	1e-06	0.98365483	1e-06
0.05773677	0.01004791	0.92192666	0.01028866
0.1483354	0.14539528	0.45415442	0.2521149
0.03017134	0.86529071	0.03386174	0.0706762
0.99004225	1e-06	0.00995575	1e-06
0.90255221	0.01288403	0.0643342	0.02022955
0.95055154	0.00315577	0.03961866	0.00667404
0.01020484	1e-06	0.97697911	0.01281505
0.01367148	0.00648517	0.80129512	0.17854823
0.00343022	0.07728274	0.05041568	0.86887136
0.00668644	0.83614867	0.12351167	0.03365321
0.92922127	0.00322496	0.03378962	0.03376414
0.29830468	0.21985941	0.28956229	0.19227361
