#M00511	ERR alpha
#p.cut	M00511	EpiUwRmapDNaseFetal.Adrenal.Gland.SRX201797	0.01	0.05	0.1	0.25	0.5	0.75	0.9	0.95	0.99	
#p.Tcut2	M00511	EpiUwRmapDNaseFetal.Adrenal.Gland.SRX201797	16.18	17.83	18.58	19.68	20.78	21.88	22.98	23.72	25.37	
#p.Tcut2b	M00511	EpiUwRmapDNaseFetal.Adrenal.Gland.SRX201797	14.68	16.33	17.08	18.18	19.28	20.38	21.47	22.22	23.87	
A	C	G	T
0.31431431	0.20350708	0.23872086	0.24345774
0.49324383	0.15778939	0.16499421	0.18397257
0.22154766	0.35337445	0.16351675	0.26156114
0.21653543	0.1899454	0.15001312	0.44350606
0.36536592	0.02509776	0.02095585	0.58858047
0.04041279	0.11094491	0.62944213	0.21920017
0.17634927	0.51838109	0.11512231	0.19014733
0.00095896	0.02874198	0.0039072	0.96639186
0.05173395	0.88959669	0.05671092	0.00195843
0.98167089	0.00196073	0.01440905	0.00195933
0.99329136	1e-06	0.00477047	0.00193716
0.00098103	0.00098097	0.99705673	0.00098126
0.00286894	1e-06	0.99614881	0.00098126
0.00293793	0.01244249	0.00098126	0.98363832
1e-06	0.99512	1e-06	0.004878
0.97673091	0.00392068	0.01745825	0.00189016
0.10141678	0.49600254	0.08313423	0.31944646
0.88839833	0.01655862	0.02435257	0.07069049
0.17615669	0.33847762	0.24494161	0.24042408
0.46505748	0.13492638	0.20589154	0.1941246
0.21702139	0.1784639	0.4302462	0.17426851
0.22435903	0.37291712	0.1344782	0.26824564
0.31431431	0.20350708	0.23872086	0.24345774
