#M00516	E2F
#p.cut	M00516	EpiUwRmapDNaseFetal.Muscle.Arm.SRX121251	0.01	0.05	0.1	0.25	0.5	0.75	0.9	0.95	0.99	
#p.Tcut2	M00516	EpiUwRmapDNaseFetal.Muscle.Arm.SRX121251	7.52	9.17	9.92	11.02	12.11	13.21	14.31	15.06	16.71	
#p.Tcut2b	M00516	EpiUwRmapDNaseFetal.Muscle.Arm.SRX121251	7.89	9.54	10.28	11.38	12.48	13.58	14.68	15.43	17.08	
A	C	G	T
0.18330944	0.26743908	0.3212295	0.22802198
0.02087299	0.15070079	0.04986057	0.77856565
0.00610432	0.02302992	0.03516648	0.93569928
0.00628636	0.02296592	0.04170947	0.92903826
0.02067801	0.25569476	0.72152764	0.00209959
0.00408739	0.0435264	0.9523852	1e-06
0.01027408	0.95895555	0.00839402	0.02237635
0.04499061	0.01436345	0.93042614	0.0102198
0.01047675	0.65081901	0.33241441	0.00628984
0.02265505	0.35839032	0.55495548	0.06399916
0.46563968	0.39014478	0.11951331	0.02470223
0.41556724	0.02071291	0.3088625	0.25485735
0.27200153	0.20155796	0.46895994	0.05748057
0.18330944	0.26743908	0.3212295	0.22802198
