#M00514	ATF4
#p.cut	M00514	EpiUwRmapDNaseFetal.Lung.Left.SRX089276	0.01	0.05	0.1	0.25	0.5	0.75	0.9	0.95	0.99	
#p.Tcut2	M00514	EpiUwRmapDNaseFetal.Lung.Left.SRX089276	10.47	12.12	12.86	13.96	15.06	16.16	17.26	18	19.66	
#p.Tcut2b	M00514	EpiUwRmapDNaseFetal.Lung.Left.SRX089276	11.57	13.22	13.97	15.07	16.17	17.27	18.37	19.11	20.76	
A	C	G	T
0.21205181	0.29379245	0.29501659	0.19913916
0.00605364	0.72824389	0.25743443	0.00826805
0.17587112	0.59470256	0.221173	0.00825332
0.00193343	0.0020738	0.0020738	0.99391897
1e-06	1e-06	0.99806457	0.00193343
0.98381049	0.00402317	0.01009254	0.0020738
0.0020738	0.95491463	0.00206768	0.04094389
0.02849607	0.00616837	0.77995268	0.18538288
0.00829219	0.61292194	0.00618795	0.37259792
0.42278871	0.55858054	0.01655696	0.0020738
0.85678404	0.01434415	0.12679802	0.0020738
0.00407994	0.20632608	0.32200386	0.46759012
0.0553531	0.08218418	0.84813351	0.01432921
0.21205181	0.29379245	0.29501659	0.19913916
