#M00691	ATF1
#p.cut	M00691	EpiUwRmapDNaseFetal.Kidney.SRX201829	0.01	0.05	0.1	0.25	0.5	0.75	0.9	0.95	0.99	
#p.Tcut2	M00691	EpiUwRmapDNaseFetal.Kidney.SRX201829	7.71	9.36	10.1	11.2	12.3	13.4	14.5	15.25	16.9	
#p.Tcut2b	M00691	EpiUwRmapDNaseFetal.Kidney.SRX201829	9.89	11.54	12.29	13.39	14.49	15.59	16.69	17.43	19.08	
A	C	G	T
0.18599136	0.32664401	0.27801373	0.20935089
0.00714564	0.9656706	0.00720215	0.01998161
0.00546242	0.36415045	0.15425447	0.47613267
0.11223168	0.46477608	0.31483383	0.10815841
1e-06	0.02340428	0.00710192	0.96949279
0.00534167	0.03943494	0.95158126	0.00364213
0.99277376	1e-06	0.00364213	0.00358311
0.02269056	0.95264285	0.01226912	0.01239746
0.01606316	0.00545306	0.97668103	0.00180276
0.0627734	0.01063475	1e-06	0.92659084
0.0142919	0.98390434	1e-06	0.00180276
0.98398448	1e-06	0.0071858	0.00882872
0.18599136	0.32664401	0.27801373	0.20935089
