#M00665	Sp3
#p.cut	M00665	EpiUwRmapDNaseMobilized.CD3.Primary.Cells.SRX089240	0.01	0.05	0.1	0.25	0.5	0.75	0.9	0.95	0.99	
#p.Tcut2	M00665	EpiUwRmapDNaseMobilized.CD3.Primary.Cells.SRX089240	14.29	15.94	16.69	17.79	18.89	19.98	21.08	21.83	23.48	
#p.Tcut2b	M00665	EpiUwRmapDNaseMobilized.CD3.Primary.Cells.SRX089240	12.11	13.76	14.51	15.61	16.7	17.8	18.9	19.65	21.3	
A	C	G	T
0.20242104	0.23833574	0.39746673	0.1617765
0.94410804	0.01241678	0.03472104	0.00875414
0.01713267	0.16020224	0.77132061	0.05134448
0.22151	0.63677123	0.03885323	0.10286555
0.07708458	0.90110135	0.01312982	0.00868425
0.00875433	0.1729644	0.06091928	0.75736199
0.06967983	0.0302443	0.32479241	0.57528347
0.01747044	0.05180123	0.9136812	0.01704714
0.01284414	0.00437656	0.87926001	0.10351929
0.02187218	0.00436963	0.96541313	0.00834505
0.12583407	0.25067119	0.60233027	0.02116447
0.59150335	0.16134575	0.23404188	0.01310902
0.07870177	0.00875433	0.90378959	0.00875431
0.02569279	0.03047143	0.93946379	0.00437199
0.02147501	0.00437767	0.96540625	0.00874108
0.20242104	0.23833574	0.39746673	0.1617765
