#M00657	PTF1-beta
#p.cut	M00657	OpenChromDnaseStellate	0.01	0.05	0.1	0.25	0.5	0.75	0.9	0.95	0.99	
#p.Tcut2	M00657	OpenChromDnaseStellate	15.93	17.59	18.33	19.43	20.53	21.63	22.73	23.47	25.13	
#p.Tcut2b	M00657	OpenChromDnaseStellate	14.79	16.44	17.18	18.28	19.38	20.48	21.58	22.33	23.98	
A	C	G	T
0.30613426	0.21790825	0.28435396	0.19160354
0.34012664	0.072164	0.22739769	0.36031167
0.02884966	0.00860726	0.95982911	0.00271396
0.49310952	1e-06	0.5039722	0.00291728
0.02285313	0.00291722	0.97422865	1e-06
0.6785319	0.00583277	0.31563433	1e-06
0.98843185	1e-06	0.00864987	0.00291728
0.96849516	0.00564528	0.02585856	1e-06
0.70022767	0.27679941	0.02023159	0.00274133
0.0138371	0.41088485	0.25540873	0.31986932
0.00870877	0.52786887	0.22636024	0.23706212
0.514839	0.00852407	0.03749263	0.43914429
0.00291728	0.97131051	0.00560444	0.02016777
0.92270862	0.06302202	0.01135208	0.00291728
0.04845734	0.01403915	0.92884628	0.00865724
0.01974655	0.43356549	0.52694042	0.01974753
0.30613426	0.21790825	0.28435396	0.19160354
