#M00654	OSBZ8
#p.cut	M00654	EpiUwRmapDNaseMobilized.CD3.Primary.Cells.SRX089240	0.01	0.05	0.1	0.25	0.5	0.75	0.9	0.95	0.99	
#p.Tcut2	M00654	EpiUwRmapDNaseMobilized.CD3.Primary.Cells.SRX089240	7.66	9.31	10.06	11.16	12.25	13.35	14.45	15.2	16.85	
#p.Tcut2b	M00654	EpiUwRmapDNaseMobilized.CD3.Primary.Cells.SRX089240	9.17	10.82	11.56	12.66	13.76	14.86	15.96	16.7	18.36	
A	C	G	T
0.18018812	0.34525909	0.29264298	0.1819098
0.74794039	0.20418528	0.02965445	0.01821989
0.02017678	0.90954592	0.01358566	0.05669164
0.13337509	0.01746749	0.82445745	0.02469997
0.01597155	0.37057198	0.01598584	0.59747064
0.02242298	0.10910269	0.85251607	0.01595825
0.0547992	0.05010032	0.4107454	0.48435508
0.00913499	0.94779245	0.02260918	0.02046338
0.31180714	0.02474606	0.64767941	0.01576739
0.07912453	0.83734718	0.02477952	0.05874876
0.00913524	0.65679821	0.22552422	0.10854233
0.5564955	0.37987918	0.04774208	0.01588325
0.10013263	0.22246658	0.39486987	0.28253092
0.21308828	0.23853173	0.04540088	0.5029791
0.00900954	0.6513407	0.30856906	0.0310807
0.18018812	0.34525909	0.29264298	0.1819098
