#M00615	c-Myc:Max
#p.cut	M00615	UwDnaseCaco2	0.01	0.05	0.1	0.25	0.5	0.75	0.9	0.95	0.99	
#p.Tcut2	M00615	UwDnaseCaco2	6.74	8.39	9.13	10.23	11.33	12.43	13.53	14.28	15.93	
#p.Tcut2b	M00615	UwDnaseCaco2	10.52	12.17	12.92	14.02	15.12	16.22	17.32	18.06	19.71	
A	C	G	T
0.17648262	0.33200409	0.31717791	0.17433538
0.20181445	0.55827415	0.11661867	0.12329273
0.30153643	0.29271082	0.36216649	0.04358626
0.39143998	0.24550542	0.27695047	0.08610413
0.1481488	0.10510561	0.68055934	0.06618625
0.17150425	0.1612161	0.39883131	0.26844834
0.28976151	0.06635788	0.64387962	1e-06
0.17076168	0.47855653	0.0424558	0.30822599
1e-06	0.99408771	0.00591029	1e-06
0.95742546	0.02443012	0.01814343	1e-06
0.00608807	0.98220239	1e-06	0.01170854
0.03677184	0.00619717	0.95093871	0.00609228
1e-06	0.01209162	1e-06	0.98790638
1e-06	1e-06	0.999997	1e-06
0.32082443	0.04856941	0.42939737	0.20120879
1e-06	0.58339213	0.09183441	0.32477246
0.29788661	0.36966538	0.15983249	0.17261553
0.117151	0.66779237	0.07389141	0.14116523
0.090133	0.22812071	0.2768815	0.40486479
0.02494645	0.3848212	0.26502232	0.32521003
0.08488843	0.15440199	0.57205109	0.18865849
0.17648262	0.33200409	0.31717791	0.17433538
