#M00616	AFP1
#p.cut	M00616	EpiUwRmapDNaseFetal.Spinal.Cord.SRX201826	0.01	0.05	0.1	0.25	0.5	0.75	0.9	0.95	0.99	
#p.Tcut2	M00616	EpiUwRmapDNaseFetal.Spinal.Cord.SRX201826	14.68	16.33	17.07	18.17	19.27	20.37	21.47	22.21	23.87	
#p.Tcut2b	M00616	EpiUwRmapDNaseFetal.Spinal.Cord.SRX201826	10.08	11.73	12.48	13.58	14.68	15.78	16.88	17.62	19.27	
A	C	G	T
0.33589821	0.20782289	0.16529985	0.29097904
0.96768117	0.00666963	0.01543968	0.01020952
0.09083876	0.00865545	0.00854486	0.89196093
0.09465994	0.00678285	0.01368021	0.88487701
0.98625471	0.00694213	0.00332999	0.00347317
0.96950513	0.00495076	0.02392568	0.00161844
0.01220701	0.68041101	1e-06	0.30738098
0.13439768	0.01864073	0.00846769	0.8384939
0.73606071	0.00505938	0.25887891	1e-06
0.01172144	0.89779571	0.06311409	0.02736875
0.98435127	0.00529025	0.00859607	0.00176241
0.01205162	0.81411836	0.01041808	0.16341193
0.33589821	0.20782289	0.16529985	0.29097904
