#M00641	HSF
#p.cut	M00641	UwDgfK562Znfa41c6	0.01	0.05	0.1	0.25	0.5	0.75	0.9	0.95	0.99	
#p.Tcut2	M00641	UwDgfK562Znfa41c6	17.12	18.77	19.51	20.61	21.71	22.81	23.91	24.66	26.31	
#p.Tcut2b	M00641	UwDgfK562Znfa41c6	16	17.65	18.4	19.5	20.6	21.69	22.79	23.54	25.19	
A	C	G	T
0.22690115	0.2498343	0.21117052	0.31209403
0.00233608	0.02584546	1e-06	0.97181746
1e-06	0.02119923	0.00473658	0.97406319
0.00933698	0.96940946	0.00702903	0.01422452
0.04925915	0.71022484	0.03950241	0.20101361
0.75616659	0.09207232	0.03975758	0.11200351
0.0236637	0.00942887	0.95974705	0.00716037
0.61428127	0.13607479	0.16833624	0.0813077
0.49741418	0.01910682	0.41291899	0.07056001
0.01374166	0.00709566	0.96497121	0.01419147
0.05170074	0.45809448	0.04255232	0.44765246
0.00239163	0.01646186	1e-06	0.9811455
0.00224517	0.01149486	0.00700389	0.97925608
0.00939805	0.95565633	0.00940488	0.02554074
0.23509612	0.30547025	0.04267796	0.41675568
0.22690115	0.2498343	0.21117052	0.31209403
