#M00687	alpha-CP1
#p.cut	M00687	EpiUwRmapDNaseMobilized.CD3.Primary.Cells.SRX089240	0.01	0.05	0.1	0.25	0.5	0.75	0.9	0.95	0.99	
#p.Tcut2	M00687	EpiUwRmapDNaseMobilized.CD3.Primary.Cells.SRX089240	12.4	14.05	14.8	15.89	16.99	18.09	19.19	19.94	21.59	
#p.Tcut2b	M00687	EpiUwRmapDNaseMobilized.CD3.Primary.Cells.SRX089240	13.69	15.34	16.09	17.19	18.29	19.38	20.48	21.23	22.88	
A	C	G	T
0.24310448	0.29193293	0.28778197	0.17718062
0.08304921	0.81655749	0.00840402	0.09198928
0.94413273	0.033465	0.02240127	1e-06
0.07494972	1e-06	0.87823254	0.04681674
0.00280201	0.99189433	1e-06	0.00530266
1e-06	0.997196	0.002802	1e-06
0.98879359	0.00280187	0.00840353	1e-06
0.96680727	0.00840192	0.02211158	0.00267923
1e-06	0.01370705	1e-06	0.98629095
0.01110173	0.45469333	0.53140293	0.00280201
0.97221094	1e-06	0.02778706	1e-06
0.00815517	0.01105819	0.98078564	1e-06
0.37945737	0.29599953	0.20001575	0.12452735
0.30612416	0.12454643	0.41865696	0.15067245
0.24310448	0.29193293	0.28778197	0.17718062
