#M00697	HBP-1b
#p.cut	M00697	OpenChromDnaseGm19239	0.01	0.05	0.1	0.25	0.5	0.75	0.9	0.95	0.99	
#p.Tcut2	M00697	OpenChromDnaseGm19239	8.06	9.71	10.45	11.55	12.65	13.75	14.85	15.6	17.25	
#p.Tcut2b	M00697	OpenChromDnaseGm19239	9.83	11.48	12.23	13.33	14.42	15.52	16.62	17.37	19.02	
A	C	G	T
0.18926016	0.33310695	0.27492529	0.2027076
0.17207507	0.15451412	0.16634471	0.5070661
0.02407996	0.03649472	0.48538125	0.45404407
0.07516334	0.70678139	0.03691159	0.18114368
0.13645286	0.0881886	0.38292378	0.39243476
0.01470356	0.25200915	0.71607982	0.01720747
0.15162375	0.51296161	0.02201188	0.31340275
0.00730558	0.7365326	0.0516623	0.20449952
0.86330869	0.01696329	0.09787597	0.02185205
0.016821	0.92527755	0.01703267	0.04086879
0.05298252	0.02675633	0.91078638	0.00947477
0.00494995	0.11961927	0.00478625	0.87064452
0.01210134	0.97332789	0.00727611	0.00729465
0.94611088	0.02671648	0.01488458	0.01228807
0.01434752	0.63141011	0.23937066	0.1148717
0.18926016	0.33310695	0.27492529	0.2027076
