#M00647	LXRalpha:RXRalpha
#p.cut	M00647	OpenChromDnaseHsmmemb	0.01	0.05	0.1	0.25	0.5	0.75	0.9	0.95	0.99	
#p.Tcut2	M00647	OpenChromDnaseHsmmemb	13.09	14.74	15.48	16.58	17.68	18.78	19.88	20.63	22.28	
#p.Tcut2b	M00647	OpenChromDnaseHsmmemb	13.12	14.77	15.52	16.62	17.72	18.82	19.91	20.66	22.31	
A	C	G	T
0.20164259	0.2777117	0.3200793	0.20056641
0.06539066	0.51977064	0.39926266	0.01557604
0.05291131	0.79134721	0.02803816	0.12770332
0.08101819	0.21985782	0.02171626	0.67740773
0.05900641	0.0184183	0.91329183	0.00928346
0.61286185	0.0031931	0.38394405	1e-06
0.01590928	1e-06	0.9810862	0.00300352
0.02184793	1e-06	0.97495797	0.0031931
1e-06	0.01233927	0.00638519	0.98127454
1e-06	0.92875937	0.00592749	0.06531214
0.96265246	0.00937315	0.02797339	1e-06
0.00638398	0.64188568	0.30540364	0.04632669
0.01547813	0.18142116	0.31221952	0.49088119
0.34035395	0.03742596	0.47929204	0.14292805
0.04026845	0.35052782	0.54435836	0.06484537
0.15277461	0.52458149	0.08413674	0.23850715
0.20164259	0.2777117	0.3200793	0.20056641
