#M00684	XPF-1
#p.cut	M00684	UwDnaseHmvecdad	0.01	0.05	0.1	0.25	0.5	0.75	0.9	0.95	0.99	
#p.Tcut2	M00684	UwDnaseHmvecdad	13.73	15.38	16.13	17.23	18.33	19.43	20.52	21.27	22.92	
#p.Tcut2b	M00684	UwDnaseHmvecdad	13.1	14.75	15.5	16.6	17.69	18.79	19.89	20.64	22.29	
A	C	G	T
0.28630197	0.2268709	0.2561488	0.23067834
0.00223845	0.01754199	0.00223845	0.97798111
0.0021475	0.98035804	0.00223839	0.01525608
0.49287747	0.0044759	0.01094576	0.49170087
0.01075986	0.00445845	0.9803776	0.00440408
0.9912458	0.00223845	0.00427731	0.00223845
0.48926161	0.00223845	0.4998529	0.00864704
0.00670698	0.01116105	0.97989352	0.00223845
0.99110992	1e-06	0.00667764	0.00221144
0.98486915	0.00208369	0.00861505	0.00443211
0.00893628	0.96687541	0.01104567	0.01314265
0.36505476	0.23890058	0.08257737	0.31346729
0.28630197	0.2268709	0.2561488	0.23067834
