#M00648	MAF
#p.cut	M00648	EpiUwRmapDNaseMobilized.CD3.Primary.Cells.SRX089240	0.01	0.05	0.1	0.25	0.5	0.75	0.9	0.95	0.99	
#p.Tcut2	M00648	EpiUwRmapDNaseMobilized.CD3.Primary.Cells.SRX089240	14.53	16.18	16.93	18.03	19.12	20.22	21.32	22.07	23.72	
#p.Tcut2b	M00648	EpiUwRmapDNaseMobilized.CD3.Primary.Cells.SRX089240	12.56	14.21	14.96	16.06	17.16	18.26	19.36	20.1	21.75	
A	C	G	T
0.25381324	0.16796875	0.34365699	0.23456101
0.2499573	0.05711821	0.06832799	0.6245965
0.33937433	0.005264	0.49471832	0.16064334
0.17169757	0.02607883	0.78690182	0.01532177
0.60393398	0.01583247	0.36468326	0.01555029
0.54191728	0.02593022	0.42687435	0.00527816
0.02638593	0.00527441	0.96833867	1e-06
0.02081593	0.00527816	0.95822499	0.01568092
0.9585017	0.00480233	0.03669496	1e-06
0.96359738	1e-06	0.0208508	0.01555082
0.02064834	0.00503234	0.96904116	0.00527816
0.01055531	0.03086472	0.01481296	0.94376701
0.02066048	0.02627087	0.53287947	0.42018919
0.01583247	0.0103005	0.73522952	0.23863751
0.02080219	0.23487865	0.56747759	0.17684156
0.02567188	0.45239382	0.47007312	0.05186117
0.17169637	0.00503908	0.15671265	0.66655191
0.25381324	0.16796875	0.34365699	0.23456101
