#M00689	unc-86
#p.cut	M00689	UwDnaseSknshra	0.01	0.05	0.1	0.25	0.5	0.75	0.9	0.95	0.99	
#p.Tcut2	M00689	UwDnaseSknshra	16.01	17.66	18.41	19.51	20.61	21.71	22.81	23.55	25.2	
#p.Tcut2b	M00689	UwDnaseSknshra	11.13	12.78	13.53	14.62	15.72	16.82	17.92	18.67	20.32	
A	C	G	T
0.34575439	0.18947368	0.16589474	0.29887719
0.00356446	0.98291969	1e-06	0.01351485
0.98609334	0.00712793	0.00677773	1e-06
0.0070783	0.01067017	0.0035471	0.97870442
0.04240657	1e-06	1e-06	0.95759143
0.40420148	0.57499884	0.0032742	0.01752548
0.50391581	0.00356446	0.48895527	0.00356446
0.9757165	0.00332011	0.01052397	0.01043942
0.99287007	1e-06	0.00712793	1e-06
0.98931044	0.00356446	0.00712409	1e-06
0.00356446	0.01384405	0.00325928	0.97933221
0.34575439	0.18947368	0.16589474	0.29887719
