#M00626	RFX1 (EF-C)
#p.cut	M00626	UwDgfHmvecb	0.01	0.05	0.1	0.25	0.5	0.75	0.9	0.95	0.99	
#p.Tcut2	M00626	UwDgfHmvecb	13.37	15.02	15.77	16.87	17.96	19.06	20.16	20.91	22.56	
#p.Tcut2b	M00626	UwDgfHmvecb	13.37	15.02	15.77	16.87	17.97	19.06	20.16	20.91	22.56	
A	C	G	T
0.26819076	0.2593412	0.25024582	0.22222222
0.6099146	0.35008994	0.02214395	0.01785151
0.16802756	1e-06	0.83197044	1e-06
0.12296703	0.0134017	0.0044679	0.85916337
1e-06	0.2172076	0.0044679	0.7783235
0.52456067	0.0044679	0.46203663	0.0089348
0.04754748	0.94374823	1e-06	0.00870329
1e-06	0.42942826	1e-06	0.57056974
0.87639167	0.01774891	0.01328617	0.09257325
0.02233549	0.00867417	0.74683284	0.2221575
0.01766337	0.0044679	0.97786773	1e-06
0.0044679	0.63740661	0.35812449	1e-06
0.95122739	1e-06	0.0312693	0.01750231
0.95154123	0.03084991	0.00884311	0.00876575
0.44105416	0.55479059	1e-06	0.00415425
0.26819076	0.2593412	0.25024582	0.22222222
