#M00650	MTF-1
#p.cut	M00650	UwDnaseA549	0.01	0.05	0.1	0.25	0.5	0.75	0.9	0.95	0.99	
#p.Tcut2	M00650	UwDnaseA549	13.05	14.7	15.45	16.55	17.65	18.75	19.85	20.59	22.24	
#p.Tcut2b	M00650	UwDnaseA549	12.24	13.89	14.63	15.73	16.83	17.93	19.03	19.78	21.43	
A	C	G	T
0.1732615	0.36448213	0.27082965	0.19142672
0.07142357	0.10513064	0.16411109	0.6593347
0.00642349	0.5312096	0.3051208	0.15724612
0.01276597	0.04749046	0.00963359	0.93010999
0.01895478	0.00954662	0.96677607	0.00472252
0.01114562	0.95535996	0.00802775	0.02546667
0.71268068	0.03139036	0.24322207	0.01270689
0.00797398	0.9700064	0.01109788	0.01092174
0.37840444	0.45468179	0.01582262	0.15109115
0.01912697	0.91743839	0.02237686	0.04105778
0.33335153	0.11955476	0.4545611	0.09253261
0.02217562	0.07163842	0.87763757	0.02854839
0.02057006	0.87291049	0.09218164	0.01433781
0.11581429	0.76543305	0.04435453	0.07439813
0.01270322	0.83431913	0.08919415	0.0637835
0.1732615	0.36448213	0.27082965	0.19142672
