#M00652	NRF-1
#p.cut	M00652	EpiUwRmapDNaseFetal.Lung.SRX027093	0.01	0.05	0.1	0.25	0.5	0.75	0.9	0.95	0.99	
#p.Tcut2	M00652	EpiUwRmapDNaseFetal.Lung.SRX027093	15.91	17.56	18.31	19.41	20.51	21.6	22.7	23.45	25.1	
#p.Tcut2b	M00652	EpiUwRmapDNaseFetal.Lung.SRX027093	11.12	12.77	13.52	14.62	15.71	16.81	17.91	18.66	20.31	
A	C	G	T
0.15143736	0.34690238	0.35205227	0.14960799
0.29424711	0.23107463	0.27237054	0.20230773
0.13966436	0.36145909	0.32264237	0.17623418
0.100615	0.32957394	0.23957837	0.33023269
0.14692251	0.02607369	0.81936125	0.00764255
0.00231794	0.99693193	1e-06	0.00074913
0.06142552	0.00071816	0.93785533	1e-06
1e-06	0.99845237	0.00154563	1e-06
0.47560047	0.23593712	0.23229438	0.05616803
0.00077334	0.00534377	0.00462403	0.98925886
0.00077328	0.0007732	0.99845252	1e-06
0.00077323	0.99768062	1e-06	0.00154515
0.00224236	0.00077334	0.99621096	0.00077334
1e-06	0.99768049	1e-06	0.00231751
0.67219238	0.0407222	0.26647321	0.02061221
0.14464081	0.32806319	0.42265124	0.10464475
0.23920225	0.22184426	0.19895699	0.33999649
0.15143736	0.34690238	0.35205227	0.14960799
