#M00638	HNF4alpha
#p.cut	M00638	EpiUwRmapDNaseCD4.Primary.Cells.SRX204404	0.01	0.05	0.1	0.25	0.5	0.75	0.9	0.95	0.99	
#p.Tcut2	M00638	EpiUwRmapDNaseCD4.Primary.Cells.SRX204404	14.55	16.2	16.95	18.04	19.14	20.24	21.34	22.09	23.74	
#p.Tcut2b	M00638	EpiUwRmapDNaseCD4.Primary.Cells.SRX204404	14.35	16	16.75	17.85	18.94	20.04	21.14	21.89	23.54	
A	C	G	T
0.23781057	0.26975528	0.22641509	0.26601905
0.34680199	0.45489145	0.19830556	1e-06
0.02989402	0.01975315	1e-06	0.95035184
1e-06	1e-06	0.999997	1e-06
0.97106701	1e-06	0.02893099	1e-06
0.49346975	0.46677079	0.03975846	1e-06
1e-06	0.97048136	0.01936819	0.01014945
1e-06	0.08007704	1e-06	0.91992096
1e-06	0.02960895	1e-06	0.97038905
1e-06	0.0202979	1e-06	0.9797001
0.04036544	1e-06	0.94948799	0.01014557
0.56644479	0.39470048	0.00931998	0.02953475
0.38403167	0.60583374	1e-06	0.01013359
1e-06	0.54794271	0.22580344	0.22625285
0.18896526	0.26699832	0.13715859	0.40687783
0.18968125	0.34581076	0.17726313	0.28724486
0.31390595	0.23936128	0.20811234	0.23862043
0.23785878	0.28901878	0.22625958	0.24686286
0.23916663	0.3056975	0.22867275	0.22646312
0.19752565	0.31758786	0.19776419	0.2871223
0.24639422	0.24889487	0.20671447	0.29799644
0.16787401	0.34891046	0.22672045	0.25649507
0.29548443	0.24830686	0.18754983	0.26865888
0.23646719	0.21807509	0.24855083	0.29690689
0.26846773	0.3156927	0.21937107	0.1964685
0.2178603	0.34746766	0.17740014	0.25727191
0.23719044	0.3275082	0.24729165	0.18800971
0.20786487	0.25818383	0.20680731	0.32714399
0.19739255	0.27627656	0.25951319	0.26681771
0.20617075	0.26911999	0.2369838	0.28772546
0.29387179	0.18949834	0.25912009	0.25750978
0.22867453	0.29777933	0.24558793	0.22795822
0.3261683	0.21761099	0.31892483	0.13729588
0.23781057	0.26975528	0.22641509	0.26601905
