#M00629	Eve
#p.cut	M00629	EpiUwRmapDNaseMobilized.CD3.Primary.Cells.SRX089240	0.01	0.05	0.1	0.25	0.5	0.75	0.9	0.95	0.99	
#p.Tcut2	M00629	EpiUwRmapDNaseMobilized.CD3.Primary.Cells.SRX089240	15.38	17.03	17.78	18.88	19.98	21.07	22.17	22.92	24.57	
#p.Tcut2b	M00629	EpiUwRmapDNaseMobilized.CD3.Primary.Cells.SRX089240	14.94	16.59	17.34	18.44	19.54	20.63	21.73	22.48	24.13	
A	C	G	T
0.20921659	0.29640553	0.24193548	0.2524424
0.0089291	0.00931292	0.01818874	0.96356924
0.00422087	0.95479547	0.02235899	0.01862467
0.94056872	1e-06	0.01861849	0.04081179
0.02275086	0.00923121	0.9591411	0.00887682
0.00464815	0.9544157	0.01824102	0.02269513
0.00904824	0.0418938	0.00465696	0.944401
0.00433452	0.99100846	1e-06	0.00465602
0.03640911	0.03194379	1e-06	0.9316461
0.02763163	0.0046568	0.95412651	0.01358506
0.00930487	0.9730256	0.0089291	0.00874043
0.25881984	0.38117607	0.09737029	0.26263379
0.20921659	0.29640553	0.24193548	0.2524424
