#M00694	E4F1
#p.cut	M00694	OpenChromDnaseGm12891	0.01	0.05	0.1	0.25	0.5	0.75	0.9	0.95	0.99	
#p.Tcut2	M00694	OpenChromDnaseGm12891	7.49	9.14	9.88	10.98	12.08	13.18	14.28	15.03	16.68	
#p.Tcut2b	M00694	OpenChromDnaseGm12891	9.08	10.73	11.48	12.58	13.68	14.78	15.87	16.62	18.27	
A	C	G	T
0.18271795	0.35241026	0.26046154	0.20441026
0.01258421	0.52109416	0.44570774	0.0206139
0.04086444	0.56993346	1e-06	0.3892011
1e-06	0.45117762	0.01547256	0.53334882
0.78279182	1e-06	0.03040541	0.18680177
0.00508699	0.94690916	0.01226704	0.0357368
0.03763956	0.01561956	0.93675642	0.00998445
1e-06	0.00502997	0.00239806	0.99257097
1e-06	0.99216089	0.00783711	1e-06
0.96471464	0.00753841	0.0225181	0.00522885
0.00500939	0.8535917	0.00511477	0.13628414
0.18271795	0.35241026	0.26046154	0.20441026
