#M00631	FXR/RXR-alpha
#p.cut	M00631	UwDnaseCaco2	0.01	0.05	0.1	0.25	0.5	0.75	0.9	0.95	0.99	
#p.Tcut2	M00631	UwDnaseCaco2	11.46	13.11	13.86	14.96	16.06	17.16	18.26	19	20.65	
#p.Tcut2b	M00631	UwDnaseCaco2	11.63	13.28	14.03	15.13	16.23	17.32	18.42	19.17	20.82	
A	C	G	T
0.26261175	0.24433269	0.26348978	0.22956577
0.00857488	0.79758853	0.13345456	0.06038203
0.96946603	1e-06	0.03053197	1e-06
0.65280755	0.00436694	0.32969969	0.01312582
0.03883423	0.03430849	0.90117454	0.02568274
0.03462066	0.02553677	0.75552591	0.18431666
0.00869449	0.03468042	0.15500637	0.80161872
0.0259291	0.48287926	0.47830045	0.01289118
0.96148801	0.02975166	1e-06	0.00875933
0.29790913	0.00833486	0.25398276	0.43977325
0.01279534	0.01704845	0.01732497	0.95283125
0.6249011	0.03423272	0.33648262	0.00438357
0.94843388	0.02161691	0.02558651	0.0043627
0.13002638	0.82268809	0.03427796	0.01300757
0.0302572	0.77582651	0.02158415	0.17233214
0.26659547	0.29709077	0.10020265	0.33611111
0.26261175	0.24433269	0.26348978	0.22956577
