#M00651	NF-muE1
#p.cut	M00651	EpiUwRmapDNaseFetal.Renal.Cortex.SRX121255	0.01	0.05	0.1	0.25	0.5	0.75	0.9	0.95	0.99	
#p.Tcut2	M00651	EpiUwRmapDNaseFetal.Renal.Cortex.SRX121255	17.93	19.58	20.33	21.43	22.53	23.63	24.72	25.47	27.12	
#p.Tcut2b	M00651	EpiUwRmapDNaseFetal.Renal.Cortex.SRX121255	14.56	16.21	16.95	18.05	19.15	20.25	21.35	22.09	23.75	
A	C	G	T
0.15117158	0.40376984	0.25377929	0.19127929
0.18317289	0.21220663	0.47945688	0.12516361
0.13848611	0.47280711	0.25966675	0.12904003
0.14816757	0.46336866	0.2476934	0.14077037
0.08998984	0.14273077	0.60054542	0.16673396
0.00464989	0.97704453	0.00692588	0.0113797
0.01143261	0.84598217	0.12404458	0.01854064
0.0046188	1e-06	0.99315194	0.00222826
1e-06	0.999997	1e-06	1e-06
1e-06	0.99550446	1e-06	0.00449354
0.9884489	1e-06	0.00922495	0.00232515
1e-06	0.00458688	0.00232184	0.99309028
0.00232536	0.97211637	0.01393504	0.01162323
1e-06	0.00924965	0.0046402	0.98610914
0.00669477	0.13657345	0.10977736	0.74695442
0.09710221	0.33575156	0.4262166	0.14092964
0.15117158	0.40376984	0.25377929	0.19127929
