#M00693	E12
#p.cut	M00693	EpiUwRmapDNaseFetal.Kidney.Left.SRX040398	0.01	0.05	0.1	0.25	0.5	0.75	0.9	0.95	0.99	
#p.Tcut2	M00693	EpiUwRmapDNaseFetal.Kidney.Left.SRX040398	13.61	15.26	16	17.1	18.2	19.3	20.4	21.15	22.8	
#p.Tcut2b	M00693	EpiUwRmapDNaseFetal.Kidney.Left.SRX040398	11.09	12.74	13.49	14.59	15.69	16.79	17.89	18.63	20.28	
A	C	G	T
0.19663077	0.28362331	0.32504833	0.1946976
0.19671904	0.16404673	0.23915814	0.40007609
0.17806465	0.25736595	0.3064216	0.25814781
0.17209516	0.43776934	0.16396783	0.22616767
0.18839623	0.37998711	0.19736706	0.2342496
0.23542602	0.31970969	0.23942663	0.20543765
0.15036592	0.30592936	0.32426492	0.2194398
0.19284556	0.25784294	0.30051049	0.24880101
0.2304738	0.21555496	0.25777049	0.29620074
0.22582254	0.23461247	0.28163775	0.25792724
0.14420525	0.32422208	0.21626669	0.31530598
0.18783657	0.22020269	0.41314053	0.17882022
0.24900775	0.14989875	0.40894042	0.19215307
0.11187054	0.65024081	0.12568989	0.11219877
0.05100818	0.84328277	0.05932693	0.04638211
0.7209706	0.00456154	0.26974293	0.00472493
0.01400178	0.01414645	0.97185076	1e-06
0.00472493	0.95795277	0.01370167	0.02362064
0.98630913	0.00425381	0.00471362	0.00472344
0.00435631	1e-06	0.99564169	1e-06
0.02817948	0.00472493	0.9670946	1e-06
1e-06	0.00927106	0.01827562	0.97245232
1e-06	0.00426786	0.99573014	1e-06
1e-06	0.09991484	0.83433228	0.06575188
1e-06	0.98628381	0.00426786	0.00944732
0.06439806	0.05034877	0.8766613	0.00859187
0.14445041	0.66485228	0.14841626	0.04228104
0.10707968	0.30065551	0.1160811	0.47618371
0.26252446	0.25862513	0.40467556	0.07417484
0.18245253	0.23052255	0.23500318	0.35202174
0.25341856	0.23855929	0.26814382	0.23987833
0.25348328	0.17793608	0.39561468	0.17296597
0.17863434	0.39464523	0.28071374	0.1460067
0.22028104	0.36656651	0.20727562	0.20587683
0.17349942	0.47389365	0.13634325	0.21626368
0.19663077	0.28362331	0.32504833	0.1946976
