#M00797	HIF1
#p.cut	M00797	OpenChromDnaseMyometr	0.01	0.05	0.1	0.25	0.5	0.75	0.9	0.95	0.99	
#p.Tcut2	M00797	OpenChromDnaseMyometr	8.63	10.28	11.03	12.13	13.23	14.32	15.42	16.17	17.82	
#p.Tcut2b	M00797	OpenChromDnaseMyometr	8.07	9.72	10.47	11.57	12.67	13.77	14.86	15.61	17.26	
A	C	G	T
0.15545608	0.31194521	0.37572697	0.15687175
0.03725417	0.15200353	0.79121645	0.01952586
0.18757203	0.53115102	0.16510482	0.11617213
0.15069185	0.20024244	0.60115296	0.04791276
0.01755425	0.19599604	0.58358753	0.20286218
0.91402556	0.01240114	0.07252484	0.00104846
0.0113028	0.94359271	0.01145969	0.0336448
0.02771012	0.01338046	0.9464627	0.01244672
0.003042	0.03625606	0.01239666	0.94830528
0.00731191	0.00309639	0.98858877	0.00100292
0.0415054	0.78529495	0.14753983	0.02565982
0.11344354	0.15521281	0.57157877	0.15976489
0.00830543	0.18627642	0.69066005	0.1147581
0.01852412	0.44434485	0.40737616	0.12975487
0.15545608	0.31194521	0.37572697	0.15687175
