#M00794	TTF-1 (Nkx2-1)
#p.cut	M00794	OpenChromDnaseA549	0.01	0.05	0.1	0.25	0.5	0.75	0.9	0.95	0.99	
#p.Tcut2	M00794	OpenChromDnaseA549	13.02	14.67	15.42	16.52	17.62	18.72	19.82	20.56	22.21	
#p.Tcut2b	M00794	OpenChromDnaseA549	13.41	15.06	15.8	16.9	18	19.1	20.2	20.95	22.6	
A	C	G	T
0.22926195	0.31018711	0.245842	0.21470894
0.01366462	0.95890288	0.00548165	0.02195085
0.27292062	0.70266214	0.00539322	0.01902402
0.00550339	0.95641654	0.01903349	0.01904657
0.01875051	0.29575789	0.00549228	0.67999931
1e-06	0.9756033	0.01899595	0.00539976
0.96509206	0.00817887	0.01337297	0.0133561
0.94306541	0.00536212	0.04356744	0.00800503
0.00536212	0.01095137	0.98368551	1e-06
0.40583316	0.02409517	0.02409662	0.54597505
0.02442843	0.01353073	0.94579298	0.01624787
0.01334182	0.35947462	0.45266978	0.17451377
1e-06	0.67869991	0.02751178	0.29378731
0.22926195	0.31018711	0.245842	0.21470894
