#M00762	PPAR, HNF-4, COUP, RAR
#p.cut	M00762	EpiUwRmapDNaseFetal.Intestine.Small.SRX055168	0.01	0.05	0.1	0.25	0.5	0.75	0.9	0.95	0.99	
#p.Tcut2	M00762	EpiUwRmapDNaseFetal.Intestine.Small.SRX055168	13.12	14.77	15.51	16.61	17.71	18.81	19.91	20.66	22.31	
#p.Tcut2b	M00762	EpiUwRmapDNaseFetal.Intestine.Small.SRX055168	13.39	15.04	15.79	16.89	17.99	19.08	20.18	20.93	22.58	
A	C	G	T
0.2488714	0.2405371	0.32932052	0.18127098
0.51576202	0.00595658	0.44739675	0.03088465
0.03656637	1e-06	0.96343163	1e-06
0.01186352	0.01827112	0.9574374	0.01242795
0.08065105	0.11102789	0.14428508	0.66403597
0.01231261	0.9628923	1e-06	0.02479409
0.96291534	0.0122224	0.01862538	0.00623689
0.7227649	0.04936259	0.18438926	0.04348325
0.81683635	0.01225877	0.17090388	1e-06
0.00623713	1e-06	0.99376087	1e-06
0.00618227	0.0060589	0.90741919	0.08033964
0.00592575	0.03641698	1e-06	0.95765626
1e-06	0.94579685	0.04851973	0.00568242
0.89092853	0.03040566	0.00623713	0.07242868
0.2488714	0.2405371	0.32932052	0.18127098
