#M00707	TFIIA
#p.cut	M00707	EpiUwRmapDNaseMobilized.CD3.Primary.Cells.SRX089240	0.01	0.05	0.1	0.25	0.5	0.75	0.9	0.95	0.99	
#p.Tcut2	M00707	EpiUwRmapDNaseMobilized.CD3.Primary.Cells.SRX089240	14.31	15.96	16.71	17.81	18.9	20	21.1	21.85	23.5	
#p.Tcut2b	M00707	EpiUwRmapDNaseMobilized.CD3.Primary.Cells.SRX089240	12.61	14.26	15.01	16.1	17.2	18.3	19.4	20.15	21.8	
A	C	G	T
0.29990842	0.19413919	0.25030525	0.25564713
1e-06	0.01615803	1e-06	0.98383997
0.69662511	0.27160209	0.01617929	0.01559351
0.00750115	0.04704339	0.00763981	0.93781565
0.50667267	1e-06	0.48523308	0.00809325
0.57032271	0.00809306	0.00778376	0.41380047
0.81886189	0.00809335	0.17304376	1e-06
0.98381438	0.00809335	0.00809127	1e-06
0.01585003	0.00809335	0.97605561	1e-06
0.01555216	0.00809335	0.97635348	1e-06
0.82446712	0.00745981	0.15997971	0.00809335
0.03165008	0.33429189	0.61839635	0.01566168
0.02427806	0.75540646	0.21222213	0.00809335
0.31737368	0.23733021	0.07978222	0.36551389
0.29990842	0.19413919	0.25030525	0.25564713
