#M00777	STAT
#p.cut	M00777	UwDnaseH7esDiffa14d	0.01	0.05	0.1	0.25	0.5	0.75	0.9	0.95	0.99	
#p.Tcut2	M00777	UwDnaseH7esDiffa14d	13.6	15.25	16	17.1	18.19	19.29	20.39	21.14	22.79	
#p.Tcut2b	M00777	UwDnaseH7esDiffa14d	13.77	15.42	16.16	17.26	18.36	19.46	20.56	21.3	22.96	
A	C	G	T
0.19908913	0.25959662	0.26350033	0.27781392
0.30854444	0.31130475	0.31110686	0.06904394
0.17332644	0.48388618	0.13522003	0.20756735
0.13822955	0.34578588	0.17331846	0.3426661
0.20784979	0.27375142	0.37974911	0.13864968
0.13520744	0.38098267	0.10356539	0.38024451
0.20770145	0.38071025	0.20704717	0.20454113
0.20797988	0.30771199	0.13769455	0.34661359
0.37990167	0.24235961	0.20785555	0.16988317
0.17331385	0.41236715	0.20672015	0.20759884
0.37753939	0.24168912	0.10399604	0.27677545
0.30757727	1e-06	0.3461737	0.34624802
1e-06	1e-06	0.82668903	0.17330897
0.1384265	0.17329847	0.48185041	0.20642463
1e-06	0.93066715	1e-06	0.06933085
0.41454665	1e-06	0.06933139	0.51612096
1e-06	0.5505929	1e-06	0.4494051
1e-06	1e-06	1e-06	0.999997
1e-06	1e-06	1e-06	0.999997
1e-06	0.999997	1e-06	1e-06
1e-06	1e-06	1e-06	0.999997
1e-06	1e-06	0.79241222	0.20758578
1e-06	1e-06	0.999997	1e-06
0.0346662	1e-06	0.9653318	1e-06
0.9306666	1e-06	0.0693314	1e-06
0.24165006	0.23891833	0.31197905	0.20745256
0.20701284	0.34663496	0.10386218	0.34249003
0.20799164	0.24251491	0.30728454	0.24220891
0.13866076	0.20703842	0.3778278	0.27647302
0.30837899	0.17289428	0.20797959	0.31074713
0.13866179	0.20770419	0.41165318	0.24198083
0.16988522	0.31182037	0.31059952	0.2076949
0.23878291	0.20797133	0.17332644	0.37991932
0.17332698	0.24235989	0.17273758	0.41157555
0.3112606	0.34296662	0.20795107	0.1378217
0.1730919	0.27702255	0.3812781	0.16860746
0.2423674	0.24167641	0.30854547	0.20741072
0.06922551	0.34161617	0.34663833	0.24252
0.19908913	0.25959662	0.26350033	0.27781392
