#M00798	MYBAS1
#p.cut	M00798	EpiUwRmapDNaseMobilized.CD3.Primary.Cells.SRX089240	0.01	0.05	0.1	0.25	0.5	0.75	0.9	0.95	0.99	
#p.Tcut2	M00798	EpiUwRmapDNaseMobilized.CD3.Primary.Cells.SRX089240	12.42	14.07	14.82	15.92	17.01	18.11	19.21	19.96	21.61	
#p.Tcut2b	M00798	EpiUwRmapDNaseMobilized.CD3.Primary.Cells.SRX089240	11.84	13.49	14.23	15.33	16.43	17.53	18.63	19.38	21.03	
A	C	G	T
0.21568627	0.35438201	0.21681388	0.21311784
0.0096779	0.9554898	0.02208576	0.01274653
0.00967758	0.92968116	0.01581043	0.04483083
0.32493964	0.54083115	0.1155574	0.01867181
0.00296938	0.64659434	0.0096779	0.34075838
0.95856026	0.01885831	0.01612916	0.00645227
0.91689519	0.00622214	0.06720477	0.0096779
1e-06	0.9839398	0.00960701	0.00645218
0.03225514	0.0539431	0.23162974	0.68217202
0.01927166	0.04794031	0.91369732	0.01909071
0.01290353	0.95851215	0.00645227	0.02213206
0.01270467	0.49975604	0.00645227	0.48108702
0.21568627	0.35438201	0.21681388	0.21311784
