#M00770	C/EBP
#p.cut	M00770	UwDgfHgf	0.01	0.05	0.1	0.25	0.5	0.75	0.9	0.95	0.99	
#p.Tcut2	M00770	UwDgfHgf	18.45	20.1	20.85	21.95	23.05	24.14	25.24	25.99	27.64	
#p.Tcut2b	M00770	UwDgfHgf	13.88	15.53	16.28	17.38	18.47	19.57	20.67	21.42	23.07	
A	C	G	T
0.33701706	0.1601984	0.21017519	0.29260935
0.40815231	0.01208966	0.41407832	0.16567971
0.93658572	0.01961269	0.02566889	0.01813269
0.77717631	0.00908694	0.19863534	0.0151014
0.01358608	0.01653949	0.00445447	0.96541996
1e-06	0.01061439	0.00153376	0.98785084
0.00287847	0.00749193	0.00907557	0.98055403
0.00906939	0.0045624	0.83230734	0.15406088
1e-06	1e-06	0.999997	1e-06
0.0091184	0.96835732	0.00757749	0.01494679
0.98205923	0.01060756	0.00733221	1e-06
0.98020199	0.00153376	0.01826325	1e-06
0.6977601	0.0106174	0.01677506	0.27484744
0.33701706	0.1601984	0.21017519	0.29260935
