#M00703	TAF
#p.cut	M00703	OpenChromDnaseLncapAndro	0.01	0.05	0.1	0.25	0.5	0.75	0.9	0.95	0.99	
#p.Tcut2	M00703	OpenChromDnaseLncapAndro	8.71	10.36	11.11	12.21	13.31	14.4	15.5	16.25	17.9	
#p.Tcut2b	M00703	OpenChromDnaseLncapAndro	9.11	10.76	11.51	12.61	13.71	14.81	15.9	16.65	18.3	
A	C	G	T
0.26504356	0.24976547	0.26330132	0.22188966
0.01947594	0.8702423	0.01957748	0.09070429
0.10429925	0.02258365	0.84150865	0.03160845
0.00717161	0.03733341	0.00965416	0.94584083
0.08777152	0.38759371	0.22424334	0.30039143
0.18998997	0.26363119	0.18318723	0.36319162
0.36118531	0.13295156	0.48115666	0.02470647
0.69213563	0.01754039	0.28540026	0.00492372
0.59025757	0.12609593	0.19580605	0.08784045
0.63302456	0.02221198	0.33986717	0.00489629
0.03163455	0.23222865	0.03937164	0.69676515
0.01961844	0.00753841	0.9532567	0.01958645
0.83560745	0.02229467	0.02225431	0.11984357
0.03176395	0.72237463	0.01981479	0.22604663
0.32683834	0.39547776	0.03241212	0.24527178
0.6193103	0.03246336	0.03185588	0.31637046
0.26504356	0.24976547	0.26330132	0.22188966
