#M00791	HNF3
#p.cut	M00791	EpiUwRmapDNaseFetal.Spinal.Cord.SRX201826	0.01	0.05	0.1	0.25	0.5	0.75	0.9	0.95	0.99	
#p.Tcut2	M00791	EpiUwRmapDNaseFetal.Spinal.Cord.SRX201826	18.63	20.28	21.03	22.12	23.22	24.32	25.42	26.17	27.82	
#p.Tcut2b	M00791	EpiUwRmapDNaseFetal.Spinal.Cord.SRX201826	10.61	12.26	13.01	14.1	15.2	16.3	17.4	18.15	19.8	
A	C	G	T
0.42201985	0.19440506	0.16141346	0.22216163
0.81535428	0.14999694	0.01437678	0.020272
0.24158963	0.02932252	0.01708819	0.71199966
0.84930169	0.01160018	0.13319076	0.00590737
0.9739437	1e-06	0.0145816	0.0114737
0.90164782	0.01145777	0.08689341	1e-06
0.02304595	0.92777367	1e-06	0.04917937
0.99704334	1e-06	0.00295466	1e-06
0.99142799	0.00279446	0.00295466	0.00282289
0.99712033	1e-06	0.00287767	1e-06
0.01714036	0.9395312	1e-06	0.04332744
0.98255	0.00590737	0.0057313	0.00581133
0.30628257	0.01765057	0.55431301	0.12175386
0.66051378	0.01139012	0.01429557	0.31380053
0.42201985	0.19440506	0.16141346	0.22216163
