#M00717	Pax-8
#p.cut	M00717	OpenChromDnaseMcf7Hypoxlac	0.01	0.05	0.1	0.25	0.5	0.75	0.9	0.95	0.99	
#p.Tcut2	M00717	OpenChromDnaseMcf7Hypoxlac	12.47	14.12	14.87	15.97	17.07	18.17	19.26	20.01	21.66	
#p.Tcut2b	M00717	OpenChromDnaseMcf7Hypoxlac	11.6	13.25	14	15.1	16.2	17.3	18.39	19.14	20.79	
A	C	G	T
0.2562081	0.21324752	0.26355591	0.26698847
0.01769362	0.84278247	0.09204179	0.04748212
0.84075486	0.02652493	0.02683085	0.10588936
0.07318521	0.18954207	0.50383906	0.23343367
0.07881842	0.08513486	0.00600603	0.83004069
0.20581342	0.35253636	0.22147002	0.2201802
0.43651275	0.17692539	0.03275408	0.35380778
0.07430508	0.10611735	0.00605122	0.81352636
0.01181348	0.00277014	0.98257849	0.0028379
0.36330998	0.49557524	0.10919096	0.03192383
0.29552853	0.0028381	0.68713023	0.01450314
0.00302764	0.00586468	0.00294392	0.98816375
0.0144274	1e-06	0.97115632	0.01441528
0.97059362	0.00887421	0.02053117	1e-06
0.23853901	0.00302765	0.68182151	0.07661184
0.12954924	0.13317178	0.05889597	0.67838301
0.2562081	0.21324752	0.26355591	0.26698847
