#M00732	CAT8
#p.cut	M00732	OpenChromDnaseIshikawaTam10030	0.01	0.05	0.1	0.25	0.5	0.75	0.9	0.95	0.99	
#p.Tcut2	M00732	OpenChromDnaseIshikawaTam10030	13.53	15.18	15.93	17.02	18.12	19.22	20.32	21.07	22.72	
#p.Tcut2b	M00732	OpenChromDnaseIshikawaTam10030	12.86	14.51	15.25	16.35	17.45	18.55	19.65	20.39	22.05	
A	C	G	T
0.19346591	0.34073864	0.22	0.24579545
1e-06	0.96624509	1e-06	0.03375291
0.00550724	0.97473337	0.00838227	0.01137712
0.96898764	0.01097357	0.02003778	1e-06
1e-06	0.02531987	0.00288895	0.97179018
1e-06	0.0196396	1e-06	0.9803584
0.00860479	0.50911701	0.47386593	0.00841226
0.44999853	0.00550577	0.53639644	0.00809925
1e-06	0.02888114	0.01103531	0.96008255
0.00573609	0.97175947	0.00288892	0.01961552
0.01154172	0.95982504	0.00288901	0.02574422
0.19346591	0.34073864	0.22	0.24579545
