#M00713	TBP
#p.cut	M00713	UwDnaseTh1	0.01	0.05	0.1	0.25	0.5	0.75	0.9	0.95	0.99	
#p.Tcut2	M00713	UwDnaseTh1	18.59	20.24	20.98	22.08	23.18	24.28	25.38	26.13	27.78	
#p.Tcut2b	M00713	UwDnaseTh1	9.43	11.08	11.83	12.93	14.03	15.12	16.22	16.97	18.62	
A	C	G	T
0.31373958	0.15737281	0.14645013	0.38243748
0.30544072	0.23108227	0.23779405	0.22568296
0.28970403	0.21929793	0.14840669	0.34259135
0.28652948	0.14785433	0.22543088	0.3401853
0.28841907	0.19046751	0.14005743	0.38105598
0.35950005	0.17766904	0.18832671	0.2745042
0.30302493	0.19126712	0.24457224	0.26113571
0.28742949	0.18303248	0.20431351	0.32522452
0.30315238	0.14803377	0.23141618	0.31739767
0.34558345	0.15630357	0.14109434	0.35701863
0.30492108	0.10506328	0.21664636	0.37336928
0.35869321	0.18442053	0.14200927	0.31487699
0.32384352	0.24724682	0.12649889	0.30241076
0.33758769	0.20912196	0.17790268	0.27538766
0.32386214	0.17362723	0.16349335	0.33901729
0.28847315	0.16313188	0.20993444	0.33846053
0.27532707	0.18316631	0.18283515	0.35867147
0.31753627	0.11168054	0.17647668	0.3943065
0.24692557	0.14811711	0.18933916	0.41561816
0.29576506	0.23376926	0.21089775	0.25956793
1e-06	0.01387842	1e-06	0.98611958
0.95076631	1e-06	0.02071587	0.02851682
1e-06	0.02071634	1e-06	0.97928166
0.00714887	1e-06	1e-06	0.99284913
1e-06	0.0351189	1e-06	0.9648791
0.9862472	0.00714884	0.00660296	1e-06
0.00712001	0.00674919	0.00714831	0.97898249
0.98638917	1e-06	0.00646096	0.00714887
1e-06	0.00714887	1e-06	0.99284913
0.31373958	0.15737281	0.14645013	0.38243748
