#M00742	HFH4 (FOXJ1)
#p.cut	M00742	UwDnaseTh1	0.01	0.05	0.1	0.25	0.5	0.75	0.9	0.95	0.99	
#p.Tcut2	M00742	UwDnaseTh1	21.77	23.42	24.17	25.26	26.36	27.46	28.56	29.31	30.96	
#p.Tcut2b	M00742	UwDnaseTh1	12.77	14.42	15.17	16.27	17.36	18.46	19.56	20.31	21.96	
A	C	G	T
0.25204699	0.13349947	0.17402397	0.44042957
0.35928488	0.13708089	0.04435148	0.45928274
0.25671355	0.0158798	0.00304183	0.72436481
0.13741355	0.0157083	0.23091533	0.61596281
0.01261031	0.0309208	0.00628559	0.95018331
0.04043159	0.00621753	0.90360697	0.0497439
0.01281066	0.00307086	0.00311915	0.98099933
1e-06	0.00656897	0.00633257	0.98709747
1e-06	0.01596661	0.01248544	0.97154695
0.04712456	0.01267579	0.92448307	0.01571658
0.00608267	0.03168798	1e-06	0.96222836
0.01605158	0.00304183	1e-06	0.98090558
0.01622808	0.00946245	0.00633839	0.96797107
0.92992848	0.01267579	0.02879919	0.02859654
0.25204699	0.13349947	0.17402397	0.44042957
