#M00763	PPAR direct repeat 1
#p.cut	M00763	UwDgfK562Znfa41c6	0.01	0.05	0.1	0.25	0.5	0.75	0.9	0.95	0.99	
#p.Tcut2	M00763	UwDgfK562Znfa41c6	14.34	15.99	16.74	17.83	18.93	20.03	21.13	21.88	23.53	
#p.Tcut2b	M00763	UwDgfK562Znfa41c6	13.72	15.37	16.12	17.22	18.31	19.41	20.51	21.26	22.91	
A	C	G	T
0.2015681	0.31367572	0.21660039	0.26815579
0.07796663	0.0133977	0.01632296	0.89231271
0.00601547	0.06601465	0.92645512	0.00151477
0.91012049	0.07344632	0.01042901	0.00600418
0.07839428	0.90675138	0.00301314	0.0118412
0.00152681	0.98666814	0.00301854	0.00878651
1e-06	0.09833558	0.00143121	0.90023222
0.01800902	0.2561864	0.02862316	0.69718143
1e-06	0.00902	0.00457351	0.98640549
0.02999029	0.01948262	0.94899999	0.0015271
0.66194773	0.1474953	0.12956318	0.06099379
0.01190824	0.97026509	1e-06	0.01782567
0.0073987	0.98205673	0.00449125	0.00605332
0.03998677	0.51278196	0.00728131	0.43994996
0.2015681	0.31367572	0.21660039	0.26815579
