#M00795	Octamer
#p.cut	M00795	OpenChromDnaseIshikawaTam10030	0.01	0.05	0.1	0.25	0.5	0.75	0.9	0.95	0.99	
#p.Tcut2	M00795	OpenChromDnaseIshikawaTam10030	17.62	19.27	20.02	21.12	22.22	23.31	24.41	25.16	26.81	
#p.Tcut2b	M00795	OpenChromDnaseIshikawaTam10030	13.41	15.06	15.81	16.9	18	19.1	20.2	20.95	22.6	
A	C	G	T
0.27248577	0.20202404	0.2025933	0.3228969
0.01305915	0.02252847	0.00328491	0.96112747
0.28860337	0.02937272	0.28799401	0.3940299
0.97124626	0.00956301	0.00942173	0.009769
1e-06	0.01268018	1e-06	0.98731782
1e-06	0.01313665	0.00613965	0.9807227
1e-06	0.00319549	0.00312964	0.99367387
0.01565236	0.00641341	0.9748011	0.00313313
0.00971708	0.9775297	1e-06	0.01275222
0.97427675	0.00961049	0.0129895	0.00312326
1e-06	0.01615509	1e-06	0.98384291
0.98401398	1e-06	0.0128125	0.00317251
0.27248577	0.20202404	0.2025933	0.3228969
