#M00775	NF-Y
#p.cut	M00775	OpenChromDnaseIshikawaEst10nm30m	0.01	0.05	0.1	0.25	0.5	0.75	0.9	0.95	0.99	
#p.Tcut2	M00775	OpenChromDnaseIshikawaEst10nm30m	13.4	15.05	15.8	16.9	18	19.09	20.19	20.94	22.59	
#p.Tcut2b	M00775	OpenChromDnaseIshikawaEst10nm30m	13.42	15.08	15.82	16.92	18.02	19.12	20.22	20.96	22.62	
A	C	G	T
0.26216796	0.27717351	0.23853496	0.22212357
0.24937155	0.16879605	0.40302258	0.17880982
0.18935927	0.22971561	0.28820698	0.29271814
0.18560716	0.44845656	0.18807207	0.1778642
0.41170811	0.24051873	0.18538964	0.16238352
0.2169426	0.3485962	0.20466244	0.22979876
0.27278383	0.23368586	0.29843005	0.19510026
0.15990679	0.18785062	0.22754343	0.42469916
0.20368766	0.15750941	0.42895961	0.20984331
0.29066118	0.28906898	0.22853603	0.1917338
0.18470556	0.40717958	0.18294309	0.22517178
0.15954036	0.4363863	0.15700386	0.24706948
0.28306248	0.32730255	0.18608887	0.2035461
0.31347247	0.21990345	0.20107518	0.2655489
0.24392405	0.25893795	0.3122324	0.1849056
0.14247147	0.40671475	0.28478797	0.16602582
0.14720467	0.81428134	0.01263923	0.02587475
0.00554676	0.07469481	0.00858263	0.9111758
0.00693343	0.27477216	0.3510775	0.36721692
0.66602327	0.00469248	0.32849045	0.00079379
0.30229582	0.00390896	0.69062348	0.00317174
1e-06	0.99845287	0.00079379	0.00075234
0.00071516	0.99769726	1e-06	0.00158658
0.99841141	0.00079379	0.00079379	1e-06
0.9844858	0.00299939	0.01092822	0.00158659
0.00078185	0.00632212	0.00158658	0.99130944
0.00307042	0.91209669	0.07783331	0.00699957
0.96072944	0.00307891	0.03301955	0.0031721
0.119281	0.25688191	0.50873523	0.11510187
0.46558271	0.18190268	0.14912182	0.20339278
0.31866909	0.08300188	0.38295089	0.21537813
0.26216796	0.27717351	0.23853496	0.22212357
