#M00772	IRF
#p.cut	M00772	UwDgfHmvecb	0.01	0.05	0.1	0.25	0.5	0.75	0.9	0.95	0.99	
#p.Tcut2	M00772	UwDgfHmvecb	19.04	20.69	21.44	22.53	23.63	24.73	25.83	26.58	28.23	
#p.Tcut2b	M00772	UwDgfHmvecb	13.8	15.45	16.2	17.3	18.4	19.5	20.59	21.34	22.99	
A	C	G	T
0.22306697	0.23743125	0.16518926	0.37431252
0.00540294	0.13987699	0.14414965	0.71057042
0.07405157	0.21456107	0.05473916	0.6566482
0.00882472	0.77726659	0.02467928	0.18922941
0.92513219	0.00180165	0.0587631	0.01430307
0.00883119	0.42911388	0.5142122	0.04784273
0.00344148	0.00709944	1e-06	0.98945808
1e-06	1e-06	0.00178454	0.99821346
1e-06	1e-06	1e-06	0.999997
1e-06	0.99459507	0.00180164	0.00360229
0.94283664	0.00711271	0.02672848	0.02332218
0.02133289	0.47768958	0.16710293	0.3338746
1e-06	1e-06	0.00180153	0.99819647
0.00180164	1e-06	1e-06	0.99819636
0.00180165	0.16683585	1e-06	0.8313615
0.00707485	0.65775771	1e-06	0.33516644
0.22306697	0.23743125	0.16518926	0.37431252
