#M00764	HNF4 direct repeat 1
#p.cut	M00764	UwDgfK562Znfp5	0.01	0.05	0.1	0.25	0.5	0.75	0.9	0.95	0.99	
#p.Tcut2	M00764	UwDgfK562Znfp5	14.98	16.63	17.38	18.48	19.58	20.68	21.78	22.52	24.17	
#p.Tcut2b	M00764	UwDgfK562Znfp5	14.21	15.86	16.61	17.71	18.81	19.91	21	21.75	23.4	
A	C	G	T
0.20218029	0.28726764	0.21995807	0.29059399
0.00302304	0.0161595	0.00285845	0.97795901
0.01029637	0.00598652	0.97932915	0.00438795
0.80819381	0.00301446	0.18879073	1e-06
0.14962662	0.81367428	0.01754449	0.01915461
0.00151356	0.98810117	0.0073873	0.00299798
0.00293465	0.15456487	0.00290786	0.83959261
1e-06	0.02405608	0.00297547	0.97296746
1e-06	0.01641495	0.00294531	0.98063874
0.00453868	0.00572286	0.98835596	0.00138251
0.43928589	0.22893371	0.19041008	0.14137032
0.00145386	0.98409493	0.00874732	0.00570389
0.00151221	0.8925002	0.00437496	0.10161262
0.07962625	0.36408052	0.0118314	0.54446183
0.20218029	0.28726764	0.21995807	0.29059399
