#M00773	MYB
#p.cut	M00773	EpiUwRmapDNaseMobilized.CD3.Primary.Cells.SRX089240	0.01	0.05	0.1	0.25	0.5	0.75	0.9	0.95	0.99	
#p.Tcut2	M00773	EpiUwRmapDNaseMobilized.CD3.Primary.Cells.SRX089240	13.02	14.67	15.42	16.52	17.61	18.71	19.81	20.56	22.21	
#p.Tcut2b	M00773	EpiUwRmapDNaseMobilized.CD3.Primary.Cells.SRX089240	12.73	14.38	15.13	16.23	17.33	18.42	19.52	20.27	21.92	
A	C	G	T
0.24242424	0.21847148	0.28787879	0.25122549
0.90885919	0.03450484	0.05663497	1e-06
0.01692854	0.25386419	0.6897509	0.03945637
0.0287536	0.04550739	0.38073971	0.54499931
0.01706045	0.00575164	0.95996641	0.0172215
0.0337551	0.30581679	0.64892584	0.01150228
0.01620743	0.96654547	0.00575164	0.01149546
0.94396748	1e-06	0.04452926	0.01150226
0.01150228	0.0168068	0.97168992	1e-06
0.00575164	0.00547449	1e-06	0.98877287
1e-06	0.00575164	0.02281891	0.97142845
0.24310668	0.04582239	0.68237181	0.02869912
0.24242424	0.21847148	0.28787879	0.25122549
