#M00761	p53 decamer
#p.cut	M00761	EpiUwRmapDNaseMobilized.CD3.Primary.Cells.SRX089240	0.01	0.05	0.1	0.25	0.5	0.75	0.9	0.95	0.99	
#p.Tcut2	M00761	EpiUwRmapDNaseMobilized.CD3.Primary.Cells.SRX089240	14.13	15.78	16.53	17.63	18.73	19.83	20.93	21.67	23.32	
#p.Tcut2b	M00761	EpiUwRmapDNaseMobilized.CD3.Primary.Cells.SRX089240	13.54	15.19	15.94	17.04	18.14	19.23	20.33	21.08	22.73	
A	C	G	T
0.2825974	0.26623377	0.22805195	0.22311688
0.95687983	0.00851197	0.03043931	0.00416889
0.02575799	1e-06	0.9698446	0.00439641
0.97418641	1e-06	0.02581159	1e-06
0.02110534	0.94873059	0.01727499	0.01288908
0.9696559	0.00867075	0.01744236	0.00423099
0.95254621	0.01329449	0.02142386	0.01273543
0.01312554	1e-06	0.9826435	0.00422996
0.00847524	0.42164526	0.00851579	0.56136372
0.0044318	0.97409416	0.00403774	0.0174363
0.00885799	0.94339826	1e-06	0.04774274
0.2825974	0.26623377	0.22805195	0.22311688
