#M00774	NF-kappaB
#p.cut	M00774	UwDnaseMcf7Estctrl0h	0.01	0.05	0.1	0.25	0.5	0.75	0.9	0.95	0.99	
#p.Tcut2	M00774	UwDnaseMcf7Estctrl0h	14.09	15.74	16.49	17.59	18.68	19.78	20.88	21.63	23.28	
#p.Tcut2b	M00774	UwDnaseMcf7Estctrl0h	14.2	15.85	16.6	17.7	18.8	19.9	20.99	21.74	23.39	
A	C	G	T
0.24694399	0.25116311	0.26153986	0.24035304
0.11613507	0.18038256	0.39649556	0.30698681
0.1340523	0.28955362	0.28991619	0.28647788
0.19271676	0.44840259	0.13314083	0.22573981
0.21565449	0.15881037	0.17960628	0.44592886
0.0128063	0.00754536	0.68801396	0.29163438
0.00382291	0.00129311	0.99100515	0.00387883
0.00251776	0.00258256	0.99360583	0.00129384
0.72800929	0.00253956	0.26945015	1e-06
0.99098234	0.0025861	0.00643056	1e-06
0.9909747	1e-06	0.0090233	1e-06
0.17347522	0.05996647	0.29048583	0.47607249
0.00258667	0.03584657	0.00129111	0.96027566
0.00127936	0.99613433	0.00129248	0.00129383
0.0038016	0.9923513	0.00129384	0.00255326
0.00258577	0.98329081	0.00129055	0.01283286
0.30750801	0.2988405	0.07014235	0.32350914
0.24694399	0.25116311	0.26153986	0.24035304
