#M00766	LXR direct repeat 4
#p.cut	M00766	UwDnaseCaco2	0.01	0.05	0.1	0.25	0.5	0.75	0.9	0.95	0.99	
#p.Tcut2	M00766	UwDnaseCaco2	10.2	11.85	12.6	13.7	14.8	15.9	17	17.74	19.39	
#p.Tcut2b	M00766	UwDnaseCaco2	11.15	12.8	13.55	14.65	15.74	16.84	17.94	18.69	20.34	
A	C	G	T
0.18819947	0.33582949	0.27361751	0.20235352
0.05555763	0.12043113	0.04175584	0.78225541
0.02748502	0.02334577	0.94028399	0.00888523
0.5855595	0.32153334	0.05550706	0.03740011
0.06417604	0.8855119	0.02316803	0.02714402
0.03212613	0.88057629	0.03237476	0.05492282
0.05511015	0.2075398	0.33386443	0.40348562
0.11942365	0.4081768	0.36712906	0.10527049
0.2547117	0.44206922	0.1612601	0.14195898
0.58517753	0.12509008	0.13806976	0.15166263
0.07379298	0.13668283	0.7196219	0.06990229
0.01839086	0.05000932	0.05047396	0.88112586
0.33258085	0.01860928	0.60707142	0.04173844
0.87224271	0.00910621	0.09126144	0.02738964
0.05057968	0.91670935	0.01873772	0.01397326
0.0093549	0.94060934	0.00471408	0.04532168
0.04162575	0.87989165	0.02827694	0.05020565
0.18819947	0.33582949	0.27361751	0.20235352
