#M00724	HNF3alpha
#p.cut	M00724	UwDnaseMcf7	0.01	0.05	0.1	0.25	0.5	0.75	0.9	0.95	0.99	
#p.Tcut2	M00724	UwDnaseMcf7	22.02	23.67	24.42	25.52	26.61	27.71	28.81	29.56	31.21	
#p.Tcut2b	M00724	UwDnaseMcf7	11.85	13.5	14.25	15.35	16.45	17.55	18.64	19.39	21.04	
A	C	G	T
0.19243697	0.15031831	0.1991342	0.45811052
0.00656466	0.00787753	0.00522482	0.980333
0.02194129	1e-06	0.96260474	0.01545297
1e-06	0.00642382	0.0012345	0.99234069
0.00131378	1e-06	1e-06	0.99868422
1e-06	0.00653109	0.003808	0.98965992
0.00906517	0.00131378	0.9533927	0.03622835
1e-06	0.00912891	0.01048401	0.98038608
0.00524843	0.01176714	0.00389538	0.97908904
0.00782647	0.00652692	0.00259289	0.98305372
0.01568761	0.00393934	0.006507	0.97386605
0.0052174	0.01685846	0.01181039	0.96611375
0.21560315	0.25876505	0.20675648	0.31887532
0.27274156	0.22521294	0.15305221	0.34899329
0.24005289	0.21764032	0.18592525	0.35638154
0.25986607	0.1792644	0.18324153	0.377628
0.21946909	0.2128091	0.18941395	0.37830786
0.2613484	0.19983143	0.1958698	0.34295037
0.28960137	0.19582329	0.20675655	0.30781878
0.28449218	0.18945677	0.2270734	0.29897765
0.2600304	0.20115598	0.23153329	0.30728033
0.26733466	0.20151192	0.2166024	0.31455102
0.27476333	0.17988352	0.18966419	0.35568896
0.2412879	0.20161843	0.21814879	0.33894488
0.25372019	0.20897393	0.21809107	0.3192148
0.26884247	0.20671508	0.19356067	0.33088178
0.24258707	0.210237	0.21829343	0.32888251
0.31721459	0.1935791	0.20247629	0.28673002
0.19243697	0.15031831	0.1991342	0.45811052
