#M00721	CACCC-binding factor
#p.cut	M00721	EpiUwRmapDNaseCD4.Primary.Cells.SRX204404	0.01	0.05	0.1	0.25	0.5	0.75	0.9	0.95	0.99	
#p.Tcut2	M00721	EpiUwRmapDNaseCD4.Primary.Cells.SRX204404	15.6	17.25	18	19.1	20.2	21.3	22.39	23.14	24.79	
#p.Tcut2b	M00721	EpiUwRmapDNaseCD4.Primary.Cells.SRX204404	13.52	15.17	15.92	17.02	18.12	19.22	20.31	21.06	22.71	
A	C	G	T
0.17842566	0.25306122	0.3712828	0.19723032
0.01668003	0.90518477	0.00816558	0.06996962
0.70425096	0.0249848	0.25486324	0.015901
0.14350825	0.16351444	0.46916114	0.22381617
0.01651902	0.64806379	0.22039449	0.1150227
0.18569568	0.64588023	0.12734059	0.0410835
0.10573215	0.47270829	0.15682012	0.26473944
0.07031406	0.43592461	0.31891715	0.17484417
0.30066901	0.03660564	0.04440365	0.6183217
0.02084619	0.02057021	0.95048265	0.00810095
0.01230021	0.00830816	0.96319943	0.01619219
0.00391417	0.01181202	0.97244856	0.01182525
0.00385827	0.04915888	0.09769397	0.84928888
0.01593961	0.00395897	0.9759298	0.00417162
0.22427195	0.02032073	0.373783	0.38162432
0.08061979	0.00417162	0.91103696	0.00417162
0.01206324	0.05669484	0.92738365	0.00385827
0.17842566	0.25306122	0.3712828	0.19723032
