#M00778	AhR
#p.cut	M00778	OpenChromDnaseGm19239	0.01	0.05	0.1	0.25	0.5	0.75	0.9	0.95	0.99	
#p.Tcut2	M00778	OpenChromDnaseGm19239	8.17	9.82	10.57	11.67	12.77	13.87	14.97	15.71	17.36	
#p.Tcut2b	M00778	OpenChromDnaseGm19239	9.06	10.71	11.46	12.56	13.66	14.76	15.85	16.6	18.25	
A	C	G	T
0.15878203	0.29048656	0.34204793	0.20868347
0.00784629	0.79327445	0.10320656	0.0956727
0.00533324	0.06655262	0.031869	0.89624514
0.04754561	0.14362223	0.25920699	0.54962517
0.01343937	0.01055938	0.97064369	0.00535756
0.01599782	0.90860469	0.018225	0.05717249
0.04480063	0.02896446	0.91311357	0.01312135
0.01077773	0.01073313	0.01028813	0.96820101
0.0104773	0.00263817	0.98163175	0.00525278
0.39776009	0.44131197	0.02629698	0.13463097
0.0478599	0.1636178	0.7806884	0.0078339
0.15878203	0.29048656	0.34204793	0.20868347
