#M00735	ZAP1
#p.cut	M00735	EpiUwRmapDNaseMobilized.CD3.Primary.Cells.SRX089240	0.01	0.05	0.1	0.25	0.5	0.75	0.9	0.95	0.99	
#p.Tcut2	M00735	EpiUwRmapDNaseMobilized.CD3.Primary.Cells.SRX089240	11.36	13.01	13.76	14.85	15.95	17.05	18.15	18.9	20.55	
#p.Tcut2b	M00735	EpiUwRmapDNaseMobilized.CD3.Primary.Cells.SRX089240	11.71	13.36	14.11	15.21	16.31	17.4	18.5	19.25	20.9	
A	C	G	T
0.23207547	0.2709434	0.25610063	0.2408805
0.00638018	0.02486369	0.00638078	0.96237534
0.00638078	0.01913957	1e-06	0.97447864
0.0254935	0.00638078	0.96812472	1e-06
0.91242895	0.00638078	0.07480948	0.00638078
1e-06	0.98087403	0.0063644	0.01276057
0.04441532	0.84840491	0.01897995	0.08819982
0.24972706	0.24572838	0.49178409	0.01276046
0.81035968	0.08232614	0.10103691	0.00627727
0.01276046	0.07556963	0.88065404	0.03101586
0.00638078	0.66577356	0.13249274	0.19535292
0.23207547	0.2709434	0.25610063	0.2408805
