#M00796	USF
#p.cut	M00796	EpiUwRmapDNaseCD4.Primary.Cells.SRX204404	0.01	0.05	0.1	0.25	0.5	0.75	0.9	0.95	0.99	
#p.Tcut2	M00796	EpiUwRmapDNaseCD4.Primary.Cells.SRX204404	10.8	12.45	13.19	14.29	15.39	16.49	17.59	18.33	19.99	
#p.Tcut2b	M00796	EpiUwRmapDNaseCD4.Primary.Cells.SRX204404	11.74	13.39	14.14	15.24	16.34	17.43	18.53	19.28	20.93	
A	C	G	T
0.21049731	0.33304753	0.29176874	0.16468643
0.31643059	0.15073643	0.51073317	0.02209981
0.4613723	0.18853658	0.346875	0.00321612
0.06728052	0.83409823	0.07641581	0.02220544
0.00314648	0.98723485	0.00640255	0.00321612
0.98404931	0.00321612	0.01273357	1e-06
0.00314648	0.91770393	0.03468743	0.04446216
0.02827991	0.00321612	0.96850297	1e-06
0.00643124	0.0063616	1e-06	0.98720616
1e-06	1e-06	0.9936364	0.0063616
0.94355996	1e-06	0.05333606	0.00310298
0.00321612	0.83190382	0.15202183	0.01285824
0.21237322	0.56483332	0.02569342	0.19710004
0.21049731	0.33304753	0.29176874	0.16468643
