#M00776	SREBP
#p.cut	M00776	EpiUwRmapDNaseMobilized.CD3.Primary.Cells.SRX089240	0.01	0.05	0.1	0.25	0.5	0.75	0.9	0.95	0.99	
#p.Tcut2	M00776	EpiUwRmapDNaseMobilized.CD3.Primary.Cells.SRX089240	12.98	14.63	15.38	16.47	17.57	18.67	19.77	20.52	22.17	
#p.Tcut2b	M00776	EpiUwRmapDNaseMobilized.CD3.Primary.Cells.SRX089240	11.91	13.56	14.3	15.4	16.5	17.6	18.7	19.44	21.1	
A	C	G	T
0.24702059	0.34033044	0.21059047	0.2020585
0.21037082	0.22623848	0.53561464	0.02777606
0.11899336	0.39731016	0.35001763	0.13367885
0.07072224	0.45928632	0.44250191	0.02748953
0.77375489	0.12026126	0.09886409	0.00711975
0.00711975	0.02135463	1e-06	0.97152462
1e-06	0.97868337	0.00711798	0.01419765
0.93662399	0.02134996	0.02070922	0.02131683
1e-06	0.97865996	0.00711975	0.01421928
1e-06	0.99287826	1e-06	0.00711974
0.00709868	0.95733401	0.007113	0.0284543
0.01355198	0.92262593	1e-06	0.06382109
0.92239914	0.02135726	0.05624261	1e-06
0.24702059	0.34033044	0.21059047	0.2020585
