#M00711	Zta
#p.cut	M00711	UwDgfHmvecb	0.01	0.05	0.1	0.25	0.5	0.75	0.9	0.95	0.99	
#p.Tcut2	M00711	UwDgfHmvecb	15.08	16.73	17.48	18.58	19.68	20.77	21.87	22.62	24.27	
#p.Tcut2b	M00711	UwDgfHmvecb	14.23	15.88	16.63	17.73	18.82	19.92	21.02	21.77	23.42	
A	C	G	T
0.25574397	0.26973967	0.20315262	0.27136374
0.07871698	0.0224866	0.01002388	0.88877254
0.1361982	0.70187811	0.10363117	0.05829251
0.96443529	0.0124916	0.01794537	0.00512774
0.0124246	0.94178474	0.0126664	0.03312426
0.11718122	0.21507354	0.04320285	0.62454239
0.24612306	0.31430285	0.38670675	0.05286735
1e-06	0.00996891	0.00231737	0.98771272
1e-06	0.0023842	0.90879917	0.08881563
0.79894356	1e-06	0.19850515	0.00255029
1e-06	0.99230381	0.0025654	0.00512979
0.16869189	0.00996683	0.00256519	0.81877609
1e-06	0.992599	0.0025654	0.00483461
0.98270115	0.00233325	0.010017	0.0049486
0.10167262	0.27336277	0.30831476	0.31664985
0.25574397	0.26973967	0.20315262	0.27136374
