#M00734	CIZ
#p.cut	M00734	UwDnaseHct116	0.01	0.05	0.1	0.25	0.5	0.75	0.9	0.95	0.99	
#p.Tcut2	M00734	UwDnaseHct116	15.97	17.62	18.37	19.47	20.57	21.66	22.76	23.51	25.16	
#p.Tcut2b	M00734	UwDnaseHct116	10.81	12.46	13.21	14.31	15.41	16.51	17.61	18.35	20	
A	C	G	T
0.38043217	0.17971188	0.19159664	0.2482593
0.30459417	0.03567657	0.39480306	0.2649262
0.00595257	0.011684	0.97399104	0.00837239
0.99702199	1e-06	1e-06	0.00297601
0.9880973	0.00297678	0.00892491	1e-06
0.99111865	1e-06	0.00592338	0.00295697
0.98515194	1e-06	0.00892832	0.00591875
0.98828111	0.00297678	0.00874111	1e-06
0.92042001	0.01781425	0.01771429	0.04405145
0.10015096	0.06177068	0.00297678	0.83510159
0.064284	0.85053913	0.01745999	0.06771688
0.3525934	0.30605661	0.05908722	0.28226277
0.38043217	0.17971188	0.19159664	0.2482593
