#M00790	HNF1
#p.cut	M00790	OpenChromDnaseHuh7	0.01	0.05	0.1	0.25	0.5	0.75	0.9	0.95	0.99	
#p.Tcut2	M00790	OpenChromDnaseHuh7	17.4	19.06	19.8	20.9	22	23.1	24.2	24.94	26.6	
#p.Tcut2b	M00790	OpenChromDnaseHuh7	10.58	12.23	12.98	14.08	15.18	16.28	17.38	18.12	19.77	
A	C	G	T
0.30594955	0.17661797	0.18530236	0.33213012
0.27266258	0.01231848	0.05051068	0.66450825
0.28788677	0.00120273	0.54755888	0.16335163
0.03261608	1e-06	0.94154943	0.0258335
1e-06	0.01103161	1e-06	0.98896639
0.03828904	0.00490194	0.01100872	0.9458003
0.99259451	0.00116487	0.00124385	0.00499676
0.92868837	0.04796795	0.00238836	0.02095532
1e-06	0.00248219	0.00239663	0.99512017
0.39128483	0.1084088	0.27067955	0.22962682
0.74059092	0.01842841	0.0259789	0.21500178
0.01495222	1e-06	0.00985432	0.97519246
0.00244433	0.04313096	0.00487697	0.94954774
0.7256122	0.0308469	0.05795651	0.18558438
0.7929929	0.07057951	0.07391062	0.06251696
0.04889225	0.74426717	0.00978553	0.19705505
0.44393011	0.10351732	0.05679546	0.39575711
0.19355003	0.17008177	0.40791055	0.22845764
0.30594955	0.17661797	0.18530236	0.33213012
