#M00730	HAC1
#p.cut	M00730	EpiUwRmapDNaseMobilized.CD3.Primary.Cells.SRX089240	0.01	0.05	0.1	0.25	0.5	0.75	0.9	0.95	0.99	
#p.Tcut2	M00730	EpiUwRmapDNaseMobilized.CD3.Primary.Cells.SRX089240	10.17	11.82	12.56	13.66	14.76	15.86	16.96	17.7	19.36	
#p.Tcut2b	M00730	EpiUwRmapDNaseMobilized.CD3.Primary.Cells.SRX089240	9.78	11.43	12.18	13.28	14.38	15.48	16.57	17.32	18.97	
A	C	G	T
0.16298077	0.32991453	0.31111111	0.19599359
0.02513388	0.03605796	0.55061828	0.38818988
0.09176176	0.02203728	0.8807481	0.00545287
0.18026507	0.65604617	0.14405516	0.0196336
0.06674945	0.89143922	0.02226544	0.01954589
0.67152994	0.1250865	0.17283977	0.03054379
0.0221647	0.14874933	0.81506079	0.01402518
0.00841646	0.94144058	0.00834738	0.04179558
0.03598114	0.01378765	0.93926651	0.01096471
0.01955225	0.31751204	0.0336558	0.62927991
0.0634581	0.30564825	0.6198751	0.01101855
0.00561131	0.02242541	0.00554504	0.96641825
0.06590154	0.81403991	0.02791816	0.09214039
0.16298077	0.32991453	0.31111111	0.19599359
