#M00700	ROM
#p.cut	M00700	EpiUwRmapDNaseCD4.Primary.Cells.SRX204404	0.01	0.05	0.1	0.25	0.5	0.75	0.9	0.95	0.99	
#p.Tcut2	M00700	EpiUwRmapDNaseCD4.Primary.Cells.SRX204404	14.33	15.98	16.73	17.83	18.93	20.02	21.12	21.87	23.52	
#p.Tcut2b	M00700	EpiUwRmapDNaseCD4.Primary.Cells.SRX204404	13.68	15.33	16.08	17.18	18.28	19.37	20.47	21.22	22.87	
A	C	G	T
0.21668339	0.3503959	0.23530724	0.19761347
0.31588449	0.13311725	0.26158068	0.28941758
0.03200465	1e-06	0.95682865	0.01116569
0.00527389	0.98356031	1e-06	0.01116481
1e-06	0.98896989	1e-06	0.01102811
0.96651125	0.0111575	0.02233025	1e-06
1e-06	0.96190948	0.01674715	0.02134236
0.0050345	0.9949635	1e-06	1e-06
0.00551739	0.01674804	0.00558335	0.97215122
0.00558335	0.96723545	0.01043334	0.01674787
0.97811916	0.01085606	0.01102378	1e-06
0.21668339	0.3503959	0.23530724	0.19761347
