#M00753	RCS1
#p.cut	M00753	UwDnaseTh1	0.01	0.05	0.1	0.25	0.5	0.75	0.9	0.95	0.99	
#p.Tcut2	M00753	UwDnaseTh1	14.47	16.12	16.86	17.96	19.06	20.16	21.26	22.01	23.66	
#p.Tcut2b	M00753	UwDnaseTh1	13.68	15.33	16.07	17.17	18.27	19.37	20.47	21.22	22.87	
A	C	G	T
0.27684237	0.27692698	0.20331669	0.24291395
0.9414381	0.0045458	0.044939	0.00907711
0.46515662	0.37332286	0.12606026	0.03546026
0.06676248	0.0586608	0.0403906	0.83418612
0.11113028	0.04939091	0.79000883	0.04946998
0.00454554	0.93724926	0.00908321	0.04912199
0.95960473	0.01362324	0.02677103	1e-06
1e-06	0.97754286	1e-06	0.02245514
1e-06	0.96866915	1e-06	0.03132885
0.00865614	0.94655254	0.0272559	0.01753542
0.85642104	0.02236478	0.07164749	0.0495667
0.22355334	0.07219412	0.38491116	0.31934138
0.05412802	0.13110656	0.27333817	0.54142725
0.13725127	0.05430322	0.02239195	0.78605356
0.27684237	0.27692698	0.20331669	0.24291395
