#M00767	FXR inverted repeat 1
#p.cut	M00767	EpiUwRmapDNaseMobilized.CD3.Primary.Cells.SRX089240	0.01	0.05	0.1	0.25	0.5	0.75	0.9	0.95	0.99	
#p.Tcut2	M00767	EpiUwRmapDNaseMobilized.CD3.Primary.Cells.SRX089240	12.62	14.27	15.02	16.12	17.22	18.32	19.41	20.16	21.81	
#p.Tcut2b	M00767	EpiUwRmapDNaseMobilized.CD3.Primary.Cells.SRX089240	12.18	13.83	14.58	15.67	16.77	17.87	18.97	19.72	21.37	
A	C	G	T
0.25852367	0.22012579	0.25786164	0.26348891
0.34834197	1e-06	0.58127249	0.07038454
0.17285518	1e-06	0.81031996	0.01682386
0.06992355	1e-06	0.87732658	0.05274887
0.01787501	0.01787501	0.01677045	0.94747953
0.01787492	0.1196378	0.31750252	0.54498476
0.84107202	0.03574902	1e-06	0.12317796
0.86039513	0.08711404	0.05248983	1e-06
0.03464446	1e-06	1e-06	0.96535354
0.26521344	1e-06	0.71691055	0.01787501
0.80498634	0.05251837	0.03574902	0.10674627
1e-06	0.999997	1e-06	1e-06
1e-06	0.98212299	0.01787501	1e-06
0.07149386	0.19357361	0.03407239	0.70086014
0.15617713	0.26568388	0.31833733	0.25980166
0.26451849	0.21090712	0.17444792	0.35012648
0.28233956	0.25874045	0.23102213	0.22789786
0.22610631	0.22724142	0.19336331	0.35328896
0.19134435	0.31624613	0.21102336	0.28138615
0.24548145	0.28025192	0.26339299	0.21087364
0.20974675	0.33359805	0.2628507	0.1938045
0.33254978	0.20986932	0.17633432	0.28124658
0.22937475	0.30025184	0.31255333	0.15782008
0.31573026	0.22601199	0.17464822	0.28360953
0.19365786	0.19242665	0.33413846	0.27977702
0.26452346	0.22517048	0.24695889	0.26334716
0.24376324	0.26599666	0.14064035	0.34959975
0.38393623	0.20945909	0.21225208	0.19435259
0.29512345	0.19375931	0.19301437	0.31810288
0.31471309	0.2263178	0.3006347	0.15833441
0.14117669	0.15706629	0.26448984	0.43726718
0.25852367	0.22012579	0.25786164	0.26348891
