#M00765	COUP direct repeat 1
#p.cut	M00765	UwDgfK562Znfa41c6	0.01	0.05	0.1	0.25	0.5	0.75	0.9	0.95	0.99	
#p.Tcut2	M00765	UwDgfK562Znfa41c6	14.64	16.29	17.03	18.13	19.23	20.33	21.43	22.18	23.83	
#p.Tcut2b	M00765	UwDgfK562Znfa41c6	14.07	15.72	16.47	17.57	18.66	19.76	20.86	21.61	23.26	
A	C	G	T
0.20146074	0.31049474	0.21853172	0.2695128
0.04165768	0.01388899	0.01381348	0.93063985
1e-06	0.00617811	0.9923043	0.00151658
0.98635539	0.00456833	0.00907528	1e-06
0.03692754	0.9508097	0.00467553	0.00758723
0.0015675	0.9910403	1e-06	0.0073912
0.00154847	0.17786719	0.00155828	0.81902605
0.01372914	0.28091499	0.06307123	0.64228463
0.00297136	0.01389441	0.00620005	0.97693419
0.01683684	0.00296517	0.97863261	0.00156538
0.68030987	0.09612822	0.17162652	0.0519354
0.0074231	0.9542581	0.02930522	0.00901358
0.04449765	0.81491903	0.0059682	0.13461512
0.05331553	0.53908272	0.00924603	0.39835573
0.20146074	0.31049474	0.21853172	0.2695128
