#M00788	EmBP-1b
#p.cut	M00788	EpiUwRmapDNaseCD3.Cord.Blood.Primary.Cells.SRX055190	0.01	0.05	0.1	0.25	0.5	0.75	0.9	0.95	0.99	
#p.Tcut2	M00788	EpiUwRmapDNaseCD3.Cord.Blood.Primary.Cells.SRX055190	11	12.65	13.4	14.49	15.59	16.69	17.79	18.54	20.19	
#p.Tcut2b	M00788	EpiUwRmapDNaseCD3.Cord.Blood.Primary.Cells.SRX055190	11.02	12.67	13.42	14.52	15.62	16.71	17.81	18.56	20.21	
A	C	G	T
0.2572093	0.24039867	0.27594684	0.22644518
0.35902143	0.02019894	0.25943573	0.36134389
0.56117229	0.00669085	0.01979954	0.41233733
0.0100823	0.95713584	0.01975608	0.01302578
0.97681974	0.01325543	0.00658723	0.0033376
0.01010638	0.9196817	0.00999351	0.06021841
0.09538596	0.01010359	0.87435431	0.02015613
1e-06	0.01295479	0.00314278	0.98390143
0.01302516	1e-06	0.983604	0.00336984
0.02352263	0.01010751	0.96300001	0.00336984
0.96658084	0.00336984	0.02331064	0.00673869
0.2572093	0.24039867	0.27594684	0.22644518
