#M00800	AP-2
#p.cut	M00800	EpiUwRmapDNaseFetal.Kidney.Left.SRX040405	0.01	0.05	0.1	0.25	0.5	0.75	0.9	0.95	0.99	
#p.Tcut2	M00800	EpiUwRmapDNaseFetal.Kidney.Left.SRX040405	14.85	16.5	17.25	18.35	19.45	20.55	21.64	22.39	24.04	
#p.Tcut2b	M00800	EpiUwRmapDNaseFetal.Kidney.Left.SRX040405	9.42	11.07	11.82	12.92	14.02	15.12	16.22	16.96	18.61	
A	C	G	T
0.13253532	0.32394035	0.43543956	0.10808477
0.04800772	0.10770584	0.84208403	0.00220241
0.00445879	0.43222302	0.50651816	0.05680004
0.00670441	0.98489067	0.00429135	0.00411357
0.02172926	0.67748574	0.27657332	0.02421168
0.00442736	0.45689812	0.52087435	0.01780017
0.01065688	0.93872001	0.01344342	0.03717969
0.33461777	0.01977665	0.63681506	0.00879052
0.03244127	0.00446747	0.96309026	1e-06
0.00644469	0.01102291	0.98029053	0.00224187
0.00447753	0.98040247	0.00424875	0.01087125
0.10494448	0.08345144	0.59068827	0.22091581
0.10460975	0.00206782	0.88212411	0.01119833
0.3447714	0.24675632	0.28159953	0.12687274
0.15637474	0.01565443	0.82366399	0.00430685
0.13253532	0.32394035	0.43543956	0.10808477
