#M00806	NF-1
#p.cut	M00806	UwDnaseK562Znff41b2	0.01	0.05	0.1	0.25	0.5	0.75	0.9	0.95	0.99	
#p.Tcut2	M00806	UwDnaseK562Znff41b2	13.63	15.28	16.03	17.12	18.22	19.32	20.42	21.17	22.82	
#p.Tcut2b	M00806	UwDnaseK562Znff41b2	13.17	14.82	15.57	16.67	17.77	18.86	19.96	20.71	22.36	
A	C	G	T
0.27693809	0.2348607	0.23649362	0.25170759
0.09522447	0.31160703	0.01038827	0.58278024
0.00676945	0.00222726	0.01831014	0.97269314
0.00105227	0.00115562	0.99555039	0.00224172
0.01484847	1e-06	0.98300413	0.0021464
0.3804898	0.5255964	0.06664066	0.02727314
0.22878479	0.25250017	0.07129811	0.44741693
0.32899758	0.22852853	0.16811395	0.27435994
0.30853292	0.33611589	0.21593004	0.13942114
0.13874889	0.32153429	0.20421311	0.33550371
0.24109792	0.0102487	0.040893	0.70776038
1e-06	0.00115568	0.99769021	0.00115311
1e-06	0.999997	1e-06	1e-06
1e-06	0.999997	1e-06	1e-06
0.99772365	0.00227435	1e-06	1e-06
0.98639722	1e-06	0.01132753	0.00227425
0.24157049	0.09228098	0.56769031	0.09845822
0.58799286	0.15792787	0.19674845	0.05733082
0.27693809	0.2348607	0.23649362	0.25170759
