#M00819	Knox3
#p.cut	M00819	UwDnaseTh1wb33676984	0.01	0.05	0.1	0.25	0.5	0.75	0.9	0.95	0.99	
#p.Tcut2	M00819	UwDnaseTh1wb33676984	13.38	15.03	15.78	16.88	17.98	19.07	20.17	20.92	22.57	
#p.Tcut2b	M00819	UwDnaseTh1wb33676984	13.03	14.68	15.43	16.53	17.62	18.72	19.82	20.57	22.22	
A	C	G	T
0.25329044	0.22192161	0.26272302	0.26206493
0.02705679	0.46380795	0.25790987	0.25122538
0.67155445	0.27101152	0.04587187	0.01156216
0.01159674	0.24336515	0.01546275	0.72957536
0.03403345	0.29600784	0.64691217	0.02304655
1e-06	0.01923024	1e-06	0.98076776
0.01509912	0.00350472	0.98139516	1e-06
0.97369165	0.00363676	0.0226706	1e-06
0.00379237	0.9693875	1e-06	0.02681913
0.86558659	0.01159811	0.11171842	0.01109688
0.02656452	0.01913262	0.9281502	0.02615266
0.19806194	0.01546095	0.61675578	0.16972132
0.01894994	0.01892653	0.0451991	0.91692442
0.25329044	0.22192161	0.26272302	0.26206493
