#M00804	E2A
#p.cut	M00804	UwDnaseCaco2	0.01	0.05	0.1	0.25	0.5	0.75	0.9	0.95	0.99	
#p.Tcut2	M00804	UwDnaseCaco2	14.71	16.36	17.11	18.21	19.3	20.4	21.5	22.25	23.9	
#p.Tcut2b	M00804	UwDnaseCaco2	12.79	14.45	15.19	16.29	17.39	18.49	19.59	20.33	21.99	
A	C	G	T
0.16051564	0.39543253	0.2593247	0.18472713
0.00699121	0.84383319	0.12804585	0.02112975
0.00361799	0.97156472	1e-06	0.02481629
0.94800192	0.00699585	0.03072969	0.01427254
1e-06	0.99299331	0.00700469	1e-06
0.00361799	0.99284942	1e-06	0.00353159
0.00361799	0.0419379	1e-06	0.9544431
0.00330474	0.01048359	0.98621067	1e-06
0.00361799	0.75307478	0.02839193	0.21491529
0.01057328	0.84739872	0.0107909	0.13123711
0.06369435	0.38661344	0.21334093	0.33635128
0.01078825	0.93305467	0.01033377	0.0458233
0.36463805	0.17674198	0.16904625	0.28957372
0.03111446	0.02106609	0.74277852	0.20504092
0.14479645	0.31434605	0.44933542	0.09152208
0.16051564	0.39543253	0.2593247	0.18472713
