#M00802	Pit-1
#p.cut	M00802	UwDnaseK562Znfe103c6	0.01	0.05	0.1	0.25	0.5	0.75	0.9	0.95	0.99	
#p.Tcut2	M00802	UwDnaseK562Znfe103c6	19.76	21.41	22.16	23.25	24.35	25.45	26.55	27.3	28.95	
#p.Tcut2b	M00802	UwDnaseK562Znfe103c6	10.41	12.06	12.81	13.9	15	16.1	17.2	17.95	19.6	
A	C	G	T
0.33405172	0.18673935	0.1285497	0.35065923
0.50051383	0.13217524	0.02208508	0.34522585
0.66141777	0.23556353	0.02251614	0.08050257
0.00750599	0.00750538	0.00707499	0.97791364
0.0220804	0.02178161	0.04394341	0.91219459
0.00700675	0.97121064	1e-06	0.02178161
0.85386134	0.02235921	0.00748624	0.11629322
0.01482406	0.00750249	0.00731227	0.97036117
0.76541593	0.01501109	0.13176182	0.08781115
0.62541007	0.14584737	0.01443439	0.21430816
0.35941873	1e-06	0.00750604	0.63307423
1e-06	0.02964688	0.05152632	0.91882581
0.90390658	0.02936357	0.0594388	0.00729105
0.14033399	0.02166769	1e-06	0.83799733
0.61164281	0.02928355	0.02244212	0.33663151
0.24372221	0.44596892	0.02148539	0.28882348
0.66152627	0.21453691	0.00750605	0.11643078
0.18604715	0.53472922	0.04385722	0.2353664
0.77114768	0.06602662	0.0287548	0.1340709
0.33405172	0.18673935	0.1285497	0.35065923
