#M00809	FOX factors
#p.cut	M00809	UwDnaseTh1wb54553204	0.01	0.05	0.1	0.25	0.5	0.75	0.9	0.95	0.99	
#p.Tcut2	M00809	UwDnaseTh1wb54553204	20.67	22.32	23.06	24.16	25.26	26.36	27.46	28.21	29.86	
#p.Tcut2b	M00809	UwDnaseTh1wb54553204	11.13	12.78	13.52	14.62	15.72	16.82	17.92	18.67	20.32	
A	C	G	T
0.25283019	0.13361286	0.18162124	0.43193571
0.02590261	0.08144986	0.64383069	0.24881684
0.54380297	0.00379292	0.0261849	0.42621921
0.0732387	0.0257641	0.00379294	0.89720426
1e-06	0.00754062	0.00758439	0.984874
0.13278405	1e-06	0.84482563	0.02238932
0.00379294	0.0037512	0.00379294	0.98866293
0.00352883	1e-06	0.00350653	0.99296364
0.00379294	0.0113244	1e-06	0.98488166
0.56368687	0.00347541	0.41816791	0.01466982
0.0075251	0.0409202	0.00379294	0.94776176
0.00723518	1e-06	1e-06	0.99276282
0.01825161	0.01127334	0.00739039	0.96308465
0.77391684	0.00725552	0.03704944	0.1817782
0.25283019	0.13361286	0.18162124	0.43193571
