#M00808	Pax
#p.cut	M00808	UwDgfHmvech	0.01	0.05	0.1	0.25	0.5	0.75	0.9	0.95	0.99	
#p.Tcut2	M00808	UwDgfHmvech	15.28	16.93	17.68	18.78	19.87	20.97	22.07	22.82	24.47	
#p.Tcut2b	M00808	UwDgfHmvech	14.89	16.54	17.28	18.38	19.48	20.58	21.68	22.43	24.08	
A	C	G	T
0.27414379	0.25215686	0.22386928	0.24983007
0.01179104	0.96275516	0.0080231	0.0174307
0.10459307	0.01463314	0.00527791	0.87549588
0.01587407	1e-06	0.97867348	0.00545145
0.00938272	0.00669804	0.98118268	0.00273657
0.7767103	0.00683497	0.21238116	0.00407357
0.98285039	0.00249358	0.01339431	0.00126171
0.13854271	0.84399769	0.00664878	0.01081082
0.00263049	0.02243301	0.00125431	0.97368219
0.07315599	0.76202406	0.00537138	0.15944857
0.96923246	0.00675359	0.02014124	0.0038727
0.14375431	0.81374002	0.01469828	0.02780739
0.27414379	0.25215686	0.22386928	0.24983007
