#M00807	Egr
#p.cut	M00807	EpiUwRmapDNaseFetal.Kidney.Left.SRX201834	0.01	0.05	0.1	0.25	0.5	0.75	0.9	0.95	0.99	
#p.Tcut2	M00807	EpiUwRmapDNaseFetal.Kidney.Left.SRX201834	14.46	16.11	16.86	17.95	19.05	20.15	21.25	22	23.65	
#p.Tcut2b	M00807	EpiUwRmapDNaseFetal.Kidney.Left.SRX201834	9.08	10.73	11.48	12.58	13.68	14.78	15.88	16.62	18.27	
A	C	G	T
0.14999376	0.23504434	0.46431248	0.15064943
0.01414549	0.01277705	0.95541453	0.01766293
0.01593814	0.057242	0.01901319	0.90780666
0.01426282	0.00485081	0.96655292	0.01433345
0.00323798	0.00161724	0.99352531	0.00161948
0.00795202	0.00323726	0.98880972	1e-06
0.00635881	0.11810403	0.87229917	0.00323799
0.00323799	0.00799566	0.98417032	0.00459602
0.00955478	0.92070045	0.04294863	0.02679614
0.16242926	0.01111523	0.81845404	0.00800147
0.11639399	0.00477635	0.87085446	0.0079752
0.01285324	0.37278944	0.6034828	0.01087453
0.14999376	0.23504434	0.46431248	0.15064943
