#M00810	SRF
#p.cut	M00810	UwDnaseCaco2	0.01	0.05	0.1	0.25	0.5	0.75	0.9	0.95	0.99	
#p.Tcut2	M00810	UwDnaseCaco2	12.06	13.71	14.46	15.56	16.65	17.75	18.85	19.6	21.25	
#p.Tcut2b	M00810	UwDnaseCaco2	12.21	13.86	14.61	15.71	16.81	17.9	19	19.75	21.4	
A	C	G	T
0.27623047	0.24756852	0.26937813	0.20682287
0.20925453	0.19602464	0.20539157	0.38932927
0.18934315	0.19282193	0.36724504	0.25058989
0.06008362	0.45875797	0.3569198	0.12423861
0.02101562	0.96197187	0.00868796	0.00832455
1e-06	0.97862166	0.0083598	0.01301753
0.93981313	0.00434183	0.02978684	0.0260582
0.41588685	0.01643374	0.00434639	0.56333302
0.92819377	1e-06	0.05536849	0.01643674
0.21327856	0.05159833	0.03797914	0.69714396
0.85502495	1e-06	0.08478531	0.06018874
0.68842047	0.00434639	0.02120024	0.2860329
0.00860133	1e-06	0.99139667	1e-06
0.00433181	1e-06	0.99566619	1e-06
0.68725576	0.24384365	0.03433301	0.03456758
0.26538045	0.39297997	0.28572192	0.05591767
0.64487346	0.23062727	0.0898296	0.03466967
0.0941659	0.20529201	0.32511131	0.37543078
0.31177259	0.06432717	0.48390544	0.1399948
0.04660429	0.16258869	0.48750413	0.30330289
0.27623047	0.24756852	0.26937813	0.20682287
