#M00821	Nrf-2
#p.cut	M00821	EpiUwRmapDNaseCD34.Primary.Cells.SRX015228	0.01	0.05	0.1	0.25	0.5	0.75	0.9	0.95	0.99	
#p.Tcut2	M00821	EpiUwRmapDNaseCD34.Primary.Cells.SRX015228	13.13	14.78	15.53	16.63	17.73	18.83	19.93	20.67	22.32	
#p.Tcut2b	M00821	EpiUwRmapDNaseCD34.Primary.Cells.SRX015228	12.82	14.47	15.21	16.31	17.41	18.51	19.61	20.36	22.01	
A	C	G	T
0.23645332	0.23452954	0.24844	0.28057714
0.20742424	0.50075577	0.09066423	0.20115576
0.02111536	0.01945922	0.00520374	0.95422169
0.00120415	0.01682243	0.9807311	0.00124232
0.0608513	0.92629735	0.00370546	0.00914589
0.0337037	0.00529042	0.00132569	0.95968019
0.00518139	0.00521621	0.98199221	0.0076102
0.958615	1e-06	0.00119945	0.04018455
0.00395805	0.00529465	0.96308162	0.02766569
1e-06	0.00132569	1e-06	0.99867231
1e-06	0.99867624	1e-06	0.00132176
0.99746081	0.00123727	0.00130092	1e-06
0.00132488	0.21618513	0.17841663	0.60407337
0.06242189	0.21891334	0.34979752	0.36886725
0.23645332	0.23452954	0.24844	0.28057714
