#M00979	Pax-6
#p.cut	M00979	EpiUwRmapDNaseCD4.Primary.Cells.SRX204404	0.01	0.05	0.1	0.25	0.5	0.75	0.9	0.95	0.99	
#p.Tcut2	M00979	EpiUwRmapDNaseCD4.Primary.Cells.SRX204404	13.24	14.89	15.64	16.74	17.84	18.94	20.03	20.78	22.43	
#p.Tcut2b	M00979	EpiUwRmapDNaseCD4.Primary.Cells.SRX204404	13.9	15.55	16.29	17.39	18.49	19.59	20.69	21.44	23.09	
A	C	G	T
0.20642321	0.29163429	0.27544678	0.22649573
0.07756899	0.84573199	0.05565937	0.02103965
0.07061448	0.02095936	0.04254395	0.86588221
0.02849441	0.01423707	0.92920656	0.02806196
0.62175156	0.0347163	0.09892424	0.2446079
0.02117731	0.76048682	0.2041846	0.01415127
0.01356615	0.95077473	0.02852668	0.00713243
0.00707136	0.02766311	0.00713243	0.9581331
0.01377108	1e-06	0.90859084	0.07763708
0.02852625	1e-06	0.94372221	0.02775054
0.83198175	0.041441	0.10545433	0.02112292
0.85976808	0.02139499	0.11215028	0.00668664
0.02077289	0.78383938	0.14586464	0.04952309
0.03426494	0.08332412	0.06306477	0.81934617
0.17513962	0.51116878	0.11933701	0.19435458
0.20642321	0.29163429	0.27544678	0.22649573
