#M00998	Pbx
#p.cut	M00998	UwDnaseH7esDiffa14d	0.01	0.05	0.1	0.25	0.5	0.75	0.9	0.95	0.99	
#p.Tcut2	M00998	UwDnaseH7esDiffa14d	12.75	14.41	15.15	16.25	17.35	18.45	19.55	20.29	21.94	
#p.Tcut2b	M00998	UwDnaseH7esDiffa14d	11.33	12.98	13.73	14.83	15.93	17.03	18.12	18.87	20.52	
A	C	G	T
0.24529042	0.18469388	0.31130298	0.25871272
0.27688233	0.05290368	0.24956697	0.42064702
0.00825888	1e-06	0.98761349	0.00412663
0.971495	1e-06	0.02025026	0.00825374
1e-06	0.03220142	0.01198543	0.95581215
1e-06	1e-06	0.07677805	0.92321995
0.016206	0.00797049	0.95938046	0.01644306
0.96435777	0.01240233	0.01910513	0.00413477
0.04482921	0.04091576	0.00413473	0.9101203
0.01942676	1e-06	0.7518635	0.22870874
0.0165361	0.00413478	0.92993166	0.04939746
0.09447577	0.30328896	0.20359864	0.39863662
0.36719508	0.07772296	0.06558281	0.48949916
0.04440216	0.2041965	0.6817841	0.06961724
0.24529042	0.18469388	0.31130298	0.25871272
