#M00922	SRF
#p.cut	M00922	EpiUwRmapDNaseiPS.DF.1911.Cell.Line.SRX040377	0.01	0.05	0.1	0.25	0.5	0.75	0.9	0.95	0.99	
#p.Tcut2	M00922	EpiUwRmapDNaseiPS.DF.1911.Cell.Line.SRX040377	13.17	14.82	15.57	16.67	17.77	18.87	19.97	20.71	22.36	
#p.Tcut2b	M00922	EpiUwRmapDNaseiPS.DF.1911.Cell.Line.SRX040377	11.99	13.65	14.39	15.49	16.59	17.69	18.79	19.53	21.18	
A	C	G	T
0.29288877	0.23302943	0.24100026	0.23308153
0.22663417	0.22905745	0.14554775	0.39876063
0.17136986	0.25180573	0.22988354	0.34694087
0.25474467	0.22118856	0.23515279	0.28891397
0.02006233	0.96031409	0.00535324	0.01427034
0.0057502	0.98849437	1e-06	0.00575442
0.87897047	0.00581054	0.02033914	0.09487986
0.49218512	0.01158064	0.00850798	0.48772626
0.95697351	1e-06	0.04302449	1e-06
0.14743918	0.01741131	0.03164814	0.80350138
0.97977442	1e-06	0.00291547	0.01730911
0.67597736	0.00582995	0.05778774	0.26040496
0.00554742	1e-06	0.99445058	1e-06
0.00873389	0.00273443	0.98853068	1e-06
0.62285274	0.30615803	0.03978403	0.0312052
0.33271861	0.23464804	0.37025092	0.06238243
0.59529623	0.26279577	0.08953123	0.05237677
0.08626538	0.17727255	0.17289215	0.56356991
0.18651293	0.05743472	0.59870022	0.15735213
0.29288877	0.23302943	0.24100026	0.23308153
