#M00940	E2F-1
#p.cut	M00940	EpiUwRmapDNaseFetal.Kidney.Right.SRX201824	0.01	0.05	0.1	0.25	0.5	0.75	0.9	0.95	0.99	
#p.Tcut2	M00940	EpiUwRmapDNaseFetal.Kidney.Right.SRX201824	8.31	9.96	10.71	11.8	12.9	14	15.1	15.85	17.5	
#p.Tcut2b	M00940	EpiUwRmapDNaseFetal.Kidney.Right.SRX201824	8.02	9.67	10.42	11.51	12.61	13.71	14.81	15.56	17.21	
A	C	G	T
0.15594306	0.33302491	0.28021352	0.23081851
0.15068298	0.01607531	0.47470469	0.35853702
1e-06	0.03217718	0.01771125	0.95011058
0.00540221	0.01419375	0.00710848	0.97329556
0.00358322	0.06968493	0.00890376	0.91782809
0.00711437	0.74168236	0.23685776	0.01434551
1e-06	0.53995627	0.45468378	0.00535894
0.00708168	0.95726875	0.00175765	0.03389193
0.03192887	0.0088464	0.94856637	0.01065837
0.00351123	0.74623776	0.24685976	0.00339125
0.00721923	0.73513275	0.20642263	0.05122538
0.15594306	0.33302491	0.28021352	0.23081851
