#M00984	PEBP
#p.cut	M00984	UwDgfNha	0.01	0.05	0.1	0.25	0.5	0.75	0.9	0.95	0.99	
#p.Tcut2	M00984	UwDgfNha	14.85	16.5	17.25	18.34	19.44	20.54	21.64	22.39	24.04	
#p.Tcut2b	M00984	UwDgfNha	13.54	15.19	15.94	17.04	18.13	19.23	20.33	21.08	22.73	
A	C	G	T
0.31445604	0.24200554	0.20796253	0.2355759
0.31690077	0.10998117	0.2144469	0.35867116
0.13752388	0.06211984	0.79798692	0.00236936
0.05715471	0.48043615	0.22571652	0.23669261
0.22045559	0.00807183	1e-06	0.77147158
0.52236369	0.06675383	0.40259368	0.0082888
0.98593658	0.00355572	0.00932247	0.00118523
1e-06	0.99426063	0.00114649	0.00459188
1e-06	0.99781089	0.00109079	0.00109732
0.98363421	0.00456621	0.01061472	0.00118486
0.00110271	0.98835406	0.00118591	0.00935732
0.98607653	1e-06	0.01155165	0.00237081
0.53540333	0.00352012	0.45635561	0.00472094
0.83809683	0.03173854	0.12192989	0.00823474
0.21673537	0.32961437	0.28053773	0.17311254
0.27571754	0.2750894	0.26656265	0.18263041
0.08214659	0.01292829	0.161605	0.74332013
0.31445604	0.24200554	0.20796253	0.2355759
