#M00975	RFX
#p.cut	M00975	EpiUwRmapDNaseH1.Derived.Neuronal.Progenitor.Cultured.Cells.SRX121241	0.01	0.05	0.1	0.25	0.5	0.75	0.9	0.95	0.99	
#p.Tcut2	M00975	EpiUwRmapDNaseH1.Derived.Neuronal.Progenitor.Cultured.Cells.SRX121241	12.42	14.07	14.82	15.92	17.01	18.11	19.21	19.96	21.61	
#p.Tcut2b	M00975	EpiUwRmapDNaseH1.Derived.Neuronal.Progenitor.Cultured.Cells.SRX121241	12.84	14.49	15.24	16.34	17.44	18.53	19.63	20.38	22.03	
A	C	G	T
0.20722519	0.27837932	0.2636595	0.25073599
0.00477928	0.98298218	0.00495237	0.00728617
0.00737108	0.01974834	0.00247742	0.97040317
0.00975362	0.00228237	0.98054527	0.00741874
0.00247741	0.01485485	0.00226439	0.98040335
0.00247742	0.00735344	0.00495368	0.98521546
1e-06	0.00241779	0.99531682	0.00226439
1e-06	0.98538846	1e-06	0.01460954
0.00247571	0.98786893	1e-06	0.00965436
0.98531487	1e-06	0.00731056	0.00737357
0.16873043	0.17087243	0.28289827	0.37749887
0.23712454	0.17321257	0.44114358	0.14851931
0.18249099	0.17586157	0.48032815	0.16131929
0.2371947	0.29621273	0.22544365	0.24114891
0.35829313	0.21202893	0.26806783	0.1616101
0.42344652	0.23302383	0.19818309	0.14534656
0.20722519	0.27837932	0.2636595	0.25073599
