#M00991	Cdx
#p.cut	M00991	UwDgfSknshra	0.01	0.05	0.1	0.25	0.5	0.75	0.9	0.95	0.99	
#p.Tcut2	M00991	UwDgfSknshra	21.89	23.54	24.29	25.39	26.48	27.58	28.68	29.43	31.08	
#p.Tcut2b	M00991	UwDgfSknshra	10.7	12.35	13.1	14.2	15.3	16.39	17.49	18.24	19.89	
A	C	G	T
0.44557673	0.14768095	0.1426132	0.26412912
0.34890886	0.0801626	0.05162374	0.5193048
0.97810684	0.00927273	0.00935131	0.00326912
0.05745589	0.58052455	0.00982079	0.35219877
0.6691964	0.03827341	0.01632132	0.27620887
0.71562196	0.03799313	0.23367922	0.01270569
0.67051032	0.13131424	0.00300047	0.19517496
0.29147872	0.45047046	0.04139564	0.21665518
0.97176882	0.00324995	0.01553574	0.00944549
0.67500445	0.00640153	0.30881146	0.00978255
0.96480854	0.0065023	0.02868816	1e-06
0.07279719	0.08618311	0.40435127	0.43666843
0.37403251	0.10218249	0.00961137	0.51417364
0.66546669	0.13453446	0.00902355	0.1909753
0.90407702	1e-06	0.06051755	0.03540443
0.01608585	0.01624293	0.00653908	0.96113214
0.92010121	0.00970261	0.05410124	0.01609494
0.90734233	0.03238035	1e-06	0.06027632
0.9553282	0.00946547	0.03196348	0.00324284
0.44557673	0.14768095	0.1426132	0.26412912
