#M00965	LXR, PXR, CAR, COUP, RAR
#p.cut	M00965	EpiUwRmapDNaseFetal.Intestine.Large.SRX055178	0.01	0.05	0.1	0.25	0.5	0.75	0.9	0.95	0.99	
#p.Tcut2	M00965	EpiUwRmapDNaseFetal.Intestine.Large.SRX055178	12.64	14.29	15.04	16.14	17.24	18.34	19.44	20.18	21.83	
#p.Tcut2b	M00965	EpiUwRmapDNaseFetal.Intestine.Large.SRX055178	12.34	13.99	14.74	15.84	16.94	18.03	19.13	19.88	21.53	
A	C	G	T
0.20422052	0.33570581	0.23231566	0.22775801
0.00340579	0.11418492	0.06739793	0.81501136
0.05280593	0.0035995	0.93643801	0.00715656
0.57628566	0.21366045	0.08203653	0.12801736
0.19243554	0.78237298	0.007198	0.01799349
0.01410108	0.96824304	1e-06	0.01765488
0.00713693	0.04261914	0.11414053	0.8361034
0.03570356	0.45915769	0.26027448	0.24486427
0.0993675	0.45664424	0.12458441	0.31940386
0.61935473	0.1856794	0.04639481	0.14857106
0.02463673	0.48442407	0.4488746	0.04206461
0.00719011	0.04622797	0.01057651	0.9360054
0.25535488	0.0035995	0.73384762	0.007198
0.81447854	0.10694224	0.06418942	0.0143898
0.0467374	0.89964221	0.04660186	0.00701853
0.01434529	0.9222944	0.01433361	0.0490267
0.03567511	0.65177061	0.02111704	0.29143725
0.11075324	0.6323511	0.05726491	0.19963074
0.20422052	0.33570581	0.23231566	0.22775801
