#M00974	SMAD
#p.cut	M00974	UwDnaseCaco2	0.01	0.05	0.1	0.25	0.5	0.75	0.9	0.95	0.99	
#p.Tcut2	M00974	UwDnaseCaco2	12.93	14.58	15.33	16.43	17.53	18.63	19.73	20.47	22.12	
#p.Tcut2b	M00974	UwDnaseCaco2	13.1	14.75	15.49	16.59	17.69	18.79	19.89	20.64	22.29	
A	C	G	T
0.25345365	0.26069519	0.30971479	0.17613636
0.01143573	0.05694419	0.01160921	0.92001087
0.37763565	0.01144286	0.61092049	1e-06
0.02896112	0.00582052	0.93673863	0.02847973
0.01145778	0.36533994	0.60604441	0.01715788
1e-06	0.95517198	0.01158087	0.03324616
0.98305804	1e-06	0.01112045	0.00582052
0.01717114	0.00552309	0.97730477	1e-06
0.92629695	0.01712717	0.05657488	1e-06
0.00528346	0.94417491	0.01714871	0.03339292
0.90426655	0.01737912	0.04999582	0.02835851
0.01648713	0.16048645	0.81138639	0.01164003
0.25345365	0.26069519	0.30971479	0.17613636
