#M00920	E2F
#p.cut	M00920	EpiUwRmapDNaseFetal.Kidney.Right.SRX201827	0.01	0.05	0.1	0.25	0.5	0.75	0.9	0.95	0.99	
#p.Tcut2	M00920	EpiUwRmapDNaseFetal.Kidney.Right.SRX201827	7.66	9.31	10.06	11.16	12.26	13.36	14.45	15.2	16.85	
#p.Tcut2b	M00920	EpiUwRmapDNaseFetal.Kidney.Right.SRX201827	7.63	9.28	10.03	11.13	12.23	13.32	14.42	15.17	16.82	
A	C	G	T
0.22169231	0.34253846	0.27930769	0.15646154
0.25802236	0.3576529	0.08981141	0.29451332
0.0177972	0.20260048	0.42071722	0.3588851
0.10116942	0.68556725	0.19115854	0.0221048
0.00992672	0.36137562	0.62067896	0.00801869
0.01610372	0.95217929	0.01201447	0.01970251
0.01981141	0.00988656	0.96420199	0.00610005
0.0040392	0.974112	0.01600733	0.00584147
0.00591723	0.68354814	0.2843454	0.02618924
0.87774069	0.01003646	0.10424098	0.00798187
0.95007764	0.02186112	0.02806024	1e-06
0.65810096	0.02019125	0.31365562	0.00805216
0.22169231	0.34253846	0.27930769	0.15646154
