#M00933	Sp1
#p.cut	M00933	EpiUwRmapDNaseFetal.Muscle.Arm.SRX121244	0.01	0.05	0.1	0.25	0.5	0.75	0.9	0.95	0.99	
#p.Tcut2	M00933	EpiUwRmapDNaseFetal.Muscle.Arm.SRX121244	19.48	21.13	21.88	22.98	24.07	25.17	26.27	27.02	28.67	
#p.Tcut2b	M00933	EpiUwRmapDNaseFetal.Muscle.Arm.SRX121244	8.7	10.35	11.09	12.19	13.29	14.39	15.49	16.24	17.89	
A	C	G	T
0.11334276	0.49738516	0.25638163	0.13289046
0.25055232	0.37045893	0.17839021	0.20059853
0.17130687	0.29105979	0.42218067	0.11545267
0.08971095	0.13621519	0.61864045	0.1554334
0.00207732	0.98166495	0.00490283	0.01135491
0.00276571	0.98457867	0.00425847	0.00839714
0.00141674	0.9964546	0.0014324	0.00069626
0.00071751	0.99655193	0.00205556	0.000675
0.01393656	0.00281518	0.97431677	0.00893149
0.00140303	0.99789521	0.00070076	1e-06
1e-06	0.999997	1e-06	1e-06
1e-06	0.990866	1e-06	0.009132
0.00421531	0.97945247	0.00492436	0.01140787
0.00778241	0.95615857	0.02042392	0.01563509
0.22001724	0.1777191	0.3168975	0.28536615
0.11334276	0.49738516	0.25638163	0.13289046
