#M00950	AG
#p.cut	M00950	UwDnaseH1hesc	0.01	0.05	0.1	0.25	0.5	0.75	0.9	0.95	0.99	
#p.Tcut2	M00950	UwDnaseH1hesc	16.56	18.21	18.96	20.06	21.16	22.25	23.35	24.1	25.75	
#p.Tcut2b	M00950	UwDnaseH1hesc	12.97	14.62	15.37	16.46	17.56	18.66	19.76	20.51	22.16	
A	C	G	T
0.30165131	0.20698925	0.20295699	0.28840246
0.11947399	0.35610764	0.20396885	0.32044951
0.30040894	0.19539514	0.1830579	0.32113801
0.25816514	0.27979636	0.18413283	0.27790567
0.24877381	0.24930228	0.21259817	0.28932574
0.20456111	0.22490927	0.18118794	0.38934168
1e-06	0.06527539	1e-06	0.93472261
1e-06	1e-06	1e-06	0.999997
0.2380498	1e-06	0.23540586	0.52654334
1e-06	0.97824068	0.01079161	0.01096671
1e-06	0.93665475	1e-06	0.06334325
0.64391903	0.07606021	0.01096662	0.26905414
0.39899148	0.0219322	0.0850611	0.49401521
0.80625703	1e-06	0.01096672	0.18277526
0.20446671	1e-06	1e-06	0.79553129
0.51787447	0.07453811	0.01094235	0.39664507
0.80866268	1e-06	0.04315085	0.14818548
0.08590504	1e-06	0.91409296	1e-06
0.01096672	1e-06	0.98903128	1e-06
0.47124721	0.28190404	0.01017986	0.23666889
0.98903488	1e-06	0.01096312	1e-06
0.90272367	1e-06	0.09727433	1e-06
0.32068712	0.21537211	0.23675197	0.22718881
0.35514068	0.19453306	0.21292647	0.23739978
0.33705835	0.19260885	0.17243206	0.29790074
0.36380047	0.15201068	0.19443656	0.28975229
0.33492013	0.11783306	0.194733	0.3525138
0.22587676	0.21674816	0.26867477	0.28870031
0.24961842	0.27840574	0.21447792	0.25749791
0.25925418	0.19358256	0.20508654	0.34207672
0.23635777	0.28859569	0.20535968	0.26968686
0.2764563	0.21714507	0.23745101	0.26894762
0.21494253	0.22616515	0.27863719	0.28025512
0.25894867	0.214403	0.26104526	0.26560307
0.26833704	0.27938391	0.23666137	0.21561768
0.23454284	0.2482813	0.23765931	0.27951654
0.21669631	0.22561416	0.23487307	0.32281645
0.10499467	0.24843709	0.33466075	0.31190748
0.30165131	0.20698925	0.20295699	0.28840246
