#M00964	PXR, CAR, LXR, FXR
#p.cut	M00964	UwDnaseHmvecdad	0.01	0.05	0.1	0.25	0.5	0.75	0.9	0.95	0.99	
#p.Tcut2	M00964	UwDnaseHmvecdad	13.88	15.53	16.28	17.37	18.47	19.57	20.67	21.42	23.07	
#p.Tcut2b	M00964	UwDnaseHmvecdad	12.26	13.91	14.66	15.76	16.86	17.95	19.05	19.8	21.45	
A	C	G	T
0.29761415	0.1904566	0.27982312	0.23210613
0.60489881	0.01034101	0.32644714	0.05831304
0.08592438	1e-06	0.908667	0.00540763
0.03196286	1e-06	0.95717489	0.01086125
0.03789663	1e-06	0.96210137	1e-06
0.00518279	0.02671797	0.00543785	0.96266139
1e-06	0.49844135	0.00542878	0.49612886
0.98934717	1e-06	0.00531321	0.00533862
0.57355423	0.01084375	0.41560103	1e-06
0.01086641	0.03207335	0.02144226	0.93561797
0.56702905	0.00540763	0.42756233	1e-06
0.97828709	0.00543786	0.01627405	1e-06
0.53976944	0.43371494	0.0156524	0.01086322
0.29761415	0.1904566	0.27982312	0.23210613
