#M00934	Zeste
#p.cut	M00934	EpiUwRmapDNaseMobilized.CD3.Primary.Cells.SRX089240	0.01	0.05	0.1	0.25	0.5	0.75	0.9	0.95	0.99	
#p.Tcut2	M00934	EpiUwRmapDNaseMobilized.CD3.Primary.Cells.SRX089240	16.15	17.8	18.55	19.65	20.75	21.85	22.95	23.69	25.34	
#p.Tcut2b	M00934	EpiUwRmapDNaseMobilized.CD3.Primary.Cells.SRX089240	12.32	13.97	14.71	15.81	16.91	18.01	19.11	19.86	21.51	
A	C	G	T
0.29531813	0.15626251	0.24389756	0.30452181
0.76484964	0.02977806	0.01015325	0.19521906
0.72427737	0.01025645	0.01996603	0.24550015
0.03098565	0.0411608	0.25707109	0.67078246
1e-06	0.02073378	1e-06	0.97926422
1e-06	0.01036665	1e-06	0.98963135
0.02073378	1e-06	0.97926422	1e-06
0.91788755	0.02073378	0.05124436	0.0101343
0.02073196	0.0205904	0.95867664	1e-06
0.01993117	1e-06	1e-06	0.98006683
0.01970984	1e-06	0.95956454	0.02072462
0.82785811	1e-06	0.17213989	1e-06
0.35675643	0.23555236	0.19460858	0.21308264
0.2733918	0.12275163	0.25544796	0.3484086
0.29405916	0.12223546	0.26517589	0.31852949
0.32648698	0.19472401	0.25575301	0.223036
0.30499576	0.20389943	0.20413429	0.28697053
0.24108332	0.20450323	0.1944961	0.35991736
0.25519136	0.25483919	0.19387092	0.29609853
0.36650095	0.17424863	0.20406919	0.25518123
0.26651253	0.20376283	0.22424942	0.30547523
0.30404054	0.17426563	0.27691761	0.24477621
0.33777826	0.22325261	0.20183925	0.23712987
0.31631672	0.21355883	0.15278789	0.31733655
0.25315967	0.27594387	0.1847484	0.28614806
0.25559671	0.2046617	0.20372866	0.33601293
0.28359883	0.30833294	0.20471656	0.20335167
0.29531813	0.15626251	0.24389756	0.30452181
