#M00919	E2F
#p.cut	M00919	OpenChromDnaseHsmmemb	0.01	0.05	0.1	0.25	0.5	0.75	0.9	0.95	0.99	
#p.Tcut2	M00919	OpenChromDnaseHsmmemb	9.96	11.61	12.36	13.46	14.55	15.65	16.75	17.5	19.15	
#p.Tcut2b	M00919	OpenChromDnaseHsmmemb	9.06	10.71	11.46	12.56	13.66	14.75	15.85	16.6	18.25	
A	C	G	T
0.22896457	0.33013416	0.28018576	0.16071551
0.01423661	0.24881749	0.39674972	0.34019619
0.11161265	0.6840759	0.18704351	0.01726794
0.01385564	0.42563671	0.55187859	0.00862906
0.01570823	0.93426534	0.00531746	0.04470897
0.04669775	0.0190475	0.91334849	0.02090626
0.00517733	0.94543947	0.03894662	0.01043658
0.01046107	0.77020478	0.20541627	0.01391788
0.926032	0.01753608	0.04604446	0.01038747
0.97877081	0.00889428	0.00877499	0.00355992
0.68796609	0.01057204	0.29253548	0.00892639
0.22896457	0.33013416	0.28018576	0.16071551
