#M00978	LEF1, TCF1
#p.cut	M00978	UwDnaseJurkat	0.01	0.05	0.1	0.25	0.5	0.75	0.9	0.95	0.99	
#p.Tcut2	M00978	UwDnaseJurkat	16.43	18.08	18.83	19.93	21.03	22.12	23.22	23.97	25.62	
#p.Tcut2b	M00978	UwDnaseJurkat	13.44	15.09	15.84	16.94	18.04	19.13	20.23	20.98	22.63	
A	C	G	T
0.21355184	0.23069966	0.20150496	0.35424354
0.01286862	0.94821166	0.011104	0.02781571
0.00370748	0.97221866	0.00744195	0.0166319
0.00185359	0.00931458	0.00169834	0.98713349
1e-06	0.02038888	0.005584	0.97402612
1e-06	0.00373407	0.00372874	0.99253618
0.00553269	0.00543242	0.98531099	0.0037239
0.79001785	0.00559218	0.00927562	0.19511435
0.01093937	0.00721281	0.00373517	0.97811266
0.01853156	0.29917563	0.67483818	0.00745463
1e-06	0.02034906	0.00540587	0.97424407
1e-06	0.22497165	0.01111014	0.7639172
0.21355184	0.23069966	0.20150496	0.35424354
