#M00958	ABI4
#p.cut	M00958	EpiUwRmapDNaseFetal.Stomach.SRX055162	0.01	0.05	0.1	0.25	0.5	0.75	0.9	0.95	0.99	
#p.Tcut2	M00958	EpiUwRmapDNaseFetal.Stomach.SRX055162	16.08	17.74	18.48	19.58	20.68	21.78	22.88	23.62	25.27	
#p.Tcut2b	M00958	EpiUwRmapDNaseFetal.Stomach.SRX055162	8.74	10.39	11.14	12.24	13.33	14.43	15.53	16.28	17.93	
A	C	G	T
0.145576	0.43289856	0.30197806	0.11954738
0.32551446	0.16787094	0.43728555	0.06932905
0.0277316	0.05872611	0.90622384	0.00731845
0.01028986	0.97195029	0.0043491	0.01341076
0.64526056	0.0324441	0.31933087	0.00296447
0.00148841	0.98069049	0.01483937	0.00298174
0.00893952	0.96071896	0.01001486	0.02032666
0.02192245	0.00880763	0.960554	0.00871593
0.00298536	0.98397138	0.00446766	0.00857559
0.01191903	0.95426571	0.01623112	0.01758413
0.00745983	0.82845455	0.13744746	0.02663816
0.145576	0.43289856	0.30197806	0.11954738
