#M00916	CREB
#p.cut	M00916	UwDnaseCd34mobilized	0.01	0.05	0.1	0.25	0.5	0.75	0.9	0.95	0.99	
#p.Tcut2	M00916	UwDnaseCd34mobilized	5.95	7.6	8.35	9.44	10.54	11.64	12.74	13.49	15.14	
#p.Tcut2b	M00916	UwDnaseCd34mobilized	8.8	10.45	11.2	12.3	13.4	14.5	15.59	16.34	17.99	
A	C	G	T
0.18014433	0.3061127	0.32086384	0.19287913
0.13046182	0.30293474	0.50487035	0.06173309
0.16855423	0.18443426	0.54958822	0.09742328
0.02718189	0.04449287	0.01436475	0.91396049
0.00985963	0.01864378	0.77952685	0.19196974
0.90406973	0.0014414	0.09029574	0.00419313
0.00277183	0.99004937	1e-06	0.00717779
0.03988145	1e-06	0.95875992	0.00135763
0.00288146	0.0028818	1e-06	0.99423574
1e-06	0.99574839	0.0028818	0.00136881
0.99430475	0.00281245	0.0028818	1e-06
0.00700994	0.36569826	0.33364971	0.29364209
0.09893082	0.5474488	0.17326471	0.18035568
0.19927056	0.02015963	0.59163889	0.18893091
0.02578122	0.50186381	0.41382724	0.05852773
0.18014433	0.3061127	0.32086384	0.19287913
