#M00943	TAF-1
#p.cut	M00943	EpiUwRmapDNaseFetal.Muscle.Leg.SRX214044	0.01	0.05	0.1	0.25	0.5	0.75	0.9	0.95	0.99	
#p.Tcut2	M00943	EpiUwRmapDNaseFetal.Muscle.Leg.SRX214044	12.61	14.26	15.01	16.11	17.21	18.3	19.4	20.15	21.8	
#p.Tcut2b	M00943	EpiUwRmapDNaseFetal.Muscle.Leg.SRX214044	12.05	13.7	14.44	15.54	16.64	17.74	18.84	19.59	21.24	
A	C	G	T
0.18327553	0.28947977	0.3334104	0.1938343
0.30964496	0.13006005	0.37058482	0.18971016
0.01170985	0.00770767	0.98058147	1e-06
0.00389182	0.52097599	0.00390395	0.47122824
0.00390393	0.98077941	0.00388959	0.01142707
0.98456029	0.00585543	0.0076318	0.00195248
1e-06	0.9694101	0.00188539	0.0287035
0.03237208	1e-06	0.95601629	0.01161062
0.00195247	0.00769256	0.00194048	0.98841448
0.00195248	1e-06	0.99804552	1e-06
0.01903888	0.0057723	0.97323634	0.00195248
0.01364738	0.63856771	0.32285922	0.0249257
0.18327553	0.28947977	0.3334104	0.1938343
