#M00967	HNF4, COUP
#p.cut	M00967	EpiUwRmapDNaseFetal.Intestine.Large.SRX089267	0.01	0.05	0.1	0.25	0.5	0.75	0.9	0.95	0.99	
#p.Tcut2	M00967	EpiUwRmapDNaseFetal.Intestine.Large.SRX089267	14.66	16.31	17.06	18.16	19.26	20.35	21.45	22.2	23.85	
#p.Tcut2b	M00967	EpiUwRmapDNaseFetal.Intestine.Large.SRX089267	12.42	14.07	14.82	15.91	17.01	18.11	19.21	19.96	21.61	
A	C	G	T
0.32644824	0.22941164	0.20931238	0.23482774
0.24920945	0.14048923	0.37643157	0.23386975
0.25232887	0.17765136	0.30743749	0.26258228
0.2859596	0.25517853	0.20998516	0.2488767
0.1535139	0.49734181	0.1474297	0.20171459
0.97579759	0.00407854	0.01404061	0.00608326
0.98699296	0.00299753	0.00796892	0.0020406
0.98991615	1e-06	0.00914583	0.00093702
0.00493474	0.0019985	0.99103736	0.00202939
0.00301807	0.00594332	0.00305594	0.98798267
0.00201875	0.98992685	0.00196515	0.00608925
0.00301212	0.9939265	0.00102077	0.00204061
0.99389919	0.0010208	0.00203165	0.00304836
0.97374469	0.0040455	0.01915347	0.00305633
0.3733623	0.14928352	0.35530599	0.1220482
0.32644824	0.22941164	0.20931238	0.23482774
