#M00985	Stra13
#p.cut	M00985	OpenChromDnaseHsmmfshd	0.01	0.05	0.1	0.25	0.5	0.75	0.9	0.95	0.99	
#p.Tcut2	M00985	OpenChromDnaseHsmmfshd	10.17	11.82	12.57	13.67	14.77	15.87	16.96	17.71	19.36	
#p.Tcut2b	M00985	OpenChromDnaseHsmmfshd	11.66	13.31	14.06	15.16	16.25	17.35	18.45	19.2	20.85	
A	C	G	T
0.18046413	0.32714941	0.30504023	0.18734623
0.06095258	0.40204126	0.41167031	0.12533585
0.10813692	0.45341121	0.14579418	0.2926577
0.09640701	0.25075239	0.61025155	0.04258906
0.00338077	0.03423438	0.12896755	0.8334173
1e-06	0.99468623	0.00178107	0.00353171
0.99121331	1e-06	0.00701716	0.00176853
0.00172754	0.94860756	0.00525718	0.04440772
0.01438146	0.0018147	0.98017857	0.00362527
0.00172877	0.00175747	0.00181554	0.99469821
0.00181073	0.00181554	0.99637273	1e-06
0.94505462	0.04604124	0.00350653	0.00539762
1e-06	0.62979169	0.16777381	0.2024335
0.05354695	0.60461849	0.16658789	0.17524667
0.18046413	0.32714941	0.30504023	0.18734623
