#M00949	AGL15
#p.cut	M00949	UwDnaseWerirb1	0.01	0.05	0.1	0.25	0.5	0.75	0.9	0.95	0.99	
#p.Tcut2	M00949	UwDnaseWerirb1	19.86	21.51	22.26	23.35	24.45	25.55	26.65	27.4	29.05	
#p.Tcut2b	M00949	UwDnaseWerirb1	12.16	13.81	14.56	15.66	16.75	17.85	18.95	19.7	21.35	
A	C	G	T
0.33336237	0.1695122	0.16167247	0.33545296
0.25448479	0.21859086	0.28806148	0.23886287
0.3028561	0.19484395	0.24457306	0.25772688
0.3760267	0.2231696	0.12261752	0.27818618
0.27429439	0.17981511	0.16559859	0.38029192
0.25941453	0.26339659	0.16988974	0.30729914
0.29146576	0.21485728	0.19134726	0.3023297
0.26437208	0.19450037	0.15583209	0.38529546
0.37183281	0.13249334	0.22026742	0.27540643
0.36080037	0.20510245	0.15061612	0.28348107
0.27826496	0.16610581	0.23437106	0.32125816
0.25829832	0.19084956	0.19009838	0.36075374
0.39927802	0.2104525	0.15117597	0.23909352
0.29146105	0.13166738	0.11772764	0.45914392
0.25891054	0.17516066	0.28335812	0.28257068
0.03899943	0.0392521	0.00445358	0.91729488
1e-06	0.0098158	0.00492743	0.98525577
0.63860737	1e-06	0.0045285	0.35686312
1e-06	0.98120349	0.00446687	0.01432864
1e-06	0.57061346	1e-06	0.42938454
0.4681247	0.01971893	1e-06	0.51215537
0.24358145	0.01482965	0.0246767	0.7169122
0.53704879	1e-06	0.01458178	0.44836843
0.29167561	1e-06	1e-06	0.70832239
0.80135022	1e-06	0.00988678	0.188762
0.15596619	0.01930196	0.02916812	0.79556373
0.71720009	1e-06	0.28279791	1e-06
0.03417229	1e-06	0.94646951	0.01935719
0.37027542	0.20573158	0.0487799	0.3752131
0.98030812	1e-06	0.00494388	0.014747
0.92648929	0.0049439	0.00974303	0.05882378
0.33336237	0.1695122	0.16167247	0.33545296
