#M00960	PR, GR
#p.cut	M00960	UwDnaseHre	0.01	0.05	0.1	0.25	0.5	0.75	0.9	0.95	0.99	
#p.Tcut2	M00960	UwDnaseHre	16.06	17.71	18.45	19.55	20.65	21.75	22.85	23.6	25.25	
#p.Tcut2b	M00960	UwDnaseHre	12.65	14.3	15.05	16.15	17.24	18.34	19.44	20.19	21.84	
A	C	G	T
0.35595611	0.18206897	0.24956113	0.21241379
0.39985086	0.02980773	0.31032947	0.26001194
0.01888684	0.00316629	0.97017107	0.00777579
0.97956825	0.00158366	0.01409913	0.00474897
0.98283729	0.00145087	0.01412818	0.00158366
0.97942273	0.00158347	0.01582749	0.00316631
0.00474897	0.00158366	0.98893115	0.00473623
0.98419712	0.00316631	0.01263557	1e-06
0.98274756	1e-06	0.0156782	0.00157323
0.00308234	0.98426162	0.00316631	0.00948973
0.99056862	1e-06	0.00633161	0.00309877
0.00935931	0.02203903	0.56274001	0.40586165
0.35595611	0.18206897	0.24956113	0.21241379
