#M00948	PCF2
#p.cut	M00948	OpenChromDnaseFibroblgm03348	0.01	0.05	0.1	0.25	0.5	0.75	0.9	0.95	0.99	
#p.Tcut2	M00948	OpenChromDnaseFibroblgm03348	16.41	18.06	18.81	19.91	21.01	22.11	23.2	23.95	25.6	
#p.Tcut2b	M00948	OpenChromDnaseFibroblgm03348	15.71	17.36	18.11	19.2	20.3	21.4	22.5	23.25	24.9	
A	C	G	T
0.2038843	0.31595041	0.26209366	0.21807163
0.14677691	0.52146144	0.12986165	0.2019
0.00394239	0.04837164	0.01517147	0.9325145
0.04559767	0.01263234	0.92525621	0.01651378
0.02210694	0.00275875	0.9613623	0.01377201
0.0041014	0.01102813	0.98075007	0.0041204
0.01791664	0.49048964	0.47806451	0.0135292
0.00414209	0.98045864	0.00281143	0.01258785
1e-06	0.98356731	0.00270805	0.01372364
1e-06	0.99592593	1e-06	0.00407207
0.96684997	0.00275902	0.02622991	0.0041611
0.00281131	0.93165577	0.02577559	0.03975732
0.28644091	0.31836911	0.11839211	0.27679787
0.2038843	0.31595041	0.26209366	0.21807163
