#M00929	MyoD
#p.cut	M00929	EpiUwRmapDNaseMobilized.CD3.Primary.Cells.SRX089240	0.01	0.05	0.1	0.25	0.5	0.75	0.9	0.95	0.99	
#p.Tcut2	M00929	EpiUwRmapDNaseMobilized.CD3.Primary.Cells.SRX089240	14.98	16.63	17.38	18.48	19.58	20.67	21.77	22.52	24.17	
#p.Tcut2b	M00929	EpiUwRmapDNaseMobilized.CD3.Primary.Cells.SRX089240	12.34	13.99	14.74	15.84	16.94	18.04	19.13	19.88	21.53	
A	C	G	T
0.20382309	0.26334333	0.36911544	0.16371814
0.10048901	0.704515	0.14759045	0.04740555
0.19996363	0.32646772	0.24852194	0.2250467
0.03863973	0.18351472	0.76937764	0.00846791
0.29537391	0.41726276	0.26988548	0.01747785
0.42948143	0.0742346	0.48312	0.01316398
0.17760444	0.16165284	0.65194973	0.00879299
0.00439969	0.98691764	1e-06	0.00868167
0.98284376	1e-06	0.00399597	0.01315927
0.00836955	1e-06	0.98722986	0.00439959
0.01245949	0.11827517	0.86486612	0.00439922
0.00859718	0.04311294	0.01749697	0.93079292
0.00836955	0.01307918	0.96998159	0.00856968
0.08239701	0.26880716	0.60528154	0.0435143
0.23849675	0.44506855	0.11306259	0.2033721
0.09117466	0.05675584	0.81261379	0.03945571
0.38690704	0.121408	0.42230353	0.06938143
0.61229311	0.08353809	0.23447985	0.06968896
0.08708771	0.10435981	0.75621014	0.05234235
0.20382309	0.26334333	0.36911544	0.16371814
