#M00932	Sp1
#p.cut	M00932	EpiUwRmapDNaseH9.Cell.Line.SRX121238	0.01	0.05	0.1	0.25	0.5	0.75	0.9	0.95	0.99	
#p.Tcut2	M00932	EpiUwRmapDNaseH9.Cell.Line.SRX121238	17.41	19.06	19.81	20.91	22	23.1	24.2	24.95	26.6	
#p.Tcut2b	M00932	EpiUwRmapDNaseH9.Cell.Line.SRX121238	6.46	8.11	8.86	9.96	11.06	12.15	13.25	14	15.65	
A	C	G	T
0.13523825	0.26118897	0.49187131	0.11170146
0.3936457	0.20514015	0.30185299	0.09936116
0.22130833	0.0831701	0.68399211	0.01152946
0.02436734	0.0044385	0.88845923	0.08273493
0.01239573	0.00088784	0.98629936	0.00041707
0.0017539	1e-06	0.9982441	1e-06
1e-06	1e-06	0.999997	1e-06
0.01101532	0.97713691	1e-06	0.01184678
0.00221285	0.0035309	0.99335627	0.00089998
0.00086136	0.00045302	0.99336285	0.00532277
0.03140572	0.00309037	0.96330091	0.002203
0.01068762	0.00174353	0.98407262	0.00349624
0.01679639	0.91753346	0.02969474	0.03597542
0.02156284	0.63974879	0.20187121	0.13681716
0.20315645	0.16786201	0.30126342	0.32771813
0.13523825	0.26118897	0.49187131	0.11170146
