#M00944	CPRF-3
#p.cut	M00944	UwDnaseSknshra	0.01	0.05	0.1	0.25	0.5	0.75	0.9	0.95	0.99	
#p.Tcut2	M00944	UwDnaseSknshra	6.56	8.21	8.95	10.05	11.15	12.25	13.35	14.1	15.75	
#p.Tcut2b	M00944	UwDnaseSknshra	9.96	11.61	12.36	13.46	14.56	15.65	16.75	17.5	19.15	
A	C	G	T
0.16152174	0.33347826	0.34253623	0.16246377
0.0255683	0.01096029	0.93798802	0.02548338
0.04991093	0.20612412	0.00716449	0.73680046
1e-06	0.9645798	0.0354182	1e-06
0.98944618	1e-06	0.00719605	0.00335677
1e-06	0.96412737	0.00335677	0.03251486
0.02511249	0.01064638	0.9607409	0.00350023
1e-06	0.00694144	0.0036541	0.98940346
0.0036541	0.01445864	0.98188627	1e-06
0.71144486	1e-06	0.25289705	0.03565709
0.0211014	0.93165918	0.01445274	0.03278668
0.16152174	0.33347826	0.34253623	0.16246377
