#M00969	AtMYB-15
#p.cut	M00969	EpiUwRmapDNaseCD4.Primary.Cells.SRX204404	0.01	0.05	0.1	0.25	0.5	0.75	0.9	0.95	0.99	
#p.Tcut2	M00969	EpiUwRmapDNaseCD4.Primary.Cells.SRX204404	12.86	14.51	15.26	16.35	17.45	18.55	19.65	20.4	22.05	
#p.Tcut2b	M00969	EpiUwRmapDNaseCD4.Primary.Cells.SRX204404	11.24	12.89	13.63	14.73	15.83	16.93	18.03	18.78	20.43	
A	C	G	T
0.18960528	0.21935409	0.39749971	0.19354092
0.24281872	0.33947889	0.23986655	0.17783584
0.20747647	0.25129719	0.32605301	0.21517333
0.20145736	0.3314138	0.31898709	0.14814174
0.17691199	0.33966217	0.30649791	0.17692794
0.22672586	0.23893664	0.35005903	0.18427846
0.1947243	0.27165174	0.36855587	0.1650681
0.20873938	0.2211458	0.30137221	0.26874261
0.17133278	0.28984445	0.36739127	0.17143151
0.22654391	0.2640897	0.37434709	0.1350193
0.1662424	0.27064475	0.32504239	0.23807046
0.1965983	0.24526533	0.3979212	0.16021516
0.25584948	0.1604907	0.34537955	0.23828027
0.15920962	0.2826681	0.36756793	0.19055435
0.23896307	0.22653231	0.3324301	0.20207452
0.177208	0.21508989	0.42475263	0.18294948
0.18439031	0.35713062	0.2941734	0.16430567
0.19541961	0.25220764	0.3245158	0.22785695
0.19043127	0.26804021	0.36926811	0.1722604
0.0422505	0.61078583	0.18193545	0.16502822
0.24626424	0.23319852	0.44091145	0.07962578
0.40357924	0.20373376	0.37436676	0.01832024
0.1470081	0.25449473	0.35328929	0.24520788
0.024887	0.00603161	0.96285113	0.00623026
0.02447499	1e-06	0.96346083	0.01206318
1e-06	0.0491326	0.01245887	0.93840753
0.77826352	0.04939814	0.04901041	0.12332792
0.01245935	0.0059538	0.98158585	1e-06
0.01868878	1e-06	0.96282014	0.01849008
0.02411559	0.042477	0.01245952	0.9209479
0.12839877	0.00623025	0.83493102	0.03043996
0.04927824	0.0185017	0.86369801	0.06852205
0.18960528	0.21935409	0.39749971	0.19354092
