#M00982	KROX
#p.cut	M00982	EpiUwRmapDNaseFetal.Muscle.Arm.SRX100980	0.01	0.05	0.1	0.25	0.5	0.75	0.9	0.95	0.99	
#p.Tcut2	M00982	EpiUwRmapDNaseFetal.Muscle.Arm.SRX100980	16.2	17.85	18.59	19.69	20.79	21.89	22.99	23.73	25.39	
#p.Tcut2b	M00982	EpiUwRmapDNaseFetal.Muscle.Arm.SRX100980	6.48	8.13	8.88	9.98	11.08	12.18	13.28	14.02	15.67	
A	C	G	T
0.10167464	0.55150186	0.23489279	0.11193071
0.00968219	0.80186874	0.11930356	0.06914551
0.01411613	0.88660586	0.06966311	0.0296149
0.0202331	0.9419084	0.00705157	0.03080693
0.05375603	0.0035662	0.93074202	0.01193575
0.00480633	0.98088754	0.00735288	0.00695325
0.00367609	0.99394094	0.00121214	0.00117082
0.00241735	0.97219168	0.0048125	0.02057847
0.04686262	0.93875475	0.00952726	0.00485537
0.00241573	0.98300496	0.00968572	0.00489359
0.18290802	0.09330252	0.62665602	0.09713344
0.03309955	0.91896049	0.01343538	0.03450458
0.04419254	0.84677379	0.06120463	0.04782903
0.03830974	0.78116424	0.12316819	0.05735783
0.03440177	0.89096166	0.06021501	0.01442155
0.10167464	0.55150186	0.23489279	0.11193071
