#M00936	HBP-1a
#p.cut	M00936	OpenChromDnaseNaivebcell	0.01	0.05	0.1	0.25	0.5	0.75	0.9	0.95	0.99	
#p.Tcut2	M00936	OpenChromDnaseNaivebcell	10.89	12.54	13.29	14.39	15.48	16.58	17.68	18.43	20.08	
#p.Tcut2b	M00936	OpenChromDnaseNaivebcell	11.08	12.73	13.47	14.57	15.67	16.77	17.87	18.62	20.27	
A	C	G	T
0.21005425	0.33667269	0.26564195	0.1876311
1e-06	0.30252961	0.68830099	0.0091684
0.24147367	0.51046824	0.00349378	0.24456431
0.00169588	0.86764803	0.00734743	0.12330866
0.96932706	0.0054126	0.01796667	0.00729367
0.00880379	0.94291986	0.01791541	0.03036094
0.04964051	0.00904113	0.93605629	0.00526207
0.00172168	0.01257696	0.00166431	0.98403705
1e-06	0.98578139	0.00884178	0.00537583
0.98361434	0.00183766	0.01087369	0.00367431
0.00183766	0.67521624	0.27024416	0.05270194
0.21005425	0.33667269	0.26564195	0.1876311
