#M00942	CPRF-1
#p.cut	M00942	UwDnaseCaco2	0.01	0.05	0.1	0.25	0.5	0.75	0.9	0.95	0.99	
#p.Tcut2	M00942	UwDnaseCaco2	8.39	10.04	10.79	11.89	12.99	14.09	15.19	15.93	17.58	
#p.Tcut2b	M00942	UwDnaseCaco2	10.32	11.97	12.71	13.81	14.91	16.01	17.11	17.85	19.51	
A	C	G	T
0.17605735	0.31863799	0.31799283	0.18731183
0.01105603	0.03189535	0.62270929	0.33433933
0.24309358	0.73898915	0.00351145	0.01440582
0.00365397	0.98916756	1e-06	0.00717747
0.96425241	1e-06	0.03574559	1e-06
0.01092738	0.92514486	0.0176508	0.04627695
0.03104797	0.01828397	0.94015244	0.01051563
0.00361969	0.01782242	0.00697274	0.97158515
0.00737603	0.00368851	0.97835585	0.0105796
0.00368838	0.01464582	0.76962415	0.21204164
0.37019961	0.60475963	0.01449955	0.01054121
0.17605735	0.31863799	0.31799283	0.18731183
