#M00952	PCF5
#p.cut	M00952	EpiUwRmapDNaseMobilized.CD3.Primary.Cells.SRX089240	0.01	0.05	0.1	0.25	0.5	0.75	0.9	0.95	0.99	
#p.Tcut2	M00952	EpiUwRmapDNaseMobilized.CD3.Primary.Cells.SRX089240	11.96	13.61	14.36	15.46	16.56	17.66	18.76	19.5	21.15	
#p.Tcut2b	M00952	EpiUwRmapDNaseMobilized.CD3.Primary.Cells.SRX089240	11.68	13.33	14.08	15.18	16.28	17.38	18.48	19.22	20.87	
A	C	G	T
0.16157895	0.33464912	0.28552632	0.21824561
0.01327874	0.02646131	0.95583191	0.00442804
0.01328209	0.04423353	0.00885508	0.9336293
0.00885508	0.00442167	0.96931329	0.01740997
0.01762959	0.00442804	0.97351433	0.00442804
0.01327948	0.05296758	0.00885506	0.92489787
0.01314542	0.95602911	0.00876227	0.02206321
0.00442804	0.97812528	0.00442804	0.01301864
0.00442804	0.93384232	0.01328209	0.04844756
0.24058733	0.41090608	0.32194337	0.02656323
0.01328211	0.6501931	0.01326486	0.32325993
0.16157895	0.33464912	0.28552632	0.21824561
