#M00938	E2F-1
#p.cut	M00938	EpiUwRmapDNaseFetal.Muscle.Arm.SRX121245	0.01	0.05	0.1	0.25	0.5	0.75	0.9	0.95	0.99	
#p.Tcut2	M00938	EpiUwRmapDNaseFetal.Muscle.Arm.SRX121245	10.69	12.35	13.09	14.19	15.29	16.39	17.49	18.23	19.89	
#p.Tcut2b	M00938	EpiUwRmapDNaseFetal.Muscle.Arm.SRX121245	6.88	8.53	9.28	10.38	11.48	12.57	13.67	14.42	16.07	
A	C	G	T
0.17091409	0.27859536	0.40853075	0.1419598
0.14016395	0.03199938	0.28132674	0.54650992
0.01339905	0.14459868	0.51333561	0.32866666
0.05206635	0.16955679	0.76856483	0.00981203
0.02315288	0.04678004	0.92684444	0.00322264
0.00666496	0.967054	0.00964272	0.01663832
0.01499168	0.00504613	0.97334715	0.00661504
0.00983281	0.6974688	0.27748994	0.01520844
0.0233694	0.17719527	0.7626149	0.03682044
0.33170363	0.05840165	0.60306757	0.00682715
0.49705873	0.20013163	0.28263693	0.02017271
0.7117939	0.08531549	0.17600498	0.02688563
0.26474655	0.31255304	0.33206232	0.09063809
0.2099263	0.20841073	0.51133492	0.07032806
0.00993723	0.03671848	0.94660657	0.00673772
0.14465809	0.26839485	0.56042208	0.02652497
0.209252	0.59034519	0.18524046	0.01516234
0.17091409	0.27859536	0.40853075	0.1419598
