#M00935	NF-AT
#p.cut	M00935	UwDnaseH7esDiffa14d	0.01	0.05	0.1	0.25	0.5	0.75	0.9	0.95	0.99	
#p.Tcut2	M00935	UwDnaseH7esDiffa14d	16	17.65	18.4	19.5	20.59	21.69	22.79	23.54	25.19	
#p.Tcut2b	M00935	UwDnaseH7esDiffa14d	13.22	14.87	15.61	16.71	17.81	18.91	20.01	20.76	22.41	
A	C	G	T
0.29868852	0.18557377	0.24898361	0.2667541
0.43434967	0.04971859	0.21895414	0.2969776
0.04602042	0.01330381	0.93092946	0.00974631
0.00642426	0.00998847	0.00642272	0.97716455
0.00641764	1e-06	0.99358036	1e-06
0.00333249	1e-06	0.99333878	0.00332772
0.99696663	1e-06	0.00303137	1e-06
0.98046259	0.00333066	0.01288216	0.00332458
0.99011628	0.00321855	0.00666417	1e-06
0.93799931	0.00966917	0.02986161	0.02246991
0.00316897	0.01323451	0.0033174	0.98027912
0.00331081	0.02958099	0.01282771	0.95428048
0.1808987	0.36410379	0.2100899	0.2449076
0.21307461	0.31755659	0.15113725	0.31823156
0.29868852	0.18557377	0.24898361	0.2667541
