#M00997	DEC
#p.cut	M00997	UwDnaseCaco2	0.01	0.05	0.1	0.25	0.5	0.75	0.9	0.95	0.99	
#p.Tcut2	M00997	UwDnaseCaco2	9.95	11.6	12.34	13.44	14.54	15.64	16.74	17.49	19.14	
#p.Tcut2b	M00997	UwDnaseCaco2	11.64	13.29	14.03	15.13	16.23	17.33	18.43	19.17	20.83	
A	C	G	T
0.22208928	0.29949379	0.30943396	0.16898297
0.08242822	0.43510509	0.47300834	0.00945835
1e-06	0.79993444	0.11174585	0.08831871
0.00480943	0.90233001	0.00999856	0.08286201
0.00949465	0.97617088	0.01433347	1e-06
0.9215111	0.01490903	0.05373952	0.00984035
0.36023284	0.45932535	0.05924703	0.12119478
0.02960506	0.06818722	0.90220672	1e-06
0.00499978	0.05850704	0.00999856	0.92649461
0.00482521	0.00499976	0.98017648	0.00999855
0.87832662	0.09245176	0.02422184	0.00499978
0.64329078	0.00999856	0.2445019	0.10220876
0.02852915	0.06367159	0.82513022	0.08266904
0.15141002	0.20664001	0.52643218	0.11551779
0.22208928	0.29949379	0.30943396	0.16898297
