#M00992	FOXP3
#p.cut	M00992	EpiUwRmapDNaseFetal.Thymus.SRX089243	0.01	0.05	0.1	0.25	0.5	0.75	0.9	0.95	0.99	
#p.Tcut2	M00992	EpiUwRmapDNaseFetal.Thymus.SRX089243	14.96	16.61	17.35	18.45	19.55	20.65	21.75	22.5	24.15	
#p.Tcut2b	M00992	EpiUwRmapDNaseFetal.Thymus.SRX089243	11.74	13.39	14.14	15.24	16.33	17.43	18.53	19.28	20.93	
A	C	G	T
0.27381626	0.19119034	0.22420298	0.31079042
0.40315514	0.02735925	0.5480993	0.0213863
0.75256544	0.00547748	0.03200567	0.20995141
0.7622579	0.05975431	0.16709903	0.01088876
0.52495223	0.11339945	0.32404585	0.03760246
0.12972296	0.01643043	0.11711025	0.73673636
0.02131074	0.01629749	0.75795782	0.20443394
0.0206028	0.149529	0.00547748	0.82439072
0.0101727	0.00501736	0.01611242	0.96869752
0.15163307	0.0108606	0.62803019	0.20947613
0.11235623	0.02666226	0.01094465	0.85003686
0.00545116	0.12996077	0.09054432	0.77404376
0.06951722	0.01639774	0.06453971	0.84954533
0.00513972	0.98422889	0.00537253	0.00525886
0.79588435	0.01073187	0.02606463	0.16731914
0.03791958	0.02139694	0.68291616	0.25776732
0.81133026	0.02179496	0.13953164	0.02734314
0.03183568	0.60155193	0.16760146	0.19901092
0.27381626	0.19119034	0.22420298	0.31079042
