#M01057	ERF2
#p.cut	M01057	EpiUwRmapDNaseFetal.Brain.SRX040380	0.01	0.05	0.1	0.25	0.5	0.75	0.9	0.95	0.99	
#p.Tcut2	M01057	EpiUwRmapDNaseFetal.Brain.SRX040380	17.38	19.03	19.78	20.88	21.98	23.07	24.17	24.92	26.57	
#p.Tcut2b	M01057	EpiUwRmapDNaseFetal.Brain.SRX040380	6.25	7.9	8.65	9.75	10.85	11.95	13.05	13.79	15.44	
A	C	G	T
0.11077782	0.46567143	0.29990931	0.12364144
0.11635494	0.29801063	0.48165241	0.10398202
0.10173721	0.56251116	0.20939602	0.12635561
0.10571636	0.58215166	0.19578676	0.11634521
0.09668174	0.2634227	0.55124661	0.08864896
0.06246411	0.63859316	0.21076046	0.08818228
0.00911947	0.97726829	0.00383156	0.00978068
0.00198533	0.01056762	0.98544137	0.00200568
0.00195135	0.98826771	0.00722059	0.00256035
0.00066893	0.98368789	0.0045696	0.01107358
0.00659084	0.00063429	0.99210545	0.00066941
0.00128519	0.99412327	0.00459055	1e-06
0.00131267	0.99147003	0.00265884	0.00455846
0.20628154	0.25205581	0.3317094	0.20995325
0.09674786	0.47623385	0.25829395	0.16872435
0.11602671	0.44051383	0.26292693	0.18053253
0.15211849	0.2863092	0.35485	0.20672231
0.11077782	0.46567143	0.29990931	0.12364144
