#M01062	AGL2
#p.cut	M01062	UwDnaseH7esDiffa14d	0.01	0.05	0.1	0.25	0.5	0.75	0.9	0.95	0.99	
#p.Tcut2	M01062	UwDnaseH7esDiffa14d	17.52	19.17	19.91	21.01	22.11	23.21	24.31	25.05	26.71	
#p.Tcut2b	M01062	UwDnaseH7esDiffa14d	12.3	13.95	14.7	15.79	16.89	17.99	19.09	19.84	21.49	
A	C	G	T
0.33283789	0.20580658	0.17865636	0.28269917
0.25821209	0.2636365	0.07497209	0.40317932
0.22392847	0.0925881	0.13701424	0.5464692
0.10906515	0.0349335	0.06404922	0.79195213
0.29277434	0.07542303	0.10910855	0.52269408
0.00539685	0.98920506	0.00539709	1e-06
1e-06	0.97714032	1e-06	0.02285768
0.90941218	0.0459408	0.01165763	0.0329894
0.48965496	0.01663623	0.04464135	0.44906745
0.89086769	0.00583625	1e-06	0.10329507
0.54752929	0.01112149	0.00583626	0.43551296
0.75215472	0.01701049	0.04028744	0.19054735
0.03472241	0.02894793	0.01670352	0.91962614
0.59255541	1e-06	0.40744259	1e-06
0.02278816	0.00532137	0.97188947	1e-06
0.68491637	0.14989926	0.0229352	0.14224917
0.9714469	1e-06	0.00583622	0.02271588
0.87298994	0.01710505	0.03470282	0.07520218
0.12077122	0.08605686	0.35033172	0.44284021
0.33283789	0.20580658	0.17865636	0.28269917
