#M01028	NRSF
#p.cut	M01028	EpiUwRmapDNaseFetal.Renal.Cortex.Left.SRX100986	0.01	0.05	0.1	0.25	0.5	0.75	0.9	0.95	0.99	
#p.Tcut2	M01028	EpiUwRmapDNaseFetal.Renal.Cortex.Left.SRX100986	13.51	15.16	15.91	17.01	18.11	19.2	20.3	21.05	22.7	
#p.Tcut2b	M01028	EpiUwRmapDNaseFetal.Renal.Cortex.Left.SRX100986	12.89	14.54	15.29	16.39	17.49	18.59	19.69	20.43	22.08	
A	C	G	T
0.18547336	0.27486647	0.3005846	0.23907558
0.16317005	0.03442196	0.67164504	0.13076295
0.05587013	0.19428834	0.62809984	0.12174168
0.2832018	0.46022331	0.01873825	0.23783665
0.15913489	0.08027055	0.6180646	0.14252996
1e-06	0.97547119	0.0072085	0.01731931
0.00980348	0.00363747	0.00609363	0.98046542
0.02485235	0.13545186	0.82734654	0.01234925
0.02241901	0.03384492	0.04205148	0.9016846
0.00113828	0.97945245	0.00242306	0.01698621
0.0048531	0.97194497	0.0073696	0.01583233
0.48031416	0.09122696	0.28776954	0.14068934
0.16986815	0.13705933	0.06728797	0.62578455
0.02366109	0.00500243	0.94838782	0.02294867
0.00245998	0.01442855	0.98188866	0.00122281
0.00368706	0.00477599	0.00479076	0.98674619
0.05585917	0.13043047	0.74078478	0.07292559
0.00243542	0.98253583	0.00626411	0.00876464
0.00490297	0.00851553	0.00125181	0.98532969
0.02609356	0.0084561	0.95797309	0.00747726
0.80295199	0.05924021	0.12339873	0.01440907
0.58303541	0.18600423	0.09598813	0.13497223
0.18547336	0.27486647	0.3005846	0.23907558
