#M01020	TBX5
#p.cut	M01020	UwDnaseTh1	0.01	0.05	0.1	0.25	0.5	0.75	0.9	0.95	0.99	
#p.Tcut2	M01020	UwDnaseTh1	15.94	17.59	18.33	19.43	20.53	21.63	22.73	23.48	25.13	
#p.Tcut2b	M01020	UwDnaseTh1	12.94	14.59	15.34	16.44	17.53	18.63	19.73	20.48	22.13	
A	C	G	T
0.28376812	0.16589372	0.23714976	0.31318841
0.01457235	0.03387142	0.02182687	0.92972937
0.30028791	0.29547697	0.39008458	0.01415054
0.96877975	0.00705127	0.01945588	0.00471311
0.02812111	0.0046451	0.95520303	0.01203077
0.02638985	0.0023242	0.95442676	0.01685918
0.00247688	0.01228327	0.00959442	0.97564543
0.02846261	0.00249627	0.95226215	0.01677897
0.00480661	0.0215158	0.00499154	0.96868605
0.00726761	0.02388131	0.00479775	0.96405333
0.94649214	0.00983607	0.03429257	0.00937921
0.28376812	0.16589372	0.23714976	0.31318841
