#M01037	GLI
#p.cut	M01037	EpiUwRmapDNaseFetal.Lung.SRX062368	0.01	0.05	0.1	0.25	0.5	0.75	0.9	0.95	0.99	
#p.Tcut2	M01037	EpiUwRmapDNaseFetal.Lung.SRX062368	13.83	15.48	16.23	17.32	18.42	19.52	20.62	21.37	23.02	
#p.Tcut2b	M01037	EpiUwRmapDNaseFetal.Lung.SRX062368	12.76	14.41	15.15	16.25	17.35	18.45	19.55	20.3	21.95	
A	C	G	T
0.19180754	0.236671	0.29768931	0.27383215
0.22411213	0.38947095	0.23150982	0.1549071
0.26850854	0.256801	0.17559456	0.2990959
0.21330801	0.31512593	0.21713755	0.25442851
0.17444389	0.34216749	0.11586033	0.36752829
0.01428188	0.43063192	0.34910187	0.20598433
0.00132118	0.01155733	0.00516686	0.98195463
0.00396081	0.00130003	0.94200575	0.05273341
0.00893942	1e-06	0.98587339	0.00518619
0.00519354	1e-06	0.99359517	0.00121029
0.00525993	0.01045332	0.00130797	0.98297879
0.00503672	0.00132082	0.99105666	0.0025858
1e-06	0.00132063	0.99603718	0.00264119
0.00383991	0.02320282	0.00507786	0.96787941
0.00119966	0.98457336	0.00263304	0.01159394
0.00782593	0.48757585	0.05179309	0.45280513
0.19180754	0.236671	0.29768931	0.27383215
