#M01067	Gfi1
#p.cut	M01067	UwDgfTh1wb33676984	0.01	0.05	0.1	0.25	0.5	0.75	0.9	0.95	0.99	
#p.Tcut2	M01067	UwDgfTh1wb33676984	17.58	19.23	19.98	21.08	22.18	23.28	24.37	25.12	26.77	
#p.Tcut2b	M01067	UwDgfTh1wb33676984	15.1	16.75	17.5	18.6	19.7	20.8	21.89	22.64	24.29	
A	C	G	T
0.31928863	0.23106833	0.18600204	0.263641
0.32886145	0.58250905	0.01699471	0.07163479
0.4313274	0.21065672	0.17203078	0.1859851
0.96946871	0.01341518	0.00688377	0.01023234
0.98625886	0.00326551	0.00698341	0.00349222
0.99010127	1e-06	0.00666649	0.00323125
0.00318346	0.02057569	0.00340636	0.97283448
1e-06	0.96049657	0.01663633	0.0228661
0.95230366	0.01724033	0.02374867	0.00670735
0.00694966	0.85030927	0.1053678	0.03737327
0.21678151	0.00636376	0.11626406	0.66059067
0.03745744	0.0066289	0.9359076	0.02000607
0.01650274	0.63090077	0.32526368	0.02733281
0.13218021	0.3485854	0.00318482	0.51604956
0.31928863	0.23106833	0.18600204	0.263641
