#M01013	IPF1
#p.cut	M01013	UwDnaseHmvecdad	0.01	0.05	0.1	0.25	0.5	0.75	0.9	0.95	0.99	
#p.Tcut2	M01013	UwDnaseHmvecdad	13.59	15.24	15.99	17.09	18.19	19.28	20.38	21.13	22.78	
#p.Tcut2b	M01013	UwDnaseHmvecdad	12.22	13.87	14.62	15.72	16.82	17.91	19.01	19.76	21.41	
A	C	G	T
0.25245078	0.23083368	0.22463343	0.29208211
0.26258761	0.35395107	0.24082913	0.1426322
0.09689618	0.05950979	0.00915464	0.83443939
0.01828943	0.21718625	0.72816641	0.03635791
0.26396417	0.02338586	0.39979613	0.31285383
0.03227607	0.18899062	0.77873231	1e-06
0.01829918	0.15669722	1e-06	0.8250026
0.0364476	0.95886377	0.00468763	1e-06
0.97700854	0.00468729	0.01830317	1e-06
1e-06	0.01368998	0.00468763	0.98162139
0.00925824	0.05555701	0.00904064	0.92614411
0.98246954	0.00424407	0.00892995	0.00435645
0.25540855	0.05554821	0.61037689	0.07866635
0.44285134	0.19402285	0.00863878	0.35448703
0.11152931	0.40904973	0.34110673	0.13831422
0.12923339	0.16532913	0.02249032	0.68294716
0.0317547	0.7159646	0.21055328	0.04172742
0.25245078	0.23083368	0.22463343	0.29208211
