#M01047	AP-2alphaA
#p.cut	M01047	EpiUwRmapDNasePenis.Foreskin.Keratinocyte.Primary.Cells.SRX201837	0.01	0.05	0.1	0.25	0.5	0.75	0.9	0.95	0.99	
#p.Tcut2	M01047	EpiUwRmapDNasePenis.Foreskin.Keratinocyte.Primary.Cells.SRX201837	13.48	15.13	15.87	16.97	18.07	19.17	20.27	21.01	22.67	
#p.Tcut2b	M01047	EpiUwRmapDNasePenis.Foreskin.Keratinocyte.Primary.Cells.SRX201837	13.37	15.02	15.77	16.87	17.97	19.06	20.16	20.91	22.56	
A	C	G	T
0.23921224	0.26214173	0.25820292	0.24044312
0.55514267	0.22042496	0.16262392	0.06180846
0.11999555	0.38823246	0.1777005	0.31407149
0.51592793	0.18822952	0.01952748	0.27631508
0.00776738	0.00586345	0.9845704	0.00179878
1e-06	0.99803523	1e-06	0.00196277
0.00195772	0.9903319	1e-06	0.00770937
1e-06	0.10443812	0.0214475	0.87411338
0.05410117	0.44575817	0.41688855	0.08325211
0.89718989	1e-06	0.10280811	1e-06
0.0019631	1e-06	0.9980349	1e-06
1e-06	0.00179878	0.99819922	1e-06
0.00373993	0.98295322	0.00576881	0.00753804
0.28050175	0.00976054	0.1826895	0.52704821
0.28083047	0.23069292	0.3781554	0.11032121
0.06808702	0.11580255	0.11838754	0.6977229
0.23921224	0.26214173	0.25820292	0.24044312
