#M01004	Helios A
#p.cut	M01004	UwDnaseTh1	0.01	0.05	0.1	0.25	0.5	0.75	0.9	0.95	0.99	
#p.Tcut2	M01004	UwDnaseTh1	20.06	21.71	22.46	23.56	24.66	25.76	26.86	27.6	29.25	
#p.Tcut2b	M01004	UwDnaseTh1	12.68	14.33	15.08	16.18	17.27	18.37	19.47	20.22	21.87	
A	C	G	T
0.41277222	0.14430753	0.19716345	0.2457568
0.27609734	0.2948757	0.12272708	0.30629987
0.47675469	0.00404515	0.01179416	0.507406
0.02770506	0.01986038	0.00808928	0.94434528
0.97605838	1e-06	0.01989545	0.00404517
0.97582817	1e-06	0.02012688	0.00404395
0.00799887	1e-06	0.988151	0.00384914
0.03150981	1e-06	0.96848819	1e-06
0.99190988	0.00404517	1e-06	0.00404395
0.96784869	0.00806179	0.01600044	0.00808909
0.98048966	1e-06	0.01142125	0.00808809
0.98403981	0.0078701	0.00404496	0.00404514
0.95308681	0.01579706	0.01977028	0.01134585
0.36821526	0.20513258	0.21691225	0.20973991
0.42648331	0.13800559	0.1777771	0.257734
0.36381726	0.14649598	0.24910421	0.24058255
0.39932712	0.18581799	0.19201016	0.22284473
0.4125434	0.18174253	0.17534223	0.23037184
0.34254015	0.15011586	0.22579058	0.28155341
0.3356789	0.19792708	0.19316318	0.27323084
0.3245269	0.20951767	0.18574847	0.28020696
0.3741877	0.14654682	0.17056116	0.30870432
0.32766972	0.18224535	0.20890321	0.28118171
0.31230894	0.20904461	0.18314436	0.29550209
0.32781661	0.17749626	0.19848372	0.29620341
0.35893317	0.18260099	0.20860043	0.24986541
0.39180365	0.1453047	0.21463018	0.24826147
0.24963739	0.26581068	0.19049236	0.29405957
0.41277222	0.14430753	0.19716345	0.2457568
