#M01065	ABZ1
#p.cut	M01065	UwDgfHepg2	0.01	0.05	0.1	0.25	0.5	0.75	0.9	0.95	0.99	
#p.Tcut2	M01065	UwDgfHepg2	10	11.65	12.39	13.49	14.59	15.69	16.79	17.54	19.19	
#p.Tcut2b	M01065	UwDgfHepg2	10.32	11.97	12.71	13.81	14.91	16.01	17.11	17.86	19.51	
A	C	G	T
0.16625742	0.26493759	0.38300593	0.18579906
0.03876085	0.04145721	0.45431489	0.46546704
0.0055117	0.00264146	0.91979257	0.07205427
0.1187528	0.37239249	0.42369727	0.08515744
0.17044086	0.03584104	0.03865143	0.75506667
0.00553937	0.34106096	0.58670689	0.06669278
0.96131482	0.00829147	0.02759265	0.00280105
0.00840584	0.93112081	0.01388153	0.04659183
0.03820282	0.01104982	0.92863163	0.02211573
0.00824549	0.03578582	0.0026688	0.95329989
0.00813934	0.00271912	0.98092576	0.00821579
0.01112483	1e-06	0.9289536	0.05992058
0.12199151	0.30151212	0.51042282	0.06607356
0.31989264	0.34586908	0.32331566	0.01092262
0.16625742	0.26493759	0.38300593	0.18579906
