#M01064	AGL3
#p.cut	M01064	UwDnaseH7esDiffa14d	0.01	0.05	0.1	0.25	0.5	0.75	0.9	0.95	0.99	
#p.Tcut2	M01064	UwDnaseH7esDiffa14d	17.02	18.68	19.42	20.52	21.62	22.72	23.82	24.56	26.21	
#p.Tcut2b	M01064	UwDnaseH7esDiffa14d	11.61	13.26	14	15.1	16.2	17.3	18.4	19.15	20.8	
A	C	G	T
0.3279903	0.20379849	0.18453664	0.28367457
0.4980829	0.22690215	0.11776494	0.15725
0.12552569	0.06323507	0.11624775	0.69499149
0.04679434	0.01523408	0.03126459	0.90670699
0.28900558	0.13337646	0.10041832	0.47719963
0.00791314	0.99208486	1e-06	1e-06
1e-06	0.93733828	1e-06	0.06265972
0.90711858	0.01516539	1e-06	0.07771503
0.53155404	0.01529989	0.0459704	0.40717567
0.84329765	1e-06	1e-06	0.15670035
0.50061747	0.02338047	0.00790252	0.46809954
0.8682186	0.00769105	0.01549836	0.10859199
1e-06	0.01560122	1e-06	0.98439678
0.82036037	0.00791314	0.16381342	0.00791307
0.03151209	1e-06	0.96848591	1e-06
0.34422446	0.27419742	0.01538106	0.36619706
0.82814469	0.00791314	0.05489502	0.10904715
0.73369986	0.05421447	0.07070219	0.14138348
0.3279903	0.20379849	0.18453664	0.28367457
