#M01045	AP-2alphaA
#p.cut	M01045	EpiUwRmapDNaseFetal.Placenta.SRX201819	0.01	0.05	0.1	0.25	0.5	0.75	0.9	0.95	0.99	
#p.Tcut2	M01045	EpiUwRmapDNaseFetal.Placenta.SRX201819	12.46	14.11	14.86	15.96	17.06	18.16	19.25	20	21.65	
#p.Tcut2b	M01045	EpiUwRmapDNaseFetal.Placenta.SRX201819	12.29	13.94	14.69	15.79	16.89	17.99	19.09	19.83	21.48	
A	C	G	T
0.23513185	0.26132894	0.26788688	0.23565232
0.76928397	0.09072762	0.05908589	0.08090252
0.22661917	0.47983826	0.07909477	0.21444781
0.29848657	0.1763205	0.01144764	0.51374528
0.0047698	0.00474002	0.98864076	0.00184942
1e-06	0.99716312	0.00096699	0.00186889
1e-06	0.99342921	1e-06	0.00656879
0.00096674	0.19829954	0.00281186	0.79792187
0.01137402	0.47858694	0.39242616	0.11761288
0.86357409	0.01053815	0.12492077	0.00096699
0.01319398	1e-06	0.98583803	0.00096699
0.00184693	1e-06	0.99815107	1e-06
0.00477125	0.29525988	0.69237225	0.00759662
0.02478305	0.4825868	0.35040366	0.14222648
0.55343905	0.23717273	0.12621737	0.08317085
0.02680091	0.17274918	0.08518376	0.71526616
0.23513185	0.26132894	0.26788688	0.23565232
