#M01003	Helios A
#p.cut	M01003	EpiUwRmapDNaseFetal.Intestine.Large.SRX040391	0.01	0.05	0.1	0.25	0.5	0.75	0.9	0.95	0.99	
#p.Tcut2	M01003	EpiUwRmapDNaseFetal.Intestine.Large.SRX040391	15.56	17.21	17.96	19.06	20.16	21.26	22.35	23.1	24.75	
#p.Tcut2b	M01003	EpiUwRmapDNaseFetal.Intestine.Large.SRX040391	11.55	13.2	13.95	15.05	16.15	17.25	18.35	19.09	20.74	
A	C	G	T
0.32571322	0.16857169	0.21689434	0.28882074
0.21315585	0.24978423	0.14252688	0.39453304
0.29915501	0.22822782	0.16546976	0.30714742
0.32226798	0.18509684	0.2233892	0.26924598
0.28304603	0.21400025	0.1657262	0.33722752
0.22685113	0.23315281	0.26131923	0.27867683
0.21684856	0.21812782	0.24286312	0.32216051
0.32579222	0.17063108	0.21030296	0.29327374
0.23722894	0.19383639	0.17555683	0.39337785
0.30437543	0.15487206	0.23821328	0.30253923
0.38689471	0.26758615	0.12837204	0.2171471
0.33188864	0.24210905	0.01926449	0.40673783
0.62916917	0.00484605	0.02382221	0.34216257
0.00941477	0.04701344	0.00446051	0.93911128
0.97223057	0.00484607	0.01396208	0.00896128
0.02348509	1e-06	0.97201963	0.00449428
1e-06	0.00484601	0.99030692	0.00484607
0.01342797	1e-06	0.98657003	1e-06
0.98630333	1e-06	0.00449225	0.00920342
1e-06	1e-06	0.01852147	0.98147653
0.95704688	0.00961415	0.02895515	0.00438382
0.89170738	0.00952923	0.01840256	0.08036083
0.32571322	0.16857169	0.21689434	0.28882074
