#M01010	HMGIY
#p.cut	M01010	EpiUwRmapDNaseMobilized.CD34.Primary.Cells.SRX026927	0.01	0.05	0.1	0.25	0.5	0.75	0.9	0.95	0.99	
#p.Tcut2	M01010	EpiUwRmapDNaseMobilized.CD34.Primary.Cells.SRX026927	17.42	19.07	19.82	20.91	22.01	23.11	24.21	24.96	26.61	
#p.Tcut2b	M01010	EpiUwRmapDNaseMobilized.CD34.Primary.Cells.SRX026927	11.8	13.45	14.2	15.3	16.39	17.49	18.59	19.34	20.99	
A	C	G	T
0.26254545	0.19563636	0.17963636	0.36218182
0.44203414	0.11903426	0.21507286	0.22385874
0.21642343	0.25584424	0.23943067	0.28830167
0.37399388	0.15984358	0.20867546	0.25748708
0.24806734	0.27357481	0.19952295	0.27883489
0.26199211	0.20040463	0.20793931	0.32966395
0.32624255	0.14426389	0.24837549	0.28111807
0.37606196	0.28969994	0.18251805	0.15172005
0.87971059	0.04064982	0.00776817	0.07187142
0.38365039	0.31937165	0.19325279	0.10372517
1e-06	0.04783547	0.03246044	0.91970309
0.02296185	0.00813207	0.84771465	0.12119143
0.01598527	0.70454181	0.27947192	1e-06
0.94375393	0.01626314	0.01569827	0.02428466
0.71245917	1e-06	0.0162068	0.27133302
0.01626314	0.00813207	1e-06	0.97560379
1e-06	0.01548204	0.01626189	0.96825507
1e-06	0.02339964	0.00751081	0.96908855
1e-06	0.34414938	1e-06	0.65584862
0.01474283	0.21621016	0.0081275	0.76091951
1e-06	0.05679419	0.0156215	0.9275833
0.03920997	0.05545404	0.40066366	0.50467233
0.31196458	0.02381246	0.08745459	0.57676837
0.26254545	0.19563636	0.17963636	0.36218182
