#M01023	HSF1
#p.cut	M01023	UwDnaseTh1	0.01	0.05	0.1	0.25	0.5	0.75	0.9	0.95	0.99	
#p.Tcut2	M01023	UwDnaseTh1	17.98	19.64	20.38	21.48	22.58	23.68	24.78	25.52	27.17	
#p.Tcut2b	M01023	UwDnaseTh1	15.58	17.23	17.98	19.08	20.18	21.28	22.38	23.12	24.77	
A	C	G	T
0.24917557	0.24258013	0.18519984	0.32304445
0.31769574	0.38557943	0.04556154	0.25116329
0.00383131	0.05197251	0.00386609	0.94033008
0.00745561	0.0075024	0.04488834	0.94015365
0.00751768	0.95526588	0.01499882	0.02221761
0.02236004	0.23282418	0.00773119	0.73708459
0.58903123	0.02259213	0.36983492	0.01854171
0.01076956	1e-06	0.98198575	0.00724369
0.7470634	0.09827802	0.14343894	0.01121964
0.86403414	0.02964349	0.10273185	0.00359052
0.3848579	0.25284218	0.31666394	0.04563598
0.1618397	0.32224606	0.128641	0.38727324
0.00750401	0.01884464	0.01466799	0.95898336
1e-06	0.01928575	1e-06	0.98071225
1e-06	0.96658305	0.01499882	0.01841713
0.05955886	0.01541309	0.05296512	0.87206293
0.02253438	0.48326044	0.14622804	0.34797714
0.39466677	0.44021015	0.09759315	0.06752993
0.24917557	0.24258013	0.18519984	0.32304445
