#M01019	TBX5
#p.cut	M01019	EpiUwRmapDNaseH1.BMP4.Derived.Mesendoderm.Cultured.Cells.SRX135565	0.01	0.05	0.1	0.25	0.5	0.75	0.9	0.95	0.99	
#p.Tcut2	M01019	EpiUwRmapDNaseH1.BMP4.Derived.Mesendoderm.Cultured.Cells.SRX135565	16.12	17.77	18.52	19.62	20.72	21.82	22.91	23.66	25.31	
#p.Tcut2b	M01019	EpiUwRmapDNaseH1.BMP4.Derived.Mesendoderm.Cultured.Cells.SRX135565	13.11	14.76	15.51	16.61	17.71	18.8	19.9	20.65	22.3	
A	C	G	T
0.3207642	0.17081448	0.2659628	0.24245852
0.68380226	0.01487764	0.15319687	0.14812323
0.76157236	0.01143053	0.019719	0.20727811
0.98043242	0.00320477	0.01309035	0.00327246
0.01782121	0.00807594	0.97244906	0.00165379
0.00324298	0.00661895	0.98848175	0.00165632
0.00165631	0.02443059	0.00318279	0.97073032
0.0160522	0.00643136	0.97586013	0.00165632
0.00317876	0.01124672	0.00156438	0.98401013
0.00968171	0.27420517	0.53289511	0.18321801
0.9884353	0.00494143	0.00496695	0.00165632
0.63420088	0.09279686	0.26986741	0.00313485
0.96548767	0.00662121	0.01966031	0.00823081
0.3207642	0.17081448	0.2659628	0.24245852
