#M01055	NAC69-1
#p.cut	M01055	OpenChromDnaseHsmmfshd	0.01	0.05	0.1	0.25	0.5	0.75	0.9	0.95	0.99	
#p.Tcut2	M01055	OpenChromDnaseHsmmfshd	8.22	9.87	10.61	11.71	12.81	13.91	15.01	15.76	17.41	
#p.Tcut2b	M01055	OpenChromDnaseHsmmfshd	9.54	11.19	11.94	13.04	14.14	15.23	16.33	17.08	18.73	
A	C	G	T
0.2399313	0.2566335	0.283819	0.2196162
0.36198999	0.03374276	0.57084891	0.03341835
0.11484936	0.04814628	0.75169	0.08531436
0.53402305	0.12735013	0.06401017	0.27461665
0.23441271	0.05657172	0.57900942	0.13000616
0.24785097	0.26093821	0.35028638	0.14092444
0.07709539	0.69933793	0.10415689	0.11940979
0.14849309	0.10035398	0.69877797	0.05237496
0.05600546	0.10527025	0.0532849	0.78543939
0.38685883	0.06666244	0.49435746	0.05212128
0.22407361	0.29209697	0.15382195	0.33000747
0.26302143	0.10487194	0.38623694	0.24586969
0.11227322	0.23297225	0.39264762	0.26210691
0.21584304	0.14176779	0.43292057	0.2094686
0.34667423	0.12781467	0.24187616	0.28363494
0.03042054	0.43853943	0.06816497	0.46287506
0.8571714	0.04886254	0.06419225	0.02977381
0.05894419	0.75017732	0.07124123	0.11963726
0.08794481	0.07447694	0.79012884	0.04744941
0.04880075	0.14950734	0.14670995	0.65498196
0.49388927	0.3975612	0.08238164	0.02616789
0.86573285	0.03726525	0.02966283	0.06733907
0.02923586	0.67217119	0.03423249	0.26436046
0.09302882	0.47050079	0.04492702	0.39154337
0.2399313	0.2566335	0.283819	0.2196162
