#M01058	Gfi1b
#p.cut	M01058	UwDnaseTh1	0.01	0.05	0.1	0.25	0.5	0.75	0.9	0.95	0.99	
#p.Tcut2	M01058	UwDnaseTh1	17.52	19.17	19.92	21.02	22.12	23.22	24.31	25.06	26.71	
#p.Tcut2b	M01058	UwDnaseTh1	14.55	16.21	16.95	18.05	19.15	20.25	21.35	22.09	23.74	
A	C	G	T
0.32028504	0.22110504	0.17717688	0.28143303
0.00517136	0.32575041	0.0105055	0.65857274
0.97384878	1e-06	0.0052533	0.02089693
0.96440039	0.0100951	0.01511218	0.01039233
0.97003252	1e-06	0.02514623	0.00482025
0.00482025	0.0251897	0.00484337	0.96514669
0.00961167	0.96455546	0.0052533	0.02057958
0.95824237	0.01044439	0.02626199	0.00505126
0.02031402	0.68487249	0.26528726	0.02952623
0.19657925	0.0202709	0.11285739	0.67029246
0.01968098	0.01004458	0.88940282	0.08087163
0.00482025	0.94891453	0.01044439	0.03582084
0.60915119	0.07712976	0.01007044	0.3036486
0.32028504	0.22110504	0.17717688	0.28143303
