#M01011	HNF1
#p.cut	M01011	OpenChromDnaseHuh7	0.01	0.05	0.1	0.25	0.5	0.75	0.9	0.95	0.99	
#p.Tcut2	M01011	OpenChromDnaseHuh7	18.13	19.78	20.53	21.63	22.73	23.83	24.93	25.67	27.32	
#p.Tcut2b	M01011	OpenChromDnaseHuh7	10.31	11.96	12.71	13.8	14.9	16	17.1	17.85	19.5	
A	C	G	T
0.3444078	0.17751479	0.17644776	0.30162964
0.28811052	0.3449199	0.13504685	0.23192273
0.62561302	0.01784038	0.10096251	0.25558409
0.15327352	0.00581357	0.82320895	0.01770396
0.06308222	0.0965629	0.06972699	0.77062789
0.11757669	0.05473167	0.01468194	0.81300969
0.9896299	0.00137816	0.00899093	1e-06
0.93436708	0.02989135	0.00292998	0.03281159
0.32924717	0.03247598	0.02326422	0.61501263
0.44549912	0.14100876	0.07702784	0.33646428
0.97049307	1e-06	0.00446114	0.02504479
0.00589683	0.00432412	0.02506405	0.964715
0.05854673	0.00447193	0.00141525	0.93556609
0.99263515	0.00291962	1e-06	0.00444423
0.99721763	1e-06	0.00136342	0.00141795
0.02814504	0.90292496	0.03246489	0.03646511
0.16207204	0.52111156	0.00597522	0.31084118
0.45434852	0.13044538	0.02953719	0.38566892
0.3444078	0.17751479	0.17644776	0.30162964
