#M01017	Pbx-1
#p.cut	M01017	UwDnaseH7esDiffa9d	0.01	0.05	0.1	0.25	0.5	0.75	0.9	0.95	0.99	
#p.Tcut2	M01017	UwDnaseH7esDiffa9d	14.25	15.9	16.65	17.74	18.84	19.94	21.04	21.79	23.44	
#p.Tcut2b	M01017	UwDnaseH7esDiffa9d	12.44	14.09	14.84	15.94	17.04	18.14	19.24	19.98	21.63	
A	C	G	T
0.29095185	0.27494927	0.19382955	0.24026932
0.33298787	0.56453201	0.08621899	0.01626113
0.01203957	0.96440082	0.01160378	0.01195583
0.96411943	1e-06	0.03587857	1e-06
0.00242835	0.00930726	0.00243194	0.98583246
0.00243194	0.99272581	0.00241032	0.00243194
0.97388641	0.01187636	0.01181736	0.00241987
0.98553688	1e-06	0.0120657	0.00239642
0.0047993	0.00949386	0.00242878	0.98327805
1e-06	0.99321439	0.00678361	1e-06
0.98565314	0.00242878	0.01191709	1e-06
0.38878128	0.03120388	0.16327345	0.41674139
0.29095185	0.27494927	0.19382955	0.24026932
