#M01002	DEAF1
#p.cut	M01002	EpiUwRmapDNaseMobilized.CD3.Primary.Cells.SRX089240	0.01	0.05	0.1	0.25	0.5	0.75	0.9	0.95	0.99	
#p.Tcut2	M01002	EpiUwRmapDNaseMobilized.CD3.Primary.Cells.SRX089240	9.3	10.95	11.7	12.8	13.9	15	16.09	16.84	18.49	
#p.Tcut2b	M01002	EpiUwRmapDNaseMobilized.CD3.Primary.Cells.SRX089240	10.01	11.66	12.41	13.51	14.61	15.71	16.8	17.55	19.2	
A	C	G	T
0.17763256	0.27165795	0.3274832	0.22322629
0.23936321	0.20710162	0.4712564	0.08227877
0.24248111	0.38627509	0.25466127	0.11658253
0.26403244	0.15314524	0.42283928	0.15998304
0.17745253	0.23114861	0.46054909	0.13084977
0.31085832	0.23974634	0.40578052	0.04361482
0.09691733	0.38850207	0.03397348	0.48060712
0.05329501	0.03889563	0.11643211	0.79137726
0.02664665	0.84507387	0.05590393	0.07237555
0.0628112	0.075525	0.8132131	0.0484507
0.05109033	0.01710068	0.89759664	0.03421234
0.09442884	0.11918948	0.6649013	0.12148038
0.25692784	0.21084561	0.21131256	0.32091399
0.32728541	0.19402189	0.36916992	0.10952277
0.04378864	0.14805566	0.11158886	0.69656684
0.01215228	0.2808284	0.01464407	0.69237526
0.02167382	0.04358747	0.08747113	0.84726758
0.00724194	0.77675677	0.02392857	0.19207273
0.00977574	0.76042086	0.01222322	0.21758018
0.04340103	0.22351272	0.70658947	0.02649679
0.11445003	0.09200015	0.63378987	0.15975995
0.27454468	0.14087598	0.50437932	0.08020003
0.43221147	0.08772341	0.43883557	0.04122955
0.22016706	0.14600535	0.32795058	0.30587702
0.06786849	0.12168642	0.55556105	0.25488404
0.17763256	0.27165795	0.3274832	0.22322629
