#M01012	HNF3
#p.cut	M01012	UwDnaseLncap	0.01	0.05	0.1	0.25	0.5	0.75	0.9	0.95	0.99	
#p.Tcut2	M01012	UwDnaseLncap	23.23	24.88	25.63	26.73	27.83	28.92	30.02	30.77	32.42	
#p.Tcut2b	M01012	UwDnaseLncap	11.28	12.93	13.68	14.78	15.88	16.98	18.08	18.82	20.47	
A	C	G	T
0.20508542	0.14789938	0.17729101	0.46972419
0.07792801	0.13003848	0.08137685	0.71065666
0.02066162	0.02728001	0.02407926	0.92797911
0.05317537	0.29319741	0.18139472	0.4722325
0.32121665	0.02325306	0.01651856	0.63901173
0.05048381	0.09357496	0.01908385	0.83685738
0.00156635	0.00823675	0.00083527	0.98936163
0.24736826	0.00493502	0.72468658	0.02301014
0.00083522	0.00665746	0.00076761	0.99173971
1e-06	0.00075422	1e-06	0.99924378
1e-06	0.00250381	0.00498995	0.99250524
0.26650831	0.00404857	0.70394878	0.02549434
0.00250381	0.49985535	0.01149713	0.48614371
0.00745325	0.01878192	0.00333808	0.97042675
0.00821688	0.09692198	0.00500046	0.88986068
0.26672536	1e-06	0.02066181	0.71261183
0.04138416	0.01897148	0.60681687	0.33282749
0.01077682	0.04052231	0.32505412	0.62364675
0.08189595	0.26115207	0.03140487	0.62554712
0.20508542	0.14789938	0.17729101	0.46972419
