#M01092	TCF
#p.cut	M01092	EpiUwRmapDNaseFetal.Spinal.Cord.SRX201826	0.01	0.05	0.1	0.25	0.5	0.75	0.9	0.95	0.99	
#p.Tcut2	M01092	EpiUwRmapDNaseFetal.Spinal.Cord.SRX201826	18.36	20.01	20.76	21.86	22.96	24.06	25.16	25.9	27.55	
#p.Tcut2b	M01092	EpiUwRmapDNaseFetal.Spinal.Cord.SRX201826	11.27	12.92	13.67	14.77	15.87	16.97	18.06	18.81	20.46	
A	C	G	T
0.417498	0.16161213	0.20311253	0.21777733
0.641157	1e-06	0.3363351	0.0225069
0.19381531	0.15060324	0.51102595	0.14455551
0.86559773	1e-06	0.0561691	0.07823217
0.21915704	0.10678447	0.29497269	0.3790858
0.97798452	0.00537109	0.01664339	1e-06
0.01066425	0.01698296	1e-06	0.97235179
0.01028399	0.98402478	0.00569023	1e-06
0.98331353	1e-06	0.01668447	1e-06
0.98886882	0.01112918	1e-06	1e-06
0.999997	1e-06	1e-06	1e-06
0.6875989	0.01075599	0.29619078	0.00545432
0.02727422	0.2083317	0.67587234	0.08852174
0.77796972	0.03388078	0.10426674	0.08388277
0.91574489	0.02747738	0.0283389	0.02843883
0.53680849	0.20129024	0.21165934	0.05024192
0.78717663	0.02769189	0.0731685	0.11196297
0.417498	0.16161213	0.20311253	0.21777733
