#M01066	Blimp-1
#p.cut	M01066	UwDgfCd20ro01778	0.01	0.05	0.1	0.25	0.5	0.75	0.9	0.95	0.99	
#p.Tcut2	M01066	UwDgfCd20ro01778	17.44	19.09	19.84	20.94	22.04	23.14	24.23	24.98	26.63	
#p.Tcut2b	M01066	UwDgfCd20ro01778	12.67	14.33	15.07	16.17	17.27	18.37	19.47	20.21	21.86	
A	C	G	T
0.33682765	0.15659341	0.30762001	0.19895894
0.19954617	0.2526742	0.48662829	0.06115135
0.60786993	0.01818446	0.31264154	0.06130407
0.10432949	0.00197321	0.8936963	1e-06
0.33939261	0.00787709	0.6527293	1e-06
0.96018379	0.01401681	0.0257984	1e-06
0.9777416	0.0040902	0.00602023	0.01214797
0.01217936	0.00822829	0.97959135	1e-06
0.00382248	0.01011844	0.22438359	0.7616755
0.00589258	0.00399611	0.99011031	1e-06
0.97607356	0.00394516	0.01998028	1e-06
0.98801611	0.00187981	0.01010309	1e-06
0.96824313	0.00390713	0.01006055	0.01778919
0.0058229	0.26373428	0.6437439	0.08669892
0.00807943	0.01990353	0.25709409	0.71492296
0.3437139	0.05493374	0.59742513	0.00392723
0.54634823	0.11954377	0.27900094	0.05510707
0.33682765	0.15659341	0.30762001	0.19895894
