#M01022	LEF1
#p.cut	M01022	EpiUwRmapDNaseMobilized.CD3.Primary.Cells.SRX089240	0.01	0.05	0.1	0.25	0.5	0.75	0.9	0.95	0.99	
#p.Tcut2	M01022	EpiUwRmapDNaseMobilized.CD3.Primary.Cells.SRX089240	15.26	16.91	17.66	18.75	19.85	20.95	22.05	22.8	24.45	
#p.Tcut2b	M01022	EpiUwRmapDNaseMobilized.CD3.Primary.Cells.SRX089240	13.86	15.51	16.25	17.35	18.45	19.55	20.65	21.4	23.05	
A	C	G	T
0.31148148	0.20666667	0.25555556	0.2262963
0.40807082	0.10441055	0.17882038	0.30869824
0.01869338	0.51826679	0.46303883	1e-06
0.99422563	1e-06	0.00577237	1e-06
1e-06	1e-06	0.00565219	0.99434581
1e-06	0.99374782	0.00625018	1e-06
0.999997	1e-06	1e-06	1e-06
0.99374782	0.00625018	1e-06	1e-06
0.9755356	1e-06	0.01821322	0.00625018
0.03679193	1e-06	0.96320607	1e-06
0.02499773	0.00625018	0.95628786	0.01246422
0.02486916	0.01874855	0.95638128	1e-06
0.31148148	0.20666667	0.25555556	0.2262963
