#M01080	CBF (core binding factor)
#p.cut	M01080	UwDgfNb4	0.01	0.05	0.1	0.25	0.5	0.75	0.9	0.95	0.99	
#p.Tcut2	M01080	UwDgfNb4	14.65	16.3	17.04	18.14	19.24	20.34	21.44	22.19	23.84	
#p.Tcut2b	M01080	UwDgfNb4	13.97	15.62	16.37	17.47	18.56	19.66	20.76	21.51	23.16	
A	C	G	T
0.25354549	0.22557074	0.2526375	0.26824628
0.64648843	0.07799001	0.03164595	0.2438756
0.18927411	0.21974742	0.46539448	0.12558398
0.3481277	0.24178099	0.35692645	0.05316486
0.39794678	0.46810911	0.03913451	0.0948096
0.02887485	0.84309838	0.04598613	0.08204064
0.00471514	0.01443564	0.00244974	0.97839948
0.01923825	0.00458863	0.97386025	0.00231287
0.00970833	0.18963154	0.00490137	0.79575876
0.01939511	0.00245118	0.97586856	0.00228514
0.00490137	1e-06	0.99509663	1e-06
0.00226496	0.02664807	0.00490129	0.96618569
0.00735147	0.3665312	0.00245118	0.62366614
0.71107949	0.01469245	0.03894912	0.23527894
0.58590165	0.2033616	0.05055621	0.16018054
0.48805818	0.29601538	0.17245347	0.04347297
0.37737049	0.03856454	0.01701443	0.56705054
0.25354549	0.22557074	0.2526375	0.26824628
