#M01078	c-Ets-1 p54
#p.cut	M01078	UwDnaseTh17	0.01	0.05	0.1	0.25	0.5	0.75	0.9	0.95	0.99	
#p.Tcut2	M01078	UwDnaseTh17	10.46	12.11	12.86	13.95	15.05	16.15	17.25	18	19.65	
#p.Tcut2b	M01078	UwDnaseTh17	10.68	12.33	13.08	14.18	15.28	16.38	17.48	18.22	19.87	
A	C	G	T
0.2351312	0.23926142	0.32086978	0.20473761
0.13231503	0.15066408	0.39602883	0.32099206
0.16580268	0.43666688	0.3023632	0.09516725
0.2098216	0.06790373	0.2981882	0.42408647
0.63263427	0.00410502	0.32534207	0.03791864
0.01493489	0.92660047	0.05709481	0.00136983
0.31851495	0.66667801	0.00538071	0.00942634
0.01208674	0.00265404	0.98525822	1e-06
0.00136983	0.00136983	0.99589114	0.0013692
0.99600947	0.00136983	0.0026197	1e-06
0.82174637	0.00273867	0.00273865	0.17277632
0.08514747	0.00547632	0.90937521	1e-06
0.00546754	0.14160357	0.0041075	0.84882139
0.20370052	0.10320082	0.55429011	0.13880854
0.2419713	0.09145206	0.61251862	0.05405802
0.02183876	0.25633261	0.60730946	0.11451916
0.27563323	0.12830152	0.10776437	0.48830089
0.2351312	0.23926142	0.32086978	0.20473761
