#M01061	AGL2
#p.cut	M01061	UwDnaseH7esDiffa14d	0.01	0.05	0.1	0.25	0.5	0.75	0.9	0.95	0.99	
#p.Tcut2	M01061	UwDnaseH7esDiffa14d	16.94	18.59	19.34	20.44	21.53	22.63	23.73	24.48	26.13	
#p.Tcut2b	M01061	UwDnaseH7esDiffa14d	12.19	13.84	14.59	15.69	16.79	17.89	18.99	19.73	21.38	
A	C	G	T
0.33995502	0.20127436	0.19696402	0.2618066
0.22832903	0.21156279	0.34875668	0.2113515
0.20166725	0.13640181	0.17881828	0.48311266
0.21735862	0.03236511	0.02172528	0.72855099
0.36904784	0.04899874	0.10381202	0.4781414
1e-06	0.9890393	0.00549127	0.00546842
0.00526523	0.97845045	0.00527204	0.01101228
0.95675721	0.01048048	0.01099988	0.02176243
0.44110661	1e-06	0.02715448	0.53173791
0.89692772	0.00550664	0.01023907	0.08732658
0.60337382	0.01651783	0.00550664	0.3746017
0.84805787	0.02170408	0.01604878	0.11418927
0.02735219	0.04776363	0.00550628	0.91937791
0.57110316	1e-06	0.42889484	1e-06
0.03230212	1e-06	0.96769588	1e-06
0.70111838	0.09256869	0.03246068	0.17385225
0.89633117	0.02748719	0.01101228	0.06516937
0.72811511	0.06992124	0.10907171	0.09289194
0.33995502	0.20127436	0.19696402	0.2618066
