#M01059	AGL1
#p.cut	M01059	EpiUwRmapDNaseCD4.Primary.Cells.SRX204404	0.01	0.05	0.1	0.25	0.5	0.75	0.9	0.95	0.99	
#p.Tcut2	M01059	EpiUwRmapDNaseCD4.Primary.Cells.SRX204404	17.45	19.1	19.85	20.94	22.04	23.14	24.24	24.99	26.64	
#p.Tcut2b	M01059	EpiUwRmapDNaseCD4.Primary.Cells.SRX204404	14.13	15.78	16.53	17.63	18.73	19.82	20.92	21.67	23.32	
A	C	G	T
0.3049569	0.19488916	0.2119766	0.28817734
0.23180058	0.36650574	0.12502753	0.27666615
0.33889616	0.16015864	0.169502	0.3314432
0.2599701	0.19743331	0.26733441	0.27526219
0.06153775	0.00889335	0.01778023	0.91178868
1e-06	0.01811888	0.01805353	0.9638266
0.12414668	0.03554437	0.24230981	0.59799914
1e-06	0.999997	1e-06	1e-06
1e-06	0.999997	1e-06	1e-06
0.5776515	0.0090598	1e-06	0.4132877
0.52616676	0.06331304	0.04442146	0.36609874
0.81186653	0.00905994	0.00902879	0.17004474
0.29342046	0.03582288	1e-06	0.67075566
0.20492671	0.24168244	0.15115071	0.40224014
0.50865296	0.0447309	0.10638012	0.34023602
0.08072171	1e-06	0.91927629	1e-06
0.01744956	0.00905994	0.95546395	0.01802656
0.67864935	0.00905994	0.02713418	0.28515653
0.92815353	0.0449197	0.00900971	0.01791706
0.90256245	0.02662055	0.03546479	0.03535221
0.32328399	0.3561956	0.24074369	0.07977672
0.29532734	0.1866325	0.21504477	0.30299538
0.31481429	0.11638624	0.39889354	0.16990594
0.31182761	0.11616811	0.32045587	0.25154841
0.32920115	0.18807317	0.25095127	0.2317744
0.29581863	0.12446238	0.32078212	0.25893688
0.27680544	0.33934806	0.21571867	0.16812783
0.3049569	0.19488916	0.2119766	0.28817734
