#M01007	SRF
#p.cut	M01007	OpenChromDnaseEcc1Est10nm30m	0.01	0.05	0.1	0.25	0.5	0.75	0.9	0.95	0.99	
#p.Tcut2	M01007	OpenChromDnaseEcc1Est10nm30m	13.52	15.17	15.92	17.02	18.12	19.22	20.32	21.06	22.71	
#p.Tcut2b	M01007	OpenChromDnaseEcc1Est10nm30m	12.8	14.45	15.2	16.3	17.4	18.5	19.6	20.34	21.99	
A	C	G	T
0.21278413	0.25469715	0.24444882	0.2880699
0.11155815	0.60721086	0.18353958	0.0976914
0.4136015	0.31125586	0.0468309	0.22831174
0.06247221	0.13481218	0.2327399	0.56997571
0.08533254	0.31403978	0.31388731	0.28674037
0.03150083	0.14298907	0.24454262	0.58096748
1e-06	0.99630757	1e-06	0.00369043
0.01172828	0.9843321	1e-06	0.00393862
0.18214581	0.04326455	1e-06	0.77458864
0.01180091	1e-06	0.0074841	0.98071398
0.63797936	0.02249536	0.03893862	0.30058667
0.00743629	0.01124212	0.00755223	0.97376936
0.56588295	0.01110768	0.00357046	0.41943891
0.06576531	0.00393862	0.0191624	0.91113368
0.07029148	1e-06	0.92225774	0.00744978
0.01957033	1e-06	0.97673561	0.00369305
0.17420658	0.26737192	0.2836061	0.2748154
0.29614645	0.41740527	0.1196722	0.16677608
0.46239056	0.11198125	0.17395554	0.25167265
0.08859266	0.14796729	0.31251391	0.45092614
0.21278413	0.25469715	0.24444882	0.2880699
