#M01036	COUPTF
#p.cut	M01036	EpiUwRmapDNaseFetal.Intestine.Small.SRX201835	0.01	0.05	0.1	0.25	0.5	0.75	0.9	0.95	0.99	
#p.Tcut2	M01036	EpiUwRmapDNaseFetal.Intestine.Small.SRX201835	16.07	17.72	18.47	19.57	20.67	21.77	22.86	23.61	25.26	
#p.Tcut2b	M01036	EpiUwRmapDNaseFetal.Intestine.Small.SRX201835	13.01	14.66	15.41	16.5	17.6	18.7	19.8	20.55	22.2	
A	C	G	T
0.17904702	0.33205517	0.21169966	0.27719815
0.05230377	0.3763582	0.23318985	0.33814818
0.10948638	0.43449528	0.16469883	0.29131951
0.19240952	0.44959517	0.14225206	0.21574325
0.11917311	0.40304224	0.18839565	0.28938901
0.10923003	0.55892467	0.23972452	0.09212079
0.00833196	0.02713002	0.00744426	0.95709376
0.00835051	0.00474884	0.9851243	0.00177636
0.69862389	0.16476983	0.13295958	0.0036467
0.13541063	0.82920866	0.00749833	0.02788238
0.00468584	0.98325264	0.00095313	0.01110839
0.00094972	0.22435771	1e-06	0.77469157
0.00368697	0.25657304	0.01751393	0.72222605
0.01294504	0.02516404	0.04178874	0.92010219
0.07558199	0.11587384	0.80389171	0.00465246
0.24162806	0.49165922	0.21413282	0.0525799
0.2666462	0.64400907	0.02450633	0.0648384
0.03073243	0.92454995	0.02510786	0.01960976
0.12894144	0.34192681	0.04862825	0.4805035
0.03007635	0.56627687	0.05259868	0.3510481
0.07428154	0.11035381	0.17844595	0.6369187
0.09273471	0.19314085	0.56712272	0.14700173
0.21450564	0.66675184	0.04762139	0.07112113
0.10686691	0.46991266	0.07304845	0.35017198
0.17904702	0.33205517	0.21169966	0.27719815
