#M01098	CF1A
#p.cut	M01098	UwDnasePanc1	0.01	0.05	0.1	0.25	0.5	0.75	0.9	0.95	0.99	
#p.Tcut2	M01098	UwDnasePanc1	20.16	21.81	22.56	23.66	24.76	25.86	26.95	27.7	29.35	
#p.Tcut2b	M01098	UwDnasePanc1	10.02	11.67	12.42	13.52	14.62	15.72	16.82	17.56	19.21	
A	C	G	T
0.38529666	0.13716878	0.14393721	0.33359735
0.0121869	0.16900008	0.14143487	0.67737814
0.36698922	0.00410969	0.02007173	0.60882936
0.00789301	0.0200505	0.10470493	0.86735156
0.93874739	0.045194	0.00782935	0.00822925
0.97975242	1e-06	0.01201411	0.00823248
0.00373436	0.01210172	1e-06	0.98416293
0.32403426	0.0121	0.21319127	0.45067447
0.8994478	0.09232674	0.00411612	0.00410934
0.81538212	0.01634158	0.05520919	0.11306711
1e-06	0.03650867	0.02452561	0.93896471
0.00411707	0.00387704	0.11724939	0.87475649
0.34854243	0.39890296	0.18021284	0.07234177
0.91507205	0.05639609	0.01618749	0.01234436
0.89511913	1e-06	0.00818762	0.09669225
0.98015621	0.00411612	0.00781808	0.00790958
0.79009456	0.05199492	0.06858415	0.08932637
0.24190306	0.22589773	0.2326827	0.29951651
0.38529666	0.13716878	0.14393721	0.33359735
