#M01042	GLI1
#p.cut	M01042	EpiUwRmapDNaseFetal.Lung.Right.SRX055187	0.01	0.05	0.1	0.25	0.5	0.75	0.9	0.95	0.99	
#p.Tcut2	M01042	EpiUwRmapDNaseFetal.Lung.Right.SRX055187	14.13	15.78	16.53	17.62	18.72	19.82	20.92	21.67	23.32	
#p.Tcut2b	M01042	EpiUwRmapDNaseFetal.Lung.Right.SRX055187	13.44	15.09	15.84	16.94	18.04	19.13	20.23	20.98	22.63	
A	C	G	T
0.25786139	0.31671287	0.24633663	0.17908911
0.37466422	0.0970004	0.28875962	0.23957576
0.00601906	0.01400395	0.97419053	0.00578646
0.96476834	0.0058228	0.01962769	0.00978118
0.0019975	0.98430012	0.00401439	0.00968799
0.00386925	0.98051252	0.00596376	0.00965448
0.97427955	0.00602078	0.01588222	0.00381746
0.00198143	0.98022485	0.00399524	0.01379848
0.00199123	0.98610289	0.00200769	0.00989818
0.01364272	0.97832851	0.00401439	0.00401439
0.96836692	0.00800863	0.02162586	0.00199859
0.27731914	0.0096027	0.70723611	0.00584205
0.25786139	0.31671287	0.24633663	0.17908911
