#M01005	STE11
#p.cut	M01005	EpiUwRmapDNaseMobilized.CD3.Primary.Cells.SRX089240	0.01	0.05	0.1	0.25	0.5	0.75	0.9	0.95	0.99	
#p.Tcut2	M01005	EpiUwRmapDNaseMobilized.CD3.Primary.Cells.SRX089240	19.73	21.39	22.13	23.23	24.33	25.43	26.53	27.27	28.93	
#p.Tcut2b	M01005	EpiUwRmapDNaseMobilized.CD3.Primary.Cells.SRX089240	11.65	13.3	14.05	15.15	16.25	17.35	18.45	19.19	20.84	
A	C	G	T
0.43881119	0.16908092	0.18743756	0.20467033
0.76580392	0.0262749	0.01920375	0.18871743
0.47397361	0.01323302	0.51279237	1e-06
0.8383688	1e-06	0.15534596	0.00628424
0.98019735	0.00661708	0.01318457	1e-06
0.02583559	0.9352989	0.01254584	0.02631967
0.98047138	1e-06	0.01952662	1e-06
0.97353857	0.00661708	0.01322884	0.00661552
0.98092728	1e-06	0.01260465	0.00646707
0.04531105	0.01272298	0.92888134	0.01308463
0.98678908	0.00659727	0.00661265	1e-06
0.98016857	1e-06	0.00661708	0.01321335
0.9673529	1e-06	0.01323316	0.01941294
0.43881119	0.16908092	0.18743756	0.20467033
