#M01070	c-Maf
#p.cut	M01070	EpiUwRmapDNaseFetal.Renal.Pelvis.SRX089275	0.01	0.05	0.1	0.25	0.5	0.75	0.9	0.95	0.99	
#p.Tcut2	M01070	EpiUwRmapDNaseFetal.Renal.Pelvis.SRX089275	12.44	14.09	14.84	15.94	17.04	18.14	19.23	19.98	21.63	
#p.Tcut2b	M01070	EpiUwRmapDNaseFetal.Renal.Pelvis.SRX089275	11.63	13.28	14.02	15.12	16.22	17.32	18.42	19.16	20.82	
A	C	G	T
0.22041142	0.22729248	0.26111835	0.29117775
0.1777279	0.04215045	0.56974106	0.21038059
0.50343183	0.03415713	0.0903053	0.37210574
0.31907919	0.09352377	0.1331577	0.45423933
0.24259776	0.0982772	0.03813207	0.62099297
0.05078703	0.07740231	0.36821718	0.50359348
0.00435122	0.0043512	1e-06	0.99129658
0.00409983	0.00434723	0.99155194	1e-06
0.00434036	0.982879	0.00433059	0.00845004
1e-06	1e-06	1e-06	0.999997
0.01672345	0.00391682	0.97085672	0.008503
0.97933272	1e-06	0.01231419	0.00835209
0.01278561	0.78232298	0.07676431	0.12812711
0.10179188	0.03433317	0.34211527	0.52175968
0.03375647	0.50796144	0.13286912	0.32541298
0.31602666	0.07586164	0.26207038	0.34604132
0.16663951	0.03432294	0.60661848	0.19241908
0.17984065	0.53836251	0.08973421	0.19206263
0.16191564	0.10730626	0.18419223	0.54658587
0.32429891	0.14920999	0.36858226	0.15790885
0.22041142	0.22729248	0.26111835	0.29117775
