#M01063	AG
#p.cut	M01063	UwDnaseTh1	0.01	0.05	0.1	0.25	0.5	0.75	0.9	0.95	0.99	
#p.Tcut2	M01063	UwDnaseTh1	18.97	20.62	21.37	22.47	23.57	24.66	25.76	26.51	28.16	
#p.Tcut2b	M01063	UwDnaseTh1	14.41	16.06	16.81	17.91	19	20.1	21.2	21.95	23.6	
A	C	G	T
0.32324192	0.18911214	0.18816182	0.29948412
0.2604262	0.24394714	0.06375568	0.43187099
0.00797306	0.02342765	1e-06	0.96859829
0.05522896	1e-06	0.00788104	0.936889
0.37065551	0.07863644	0.06191084	0.48879721
1e-06	0.98409249	1e-06	0.01590551
1e-06	0.99202796	1e-06	0.00797004
0.49579772	0.00797306	0.0159421	0.48028712
0.79596966	0.02321867	1e-06	0.18081067
0.89889604	1e-06	0.00797293	0.09313003
0.44162562	0.03161521	0.00758593	0.51917324
0.35587062	0.18797165	0.25149243	0.2046653
0.44070445	0.02300129	0.22843226	0.307862
0.05471405	1e-06	0.93060077	0.01468418
0.03869955	0.00775879	0.91368313	0.03985853
0.57615477	0.17335289	0.03127659	0.21921576
0.92123143	0.00786865	0.02321619	0.04768373
0.81109033	0.03124114	0.07890447	0.07876407
0.32324192	0.18911214	0.18816182	0.29948412
