#M01035	YY1
#p.cut	M01035	EpiUwRmapDNaseFetal.Heart.SRX040387	0.01	0.05	0.1	0.25	0.5	0.75	0.9	0.95	0.99	
#p.Tcut2	M01035	EpiUwRmapDNaseFetal.Heart.SRX040387	13.82	15.47	16.22	17.32	18.41	19.51	20.61	21.36	23.01	
#p.Tcut2b	M01035	EpiUwRmapDNaseFetal.Heart.SRX040387	14.37	16.02	16.77	17.87	18.97	20.07	21.17	21.91	23.56	
A	C	G	T
0.16408005	0.3409544	0.27291998	0.22204557
0.16699957	0.20611876	0.49385736	0.13302432
0.14227124	0.4192994	0.2821851	0.15624426
0.18014168	0.37775185	0.27674281	0.16536366
0.03070408	0.08717415	0.84106455	0.04105722
0.00388421	0.93300818	0.00123217	0.06187544
0.00381725	0.86664078	0.0452575	0.08428447
0.00893899	0.00123837	0.91387107	0.07595157
1e-06	0.99376861	0.00124181	0.00498859
0.00129109	0.99741166	1e-06	0.00129624
0.98860306	1e-06	0.01020893	0.001187
1e-06	0.00251407	0.00126111	0.99622382
0.02933578	0.43902927	0.11624585	0.4153891
1e-06	0.0063443	1e-06	0.9936537
0.00123217	0.0024735	1e-06	0.99629333
0.12604144	0.22458041	0.48240098	0.16697717
0.16408005	0.3409544	0.27291998	0.22204557
