#M01014	SOX
#p.cut	M01014	EpiUwRmapDNaseiPS.DF.197.Cell.Line.SRX040376	0.01	0.05	0.1	0.25	0.5	0.75	0.9	0.95	0.99	
#p.Tcut2	M01014	EpiUwRmapDNaseiPS.DF.197.Cell.Line.SRX040376	13.89	15.54	16.29	17.39	18.49	19.58	20.68	21.43	23.08	
#p.Tcut2b	M01014	EpiUwRmapDNaseiPS.DF.197.Cell.Line.SRX040376	11.04	12.69	13.44	14.54	15.64	16.73	17.83	18.58	20.23	
A	C	G	T
0.21037736	0.23490566	0.21256207	0.34215492
0.03974735	0.7883778	0.01606687	0.15580798
0.01834494	0.01827792	0.01053067	0.95284648
0.00251985	0.97091812	0.01334743	0.0132146
0.02102268	0.00525015	0.00528037	0.9684468
1e-06	0.01838064	0.00248467	0.97913369
0.00267865	0.0051975	0.01047134	0.9816525
0.01067313	0.00254541	0.9841028	0.00267865
0.01069617	0.00793679	0.00243963	0.97892741
0.00265386	1e-06	0.03924869	0.95809645
0.57126776	0.21806653	0.03173546	0.17893026
0.18634728	0.12907062	0.1265717	0.5580104
0.10784415	0.11003571	0.76935775	0.01276239
0.32558142	0.23442903	0.21622926	0.22376029
0.36392886	0.18103407	0.23387112	0.22116595
0.21037736	0.23490566	0.21256207	0.34215492
