#M01031	HNF4
#p.cut	M01031	EpiUwRmapDNaseMobilized.CD3.Primary.Cells.SRX089240	0.01	0.05	0.1	0.25	0.5	0.75	0.9	0.95	0.99	
#p.Tcut2	M01031	EpiUwRmapDNaseMobilized.CD3.Primary.Cells.SRX089240	14.64	16.3	17.04	18.14	19.24	20.34	21.44	22.18	23.83	
#p.Tcut2b	M01031	EpiUwRmapDNaseMobilized.CD3.Primary.Cells.SRX089240	14.16	15.81	16.55	17.65	18.75	19.85	20.95	21.7	23.35	
A	C	G	T
0.29506173	0.22271605	0.28518519	0.19703704
0.14700466	0.29368362	0.28038338	0.27892834
0.29492909	0.23854724	0.21196185	0.25456182
0.27868291	0.29423555	0.18620066	0.24088087
0.33213795	0.28123935	0.19861041	0.18801228
0.29383143	0.18880256	0.35623079	0.16113521
0.30519984	0.14863339	0.33436972	0.21179706
0.29398379	0.25228097	0.25357957	0.20015567
0.24179312	0.22469452	0.26637599	0.26713637
0.24093357	0.21367592	0.27874856	0.26664195
0.36279527	0.23890536	0.26311574	0.13518363
0.31558025	0.22815476	0.32127612	0.13498888
0.3337189	0.0669345	0.42574846	0.17359813
0.02716569	1e-06	0.97283231	1e-06
0.10849956	0.01273808	0.75820616	0.12055621
1e-06	0.18647935	0.52025154	0.29326811
1e-06	0.97283515	1e-06	0.02716285
0.97344537	1e-06	0.02655263	1e-06
0.98747476	1e-06	0.01252324	1e-06
0.96097334	1e-06	0.03902466	1e-06
0.01349581	0.01303282	0.97347037	1e-06
0.01339724	0.02630963	0.57753883	0.3827543
0.01358335	0.34585367	0.01358335	0.62697964
1e-06	0.999997	1e-06	1e-06
0.93314841	0.01282858	0.05402201	1e-06
0.29506173	0.22271605	0.28518519	0.19703704
