#M01195	TBX22
#p.cut	M01195	UwDnaseHgf	0.01	0.05	0.1	0.25	0.5	0.75	0.9	0.95	0.99	
#p.Tcut2	M01195	UwDnaseHgf	13.84	15.5	16.24	17.34	18.44	19.54	20.64	21.38	23.03	
#p.Tcut2b	M01195	UwDnaseHgf	12.05	13.7	14.45	15.55	16.65	17.75	18.85	19.59	21.24	
A	C	G	T
0.26625578	0.19876733	0.22742681	0.30755008
0.23633096	0.05497661	0.45438864	0.25430379
0.16337772	0.1808389	0.25632294	0.39946044
0.18242833	0.18265659	0.23512868	0.39978641
0.18231211	0.18261981	0.21887283	0.41619525
0.36455842	0.23471783	0.20030791	0.20041584
0.34706404	0.17767548	0.21972145	0.25553903
0.3480619	0.200088	0.21818481	0.23366529
0.25526793	0.20032787	0.18228346	0.36212074
0.34599765	0.18214832	0.25498612	0.21686791
0.29185713	0.14269987	0.27445784	0.29098516
0.28913098	0.18129588	0.16395945	0.36561368
0.21775636	0.18041353	0.3659847	0.23584541
0.34677952	0.27351325	0.18070409	0.19900313
0.3284744	0.27260781	0.23689408	0.16202371
0.83528925	0.03664924	0.03665141	0.0914101
0.07172013	0.05497661	0.76339177	0.10991149
0.03665141	0.12621308	0.69296168	0.14417384
0.09066778	0.03664925	0.03665141	0.83603156
0.09141005	0.09098694	0.76318364	0.05441938
0.05497661	0.05478645	0.07329922	0.81693772
0.05436523	0.03664302	0.83572044	0.07327132
0.80047188	0.0712497	0.05497661	0.07330181
0.92670564	0.05496716	0.0183262	1e-06
0.62032134	0.07233894	0.03559646	0.27174326
0.07197042	0.05458928	0.07323701	0.80020329
0.03665141	0.03665013	0.01822086	0.90847761
0.10938213	0.36301929	0.43598632	0.09161226
0.1648651	0.25366747	0.03662091	0.54484653
0.0183262	0.92851359	0.034834	0.0183262
0.81798134	0.03664302	0.03665141	0.10872424
0.09142322	0.58106605	0.19927545	0.12823528
0.0183262	0.710738	0.05456556	0.21637023
0.05497661	0.12632786	0.0183262	0.80036933
0.27425244	0.23513905	0.21780872	0.27279978
0.19858771	0.21989391	0.2535203	0.32799808
0.28968201	0.23688254	0.14449801	0.32893743
0.10861273	0.25533844	0.29038598	0.34566285
0.26625578	0.19876733	0.22742681	0.30755008
