#M01128	SED
#p.cut	M01128	UwDnaseHpaec	0.01	0.05	0.1	0.25	0.5	0.75	0.9	0.95	0.99	
#p.Tcut2	M01128	UwDnaseHpaec	15.06	16.71	17.46	18.56	19.66	20.75	21.85	22.6	24.25	
#p.Tcut2b	M01128	UwDnaseHpaec	11.68	13.33	14.07	15.17	16.27	17.37	18.47	19.22	20.87	
A	C	G	T
0.24331754	0.24691943	0.17251185	0.33725118
0.58408988	0.00481924	0.40627164	0.00481923
1e-06	0.02822356	0.01912545	0.95264999
0.94765995	0.0094769	0.03804391	0.00481924
0.01883714	0.92874991	0.00481924	0.04759371
0.01420647	0.95688252	0.00481924	0.02409176
0.00946983	0.95725708	0.01410582	0.01916727
1e-06	0.00928734	1e-06	0.99071066
0.00481924	0.01895927	0.00474004	0.97148145
0.00457737	0.01922042	1e-06	0.97620121
0.01884002	0.01876049	0.0093863	0.95301318
0.24331754	0.24691943	0.17251185	0.33725118
