#M01135	GAMYB
#p.cut	M01135	EpiUwRmapDNaseMobilized.CD3.Primary.Cells.SRX089240	0.01	0.05	0.1	0.25	0.5	0.75	0.9	0.95	0.99	
#p.Tcut2	M01135	EpiUwRmapDNaseMobilized.CD3.Primary.Cells.SRX089240	15.83	17.48	18.23	19.33	20.42	21.52	22.62	23.37	25.02	
#p.Tcut2b	M01135	EpiUwRmapDNaseMobilized.CD3.Primary.Cells.SRX089240	13.03	14.68	15.43	16.53	17.63	18.72	19.82	20.57	22.22	
A	C	G	T
0.33555878	0.24223512	0.18374456	0.23846154
0.03821672	0.18455926	1e-06	0.77722302
1e-06	0.03139758	0.11444952	0.85415191
0.0075678	0.57761309	0.29273766	0.12208145
0.02296854	0.83814848	1e-06	0.13888198
0.90762131	1e-06	0.0846879	0.00768979
0.6535244	0.00784455	0.33078031	0.00785073
0.00785073	0.78370861	0.02310824	0.18533242
0.99214727	1e-06	0.00785073	1e-06
0.9687299	0.00775267	0.02351643	1e-06
0.01551609	0.96946268	0.01502023	1e-06
0.93101394	0.06113433	0.00785073	1e-06
0.48393463	0.13931759	0.37674678	1e-06
0.87642202	0.06960304	0.03108932	0.02288563
0.33555878	0.24223512	0.18374456	0.23846154
