#M01189	CBNAC
#p.cut	M01189	UwDnaseTh1	0.01	0.05	0.1	0.25	0.5	0.75	0.9	0.95	0.99	
#p.Tcut2	M01189	UwDnaseTh1	17.61	19.26	20	21.1	22.2	23.3	24.4	25.14	26.8	
#p.Tcut2b	M01189	UwDnaseTh1	12.9	14.55	15.3	16.4	17.5	18.6	19.69	20.44	22.09	
A	C	G	T
0.28921079	0.16808192	0.1953047	0.3474026
0.01387643	0.03460539	0.0566062	0.89491198
0.04540192	0.01386815	0.01087778	0.92985215
0.01715119	1e-06	0.96575923	0.01708858
0.0036262	0.9754509	0.00362806	0.01729484
0.01025884	0.02759446	0.00341485	0.95873185
0.00694856	1e-06	0.00725508	0.98579536
0.78203877	0.0874818	0.05254111	0.07793833
0.38701379	0.13607109	0.24029915	0.23661597
0.19811882	0.23290919	0.07356935	0.49540264
0.34552517	0.05373963	0.0982539	0.5024813
0.35022635	0.02368979	0.42428274	0.20180113
0.21846069	0.28602525	0.11641854	0.37909552
0.01702579	0.06582394	0.2285138	0.68863647
0.85717736	0.0068415	0.07043044	0.0655507
0.92660145	0.01394252	0.0314149	0.02804113
0.03853245	0.0177227	0.84315406	0.10059079
0.28921079	0.16808192	0.1953047	0.3474026
