#M01187	STF1
#p.cut	M01187	EpiUwRmapDNaseFetal.Kidney.SRX201829	0.01	0.05	0.1	0.25	0.5	0.75	0.9	0.95	0.99	
#p.Tcut2	M01187	EpiUwRmapDNaseFetal.Kidney.SRX201829	8.03	9.68	10.43	11.52	12.62	13.72	14.82	15.57	17.22	
#p.Tcut2b	M01187	EpiUwRmapDNaseFetal.Kidney.SRX201829	9.61	11.26	12	13.1	14.2	15.3	16.4	17.15	18.8	
A	C	G	T
0.21069804	0.2806753	0.31295729	0.19566937
0.36996044	0.00642566	0.5914497	0.0321642
0.46397324	0.00259655	0.53342921	1e-06
0.00117014	0.00382308	0.00129877	0.993708
0.00384995	1e-06	0.99614805	1e-06
0.99232615	1e-06	0.0051921	0.00248075
1e-06	0.98232456	1e-06	0.01767344
0.01522965	0.00128882	0.98348053	1e-06
0.00129877	0.01282924	0.00251644	0.98335555
0.07230643	0.78290276	0.13093964	0.01385118
0.83594145	0.00907358	0.10270276	0.05228222
0.0691054	0.41251261	0.3480205	0.1703615
0.15830893	0.55035993	0.2848632	0.00646794
0.21069804	0.2806753	0.31295729	0.19566937
