#M01124	Oct-4 (POU5F1)
#p.cut	M01124	EpiUwRmapDNaseH1.Cell.Line.SRX121247	0.01	0.05	0.1	0.25	0.5	0.75	0.9	0.95	0.99	
#p.Tcut2	M01124	EpiUwRmapDNaseH1.Cell.Line.SRX121247	15.44	17.09	17.84	18.94	20.04	21.14	22.23	22.98	24.63	
#p.Tcut2b	M01124	EpiUwRmapDNaseH1.Cell.Line.SRX121247	12.31	13.96	14.71	15.81	16.91	18.01	19.1	19.85	21.5	
A	C	G	T
0.27191426	0.20801922	0.21407982	0.3059867
0.21873156	0.36210231	0.12188915	0.29727699
0.64359933	0.00205849	0.00805273	0.34628945
0.0020585	0.00794524	0.00411599	0.98588026
1e-06	1e-06	1e-06	0.999997
0.01191229	0.26868808	0.71528382	0.00411581
0.25381077	0.0060009	0.00205828	0.73813005
0.0182833	0.45103489	0.28941029	0.24127153
0.77497229	0.00411044	0.00393289	0.21698438
1e-06	0.00411599	1e-06	0.99588201
1e-06	1e-06	0.94902449	0.05097351
0.04051056	0.92311154	0.01028825	0.02608965
0.61642212	0.00404082	0.00198714	0.37754992
0.87606662	1e-06	0.12393138	1e-06
0.98986607	0.0020585	0.00807444	1e-06
0.16898971	0.01197418	0.01211871	0.8069174
0.15615952	0.16866754	0.47617098	0.19900196
0.27191426	0.20801922	0.21407982	0.3059867
