#M01186	STF1
#p.cut	M01186	EpiUwRmapDNaseFetal.Kidney.SRX201829	0.01	0.05	0.1	0.25	0.5	0.75	0.9	0.95	0.99	
#p.Tcut2	M01186	EpiUwRmapDNaseFetal.Kidney.SRX201829	7.84	9.49	10.24	11.34	12.44	13.54	14.63	15.38	17.03	
#p.Tcut2b	M01186	EpiUwRmapDNaseFetal.Kidney.SRX201829	9.26	10.91	11.66	12.76	13.86	14.95	16.05	16.8	18.45	
A	C	G	T
0.20482491	0.28145288	0.31915208	0.19457014
0.21060184	0.08054926	0.6985205	0.0103284
0.4735356	0.02565075	0.50081265	1e-06
1e-06	0.00633577	0.00129208	0.99237115
0.00253683	0.00254726	0.99491491	1e-06
0.99354862	0.00386591	0.00129274	0.00129274
0.00121511	0.97988876	1e-06	0.01889512
0.01757583	0.00127643	0.98114674	1e-06
1e-06	0.01510567	1e-06	0.98489233
0.13070063	0.71497722	0.14666834	0.00765381
0.77522596	0.01147803	0.15841212	0.05488389
0.06630854	0.36004103	0.41403036	0.15962008
0.17353883	0.60482498	0.21389922	0.00773697
0.20482491	0.28145288	0.31915208	0.19457014
