#M01194	PDF2
#p.cut	M01194	UwDnaseTh1wb54553204	0.01	0.05	0.1	0.25	0.5	0.75	0.9	0.95	0.99	
#p.Tcut2	M01194	UwDnaseTh1wb54553204	16.92	18.57	19.31	20.41	21.51	22.61	23.71	24.46	26.11	
#p.Tcut2b	M01194	UwDnaseTh1wb54553204	13.95	15.6	16.35	17.45	18.54	19.64	20.74	21.49	23.14	
A	C	G	T
0.32585499	0.19471044	0.19835841	0.28107615
0.01877672	0.26535393	0.70205117	0.01381817
0.00440543	0.79060758	0.17238472	0.03260227
0.70767359	0.25056231	0.02763321	0.01413089
0.74994734	1e-06	0.00940564	0.24064602
0.00472038	0.01371832	0.00440543	0.97715587
0.98585181	0.00472038	0.00470763	0.00472018
0.98596208	0.00472038	0.00931654	1e-06
0.9813196	1e-06	0.00923964	0.00943976
1e-06	0.01359916	1e-06	0.98639884
0.05025393	1e-06	0.94509585	0.00464921
1e-06	0.96707236	0.00472038	0.02820626
0.32949648	0.26887398	0.03724002	0.36438952
0.32585499	0.19471044	0.19835841	0.28107615
