#M01173	SREBP1
#p.cut	M01173	EpiUwRmapDNaseCD3.Primary.Cells.SRX204362	0.01	0.05	0.1	0.25	0.5	0.75	0.9	0.95	0.99	
#p.Tcut2	M01173	EpiUwRmapDNaseCD3.Primary.Cells.SRX204362	17.62	19.27	20.02	21.12	22.21	23.31	24.41	25.16	26.81	
#p.Tcut2b	M01173	EpiUwRmapDNaseCD3.Primary.Cells.SRX204362	13.12	14.77	15.51	16.61	17.71	18.81	19.91	20.66	22.31	
A	C	G	T
0.19056387	0.40627158	0.22094361	0.18222094
0.02547445	0.7063392	0.1837664	0.08441995
0.01263582	0.72426734	0.19369004	0.0694068
0.16651555	0.44934918	0.2676824	0.11645287
0.1041241	0.75856107	0.11487642	0.02243842
0.01580983	0.20587009	0.00323369	0.77508639
0.00313921	0.98403531	0.00323305	0.00959243
0.97767942	0.00323369	0.0158532	0.00323369
0.00321009	0.96492601	0.00941177	0.02245214
0.02513243	0.86712824	0.01913077	0.08860856
0.00323369	0.9521857	0.0095125	0.0350681
0.00321897	0.97451198	0.00645919	0.01580985
0.91147457	0.02860364	0.04749919	0.01242259
0.01575652	0.39225802	0.47250504	0.11948042
0.09152055	0.34833429	0.51937158	0.04077357
0.19056387	0.40627158	0.22094361	0.18222094
