#M01198	RXR:LXR-beta
#p.cut	M01198	OpenChromDnaseUrotsa	0.01	0.05	0.1	0.25	0.5	0.75	0.9	0.95	0.99	
#p.Tcut2	M01198	OpenChromDnaseUrotsa	14.32	15.97	16.72	17.81	18.91	20.01	21.11	21.86	23.51	
#p.Tcut2b	M01198	OpenChromDnaseUrotsa	14	15.65	16.4	17.49	18.59	19.69	20.79	21.54	23.19	
A	C	G	T
0.26529215	0.23067559	0.30363664	0.20039562
0.56507454	1e-06	0.43082216	0.0041023
0.03632799	0.00393792	0.95189669	0.0078374
0.0363655	0.02390105	0.93157908	0.00815437
0.05989836	0.04061611	0.03265417	0.86683135
0.01653483	0.91114768	0.03575722	0.03656027
0.90711085	0.04422765	0.02470433	0.02395717
0.74214577	0.05665792	0.14933329	0.05186303
0.92339287	0.00399342	0.06084026	0.01177345
0.01990812	0.00819431	0.92717055	0.04472702
0.01190277	0.01204937	0.93937974	0.03666812
0.0360502	0.05601979	0.03962494	0.86830507
0.03620781	0.90294974	0.04076741	0.02007504
0.94394435	0.02432114	0.01978327	0.01195124
0.26529215	0.23067559	0.30363664	0.20039562
