#M01105	ZBRK1
#p.cut	M01105	EpiUwRmapDNaseCD4.Primary.Cells.SRX204404	0.01	0.05	0.1	0.25	0.5	0.75	0.9	0.95	0.99	
#p.Tcut2	M01105	EpiUwRmapDNaseCD4.Primary.Cells.SRX204404	13.53	15.19	15.93	17.03	18.13	19.23	20.33	21.07	22.72	
#p.Tcut2b	M01105	EpiUwRmapDNaseCD4.Primary.Cells.SRX204404	13.75	15.4	16.14	17.24	18.34	19.44	20.54	21.29	22.94	
A	C	G	T
0.20490296	0.25219612	0.31562819	0.22727273
0.26436283	0.14098454	0.24862957	0.34602306
0.03295737	0.02258225	0.92199034	0.02247004
0.02830253	0.0114639	0.94926005	0.01097352
0.01659838	0.09650359	0.87597878	0.01091925
0.23595997	0.41073197	0.34183548	0.01147259
0.37280903	0.37900962	0.19708177	0.05109958
0.2469631	0.06255875	0.66296365	0.0275145
0.01128965	0.9324524	0.01705408	0.03920386
0.97155808	1e-06	0.02270413	0.00573679
0.01120094	1e-06	0.98879706	1e-06
0.1108533	0.39465362	0.25841745	0.23607564
0.16054478	0.43474047	0.10123652	0.30347822
0.22378342	0.59179264	0.11225409	0.07216985
0.03871659	0.05680721	0.00543276	0.89904344
1e-06	0.04529945	0.02748575	0.9272138
0.02164915	0.04545225	0.19242038	0.74047823
0.20490296	0.25219612	0.31562819	0.22727273
