#M01112	RBP-Jkappa
#p.cut	M01112	EpiUwRmapDNaseMobilized.CD3.Primary.Cells.SRX089240	0.01	0.05	0.1	0.25	0.5	0.75	0.9	0.95	0.99	
#p.Tcut2	M01112	EpiUwRmapDNaseMobilized.CD3.Primary.Cells.SRX089240	11.75	13.4	14.14	15.24	16.34	17.44	18.54	19.29	20.94	
#p.Tcut2b	M01112	EpiUwRmapDNaseMobilized.CD3.Primary.Cells.SRX089240	11.61	13.26	14	15.1	16.2	17.3	18.4	19.15	20.8	
A	C	G	T
0.26117004	0.2343298	0.29829637	0.20620379
0.52768155	0.14824822	0.10299099	0.22107924
0.08136191	0.54424208	0.31260119	0.06179483
0.01657451	0.74676736	0.01644214	0.22021599
0.06434378	0.01243814	0.9190711	0.00414698
0.00414698	0.03697582	0.00383892	0.95503829
0.02021538	0.00410187	0.97568176	1e-06
0.00824735	1e-06	0.98789919	0.00385246
0.01203268	0.00822437	0.96730588	0.01243707
0.992106	1e-06	0.007892	1e-06
0.97543545	0.00414698	0.02041657	1e-06
0.66314621	0.2548821	0.02468529	0.05728639
0.26117004	0.2343298	0.29829637	0.20620379
