#M01192	HDG9
#p.cut	M01192	EpiUwRmapDNaseH1.Derived.Neuronal.Progenitor.Cultured.Cells.SRX134721	0.01	0.05	0.1	0.25	0.5	0.75	0.9	0.95	0.99	
#p.Tcut2	M01192	EpiUwRmapDNaseH1.Derived.Neuronal.Progenitor.Cultured.Cells.SRX134721	15.23	16.89	17.63	18.73	19.83	20.93	22.03	22.77	24.42	
#p.Tcut2b	M01192	EpiUwRmapDNaseH1.Derived.Neuronal.Progenitor.Cultured.Cells.SRX134721	11.84	13.49	14.24	15.34	16.44	17.54	18.64	19.38	21.03	
A	C	G	T
0.32757453	0.19726739	0.20957543	0.26558266
0.32262403	0.14720963	0.50633793	0.02382841
0.28039416	0.44505691	0.07395678	0.20059215
0.94435533	0.04323177	0.0124119	1e-06
0.25707859	0.02958321	0.01207763	0.70126057
0.00622517	0.01855314	0.00622535	0.96899634
0.90357929	0.01727896	1e-06	0.07914075
0.99377287	1e-06	1e-06	0.00622513
0.98813859	1e-06	0.01185941	1e-06
0.00618755	0.03597471	1e-06	0.95783674
0.08522426	0.00622174	0.81179839	0.0967556
0.01830103	0.73722626	0.18334719	0.06112552
0.23025902	0.25473655	0.36856925	0.14643517
0.00622535	0.89093464	0.08484405	0.01799596
0.84023223	0.03104983	0.01867314	0.1100448
0.32757453	0.19726739	0.20957543	0.26558266
