#M01172	PU.1
#p.cut	M01172	EpiUwRmapDNaseCD34.Primary.Cells.SRX026920	0.01	0.05	0.1	0.25	0.5	0.75	0.9	0.95	0.99	
#p.Tcut2	M01172	EpiUwRmapDNaseCD34.Primary.Cells.SRX026920	17.14	18.79	19.53	20.63	21.73	22.83	23.93	24.67	26.33	
#p.Tcut2b	M01172	EpiUwRmapDNaseCD34.Primary.Cells.SRX026920	10.58	12.23	12.98	14.07	15.17	16.27	17.37	18.12	19.77	
A	C	G	T
0.21300448	0.28764156	0.14272504	0.35662892
0.12152524	0.53496722	0.08117565	0.26233189
0.19583584	0.29068544	0.0470149	0.46646381
0.0457364	0.25566176	0.04858191	0.65001993
0.01648075	0.4012531	0.03538149	0.54688467
0.06017088	0.51045899	0.04712735	0.38224278
0.8405987	0.02688458	0.06290048	0.06961624
0.00073318	0.8863747	0.05019092	0.0627012
0.00069792	0.00075894	1e-06	0.99854215
1e-06	0.00143953	1e-06	0.99855847
1e-06	0.99546452	1e-06	0.00453348
1e-06	0.9845788	1e-06	0.0154192
1e-06	0.15935493	0.0022727	0.83837137
0.00074932	0.94178765	0.03282385	0.02463918
0.18616549	0.06151573	0.00151691	0.75080188
0.01106715	0.01342564	1e-06	0.97550621
0.01454367	0.0804531	0.00447969	0.90052354
0.01476442	0.2951919	0.01243945	0.67760422
0.21300448	0.28764156	0.14272504	0.35662892
