#M01142	LRH1
#p.cut	M01142	EpiUwRmapDNaseFetal.Adrenal.Gland.SRX201798	0.01	0.05	0.1	0.25	0.5	0.75	0.9	0.95	0.99	
#p.Tcut2	M01142	EpiUwRmapDNaseFetal.Adrenal.Gland.SRX201798	15.63	17.28	18.02	19.12	20.22	21.32	22.42	23.17	24.82	
#p.Tcut2b	M01142	EpiUwRmapDNaseFetal.Adrenal.Gland.SRX201798	15.27	16.92	17.66	18.76	19.86	20.96	22.06	22.81	24.46	
A	C	G	T
0.22684141	0.26371821	0.22867893	0.28076145
0.18862099	0.25882758	0.4016198	0.15093164
0.00554782	0.04152887	0.02233886	0.93058445
0.01256248	0.00203717	0.98489014	0.00051021
0.63197321	0.00304768	0.36193609	0.00304302
0.00353021	0.99241919	0.00051176	0.00353884
0.00100921	0.99547177	0.00046588	0.00305315
0.00100159	0.00962015	0.00051177	0.98886648
0.00153332	0.00710047	0.00101862	0.99034759
0.00253564	0.00508458	0.99037396	0.00200582
0.4059682	0.05232392	0.53865646	0.00305142
0.93717117	0.00708422	0.05219692	0.0035477
0.00758077	0.95817946	0.00903682	0.02520295
0.50799809	0.15665656	0.06836829	0.26697705
0.39863004	0.17883969	0.19231944	0.23021083
0.24588619	0.18063324	0.38076988	0.19271069
0.22684141	0.26371821	0.22867893	0.28076145
