#M01103	TWI
#p.cut	M01103	EpiUwRmapDNaseCD3.Primary.Cells.SRX204362	0.01	0.05	0.1	0.25	0.5	0.75	0.9	0.95	0.99	
#p.Tcut2	M01103	EpiUwRmapDNaseCD3.Primary.Cells.SRX204362	16.9	18.55	19.3	20.4	21.49	22.59	23.69	24.44	26.09	
#p.Tcut2b	M01103	EpiUwRmapDNaseCD3.Primary.Cells.SRX204362	15	16.65	17.4	18.49	19.59	20.69	21.79	22.54	24.19	
A	C	G	T
0.23265807	0.21598117	0.22263147	0.32872928
0.01119613	0.95014645	1e-06	0.03865642
0.9391304	0.01710665	0.03254089	0.01122206
0.02244578	0.0388243	0.12239078	0.81633913
0.21483566	0.03889466	0.7348735	0.01139618
1e-06	0.01664191	1e-06	0.98335609
0.04423245	0.00561566	0.95015088	1e-06
0.01130513	0.00569667	0.01127076	0.97172744
0.01655865	1e-06	0.30522176	0.67821859
0.19225492	0.22000898	0.36115763	0.22657846
0.21692269	0.04484899	1e-06	0.73822732
0.01691788	0.01090574	0.76939258	0.20278381
0.00542685	0.87719854	0.01140446	0.10597015
0.43593634	0.42518832	0.03292681	0.10594853
0.0274633	0.38125756	0.07803893	0.51324021
0.23265807	0.21598117	0.22263147	0.32872928
