#M01147	DMRT2
#p.cut	M01147	UwDnaseCaco2	0.01	0.05	0.1	0.25	0.5	0.75	0.9	0.95	0.99	
#p.Tcut2	M01147	UwDnaseCaco2	17.26	18.91	19.66	20.76	21.85	22.95	24.05	24.8	26.45	
#p.Tcut2b	M01147	UwDnaseCaco2	10.46	12.11	12.85	13.95	15.05	16.15	17.25	18	19.65	
A	C	G	T
0.31827731	0.16386555	0.17478992	0.34306723
0.05904968	0.41290867	0.18765593	0.34038572
0.83642533	0.01203375	0.1052328	0.04630811
0.55957337	1e-06	0.04786017	0.39256547
0.74095904	1e-06	0.01203375	0.2470062
0.33238796	1e-06	0.10402551	0.56358553
0.04806005	0.03511847	0.09567991	0.82114157
0.04650639	1e-06	0.95349161	1e-06
0.56322708	0.10558396	0.01152337	0.31966559
0.0350748	0.02381593	0.01139458	0.92971469
0.92908876	0.02384101	0.01203375	0.03503648
0.01203366	0.96520223	1e-06	0.02276312
0.95354935	0.01119718	0.03525247	1e-06
0.23646769	0.03609926	0.03422174	0.69321131
1e-06	0.01182613	1e-06	0.98817187
1e-06	0.05962291	0.49543457	0.44494152
0.26028475	1e-06	0.01134512	0.72836912
0.31827731	0.16386555	0.17478992	0.34306723
