#M01169	Ikaros
#p.cut	M01169	UwDnaseCaco2	0.01	0.05	0.1	0.25	0.5	0.75	0.9	0.95	0.99	
#p.Tcut2	M01169	UwDnaseCaco2	12.7	14.36	15.1	16.2	17.3	18.4	19.5	20.24	21.9	
#p.Tcut2b	M01169	UwDnaseCaco2	11.46	13.11	13.86	14.95	16.05	17.15	18.25	19	20.65	
A	C	G	T
0.1889426	0.2021148	0.40670695	0.20223565
0.0209733	0.02749676	0.56995082	0.38157912
0.00309014	0.04855801	0.0426578	0.90569405
0.00279847	0.03364026	0.03591603	0.92764524
0.02087349	0.00309014	0.97011021	0.00592616
0.00886499	1e-06	0.99113301	1e-06
0.00878504	0.00581336	0.98242713	0.00297447
0.97880393	0.0061762	0.01501887	1e-06
0.01845425	0.00309014	0.96618809	0.01226751
0.01509432	0.0123535	0.96081443	0.01173775
0.0146387	0.00888615	0.96439864	0.01207651
0.1889426	0.2021148	0.40670695	0.20223565
