#M01145	c-Myc
#p.cut	M01145	EpiUwRmapDNaseMobilized.CD3.Primary.Cells.SRX089240	0.01	0.05	0.1	0.25	0.5	0.75	0.9	0.95	0.99	
#p.Tcut2	M01145	EpiUwRmapDNaseMobilized.CD3.Primary.Cells.SRX089240	11.54	13.2	13.94	15.04	16.14	17.24	18.34	19.08	20.74	
#p.Tcut2b	M01145	EpiUwRmapDNaseMobilized.CD3.Primary.Cells.SRX089240	11.5	13.15	13.89	14.99	16.09	17.19	18.29	19.03	20.69	
A	C	G	T
0.2369727	0.2842225	0.25620347	0.22260132
0.47318116	0.09657943	0.22564569	0.20459372
0.72493314	0.00530652	0.14649269	0.12326765
0.09578434	0.75901249	0.14520216	1e-06
1e-06	0.98929612	0.00525548	0.00544741
0.98365832	1e-06	0.01633968	1e-06
0.01567376	0.90841868	0.00544741	0.07046015
0.04237545	1e-06	0.9416877	0.01593585
0.0154485	0.0163397	0.01613862	0.95207318
0.02088626	0.00503338	0.96863296	0.00544741
0.00543393	0.613722	0.31084852	0.06999554
0.09713374	0.1510876	0.00544741	0.74633125
0.11825563	0.76861222	0.05408561	0.05904654
0.2369727	0.2842225	0.25620347	0.22260132
