#M01139	LMAF
#p.cut	M01139	UwDnaseHmvecdad	0.01	0.05	0.1	0.25	0.5	0.75	0.9	0.95	0.99	
#p.Tcut2	M01139	UwDnaseHmvecdad	13.59	15.24	15.98	17.08	18.18	19.28	20.38	21.13	22.78	
#p.Tcut2b	M01139	UwDnaseHmvecdad	13.19	14.84	15.59	16.68	17.78	18.88	19.98	20.73	22.38	
A	C	G	T
0.22679936	0.25997313	0.31930797	0.19391954
0.33504851	0.12205161	0.26086185	0.28203803
0.01448664	0.00621074	0.9690559	0.01024672
0.01453125	0.0183376	0.96713016	1e-06
1e-06	0.01857125	1e-06	0.98142675
1e-06	0.98985854	0.00202652	0.00811394
0.97757865	1e-06	0.02241935	1e-06
0.00208738	0.00825049	0.98966113	1e-06
0.00417296	0.97946787	0.0082247	0.00813448
0.96914802	0.00417214	0.01630552	0.01037431
0.00624776	1e-06	0.99375024	1e-06
0.22679936	0.25997313	0.31930797	0.19391954
