#M01125	Oct-4 (POU5F1)
#p.cut	M01125	EpiUwRmapDNaseH1.Derived.Neuronal.Progenitor.Cultured.Cells.SRX134721	0.01	0.05	0.1	0.25	0.5	0.75	0.9	0.95	0.99	
#p.Tcut2	M01125	EpiUwRmapDNaseH1.Derived.Neuronal.Progenitor.Cultured.Cells.SRX134721	17.35	19	19.75	20.85	21.95	23.05	24.14	24.89	26.54	
#p.Tcut2b	M01125	EpiUwRmapDNaseH1.Derived.Neuronal.Progenitor.Cultured.Cells.SRX134721	12.69	14.34	15.09	16.19	17.29	18.39	19.49	20.23	21.88	
A	C	G	T
0.29305106	0.19676214	0.19755915	0.31262765
0.1717289	0.33303797	0.17532913	0.319904
0.09549153	0.47220104	0.00798793	0.4243195
0.52533404	0.00278527	0.00556605	0.46631465
1e-06	0.00812216	0.00278527	0.98909157
0.00556017	0.00261149	1e-06	0.99182734
0.06192866	0.28535467	0.58968783	0.06302884
0.29813625	0.00553708	0.01078402	0.68554265
0.32283528	0.24144942	0.05465069	0.38106461
0.99171843	0.00278515	0.00549543	1e-06
1e-06	0.00556068	1e-06	0.99443732
1e-06	0.00277855	0.9808569	0.01636355
0.0053498	0.81076288	0.02203138	0.16185594
0.91196842	1e-06	0.00253961	0.08549097
0.92053539	1e-06	0.07689298	0.00257063
0.99742737	1e-06	1e-06	0.00257063
0.06259521	0.06324976	0.01390645	0.86024858
0.29305106	0.19676214	0.19755915	0.31262765
