#M01148	DMRT3
#p.cut	M01148	EpiUwRmapDNaseCD4.Primary.Cells.SRX204404	0.01	0.05	0.1	0.25	0.5	0.75	0.9	0.95	0.99	
#p.Tcut2	M01148	EpiUwRmapDNaseCD4.Primary.Cells.SRX204404	18.61	20.26	21.01	22.11	23.21	24.31	25.4	26.15	27.8	
#p.Tcut2b	M01148	EpiUwRmapDNaseCD4.Primary.Cells.SRX204404	10.93	12.58	13.32	14.42	15.52	16.62	17.72	18.47	20.12	
A	C	G	T
0.29549407	0.16537549	0.16521739	0.37391304
0.52324842	0.11186938	0.16647417	0.19840803
0.57035907	1e-06	0.07044243	0.3591975
0.35845674	0.0087683	0.03464877	0.59812619
1e-06	0.0257237	0.00884639	0.96542891
0.0086635	0.02606367	0.0440237	0.92124912
0.01686114	1e-06	0.98313686	1e-06
0.4523876	0.00884566	1e-06	0.53876574
1e-06	0.0172275	1e-06	0.9827705
0.98245385	1e-06	0.01754415	1e-06
0.00884639	0.9562436	1e-06	0.03490901
0.94743422	0.00833711	0.03538256	0.00884611
0.20771777	0.00877073	0.01722722	0.76628428
0.04306209	0.00884639	1e-06	0.94809052
0.07879614	0.04349229	0.21757416	0.66013741
0.0954228	0.1296302	0.02647825	0.74846875
0.29549407	0.16537549	0.16521739	0.37391304
