#M01154	c-Myc
#p.cut	M01154	OpenChromDnaseGm19239	0.01	0.05	0.1	0.25	0.5	0.75	0.9	0.95	0.99	
#p.Tcut2	M01154	OpenChromDnaseGm19239	11.31	12.96	13.71	14.81	15.91	17.01	18.11	18.85	20.5	
#p.Tcut2b	M01154	OpenChromDnaseGm19239	11.67	13.32	14.07	15.17	16.27	17.36	18.46	19.21	20.86	
A	C	G	T
0.18650587	0.3267927	0.29517601	0.19152542
0.12907558	1e-06	0.64544383	0.22547959
0.54521242	0.05492006	0.39986652	1e-06
1e-06	0.90919241	0.09080559	1e-06
1e-06	0.9899959	0.00653771	0.00346539
0.9727871	1e-06	0.02374651	0.00346539
0.00977305	0.91649327	0.01346403	0.06026965
0.06323972	0.00647738	0.92337413	0.00690877
1e-06	0.00674614	1e-06	0.99325186
0.01037316	0.00344296	0.98276246	0.00342141
0.01366864	0.38478536	0.55762417	0.04392182
0.00652192	0.5732031	0.00651761	0.41375737
1e-06	0.50778309	0.14585643	0.34635947
0.18650587	0.3267927	0.29517601	0.19152542
