#M01114	E2F
#p.cut	M01114	EpiUwRmapDNaseMobilized.CD3.Primary.Cells.SRX089240	0.01	0.05	0.1	0.25	0.5	0.75	0.9	0.95	0.99	
#p.Tcut2	M01114	EpiUwRmapDNaseMobilized.CD3.Primary.Cells.SRX089240	10.21	11.86	12.6	13.7	14.8	15.9	17	17.75	19.4	
#p.Tcut2b	M01114	EpiUwRmapDNaseMobilized.CD3.Primary.Cells.SRX089240	9.1	10.75	11.49	12.59	13.69	14.79	15.89	16.64	18.29	
A	C	G	T
0.14300203	0.35887612	0.24660056	0.2515213
0.15295011	0.3585543	0.01734689	0.4711487
0.04617295	0.33146789	0.17771533	0.44464383
0.00192078	0.04623909	0.00567679	0.94616334
0.00192836	0.02496729	0.00962318	0.96348117
1e-06	0.0268327	0.00770278	0.96546352
1e-06	0.90056829	0.07088165	0.02854905
0.00192836	0.88674076	0.09209496	0.01923592
0.01156518	0.93111355	0.00762432	0.04969694
0.03999807	0.02283845	0.92566541	0.01149807
0.00578309	0.78154732	0.20303481	0.00963478
0.01328011	0.7395039	0.16115033	0.08606566
0.14300203	0.35887612	0.24660056	0.2515213
