#M01119	KAISO
#p.cut	M01119	UwDnaseTh1	0.01	0.05	0.1	0.25	0.5	0.75	0.9	0.95	0.99	
#p.Tcut2	M01119	UwDnaseTh1	17.11	18.76	19.51	20.61	21.71	22.8	23.9	24.65	26.3	
#p.Tcut2b	M01119	UwDnaseTh1	15	16.65	17.39	18.49	19.59	20.69	21.79	22.53	24.19	
A	C	G	T
0.25394495	0.24244648	0.18813456	0.31547401
0.01197652	0.030596	0.01254379	0.94488368
0.0029589	0.02410798	0.00630232	0.9666308
0.0057205	0.95428765	0.01546273	0.02452912
0.01191905	0.97594049	1e-06	0.01213946
0.00315166	0.00916125	0.00315166	0.98453543
0.0085582	0.00310769	0.98833311	1e-06
0.00916138	0.966302	0.00315166	0.02138496
0.0094479	0.018303	0.00601072	0.96623838
0.95711937	0.00933042	0.03039855	0.00315166
0.95949182	0.00945297	0.02486961	0.0061856
0.25394495	0.24244648	0.18813456	0.31547401
