#M01163	Elk-1
#p.cut	M01163	OpenChromDnaseLncapAndro	0.01	0.05	0.1	0.25	0.5	0.75	0.9	0.95	0.99	
#p.Tcut2	M01163	OpenChromDnaseLncapAndro	9.69	11.34	12.09	13.19	14.29	15.39	16.49	17.23	18.88	
#p.Tcut2b	M01163	OpenChromDnaseLncapAndro	10.42	12.07	12.82	13.92	15.02	16.12	17.22	17.96	19.61	
A	C	G	T
0.26203783	0.24849231	0.3107259	0.17874396
0.84790175	0.0437245	0.07919456	0.02917919
0.80905784	0.0987213	0.07456672	0.01765415
0.017855	0.89945525	0.06817604	0.0145137
0.24215037	0.67066028	0.02248767	0.06470168
0.03975429	0.00651915	0.93011761	0.02360895
0.00962818	0.00789655	0.97481941	0.00765586
0.98275139	0.00799196	0.00456453	0.00469212
0.97466104	0.00326586	0.00947716	0.01259594
0.02568867	0.02251899	0.9455222	0.00627014
0.02558878	0.0486233	0.03055158	0.89523634
0.27775491	0.03090704	0.67021841	0.02111964
0.26203783	0.24849231	0.3107259	0.17874396
