#M01138	RORalpha
#p.cut	M01138	EpiUwRmapDNaseFetal.Brain.SRX027086	0.01	0.05	0.1	0.25	0.5	0.75	0.9	0.95	0.99	
#p.Tcut2	M01138	EpiUwRmapDNaseFetal.Brain.SRX027086	15.21	16.86	17.61	18.7	19.8	20.9	22	22.75	24.4	
#p.Tcut2b	M01138	EpiUwRmapDNaseFetal.Brain.SRX027086	12.89	14.54	15.29	16.39	17.49	18.58	19.68	20.43	22.08	
A	C	G	T
0.3004793	0.18797386	0.22156863	0.28997821
0.00226397	0.02024986	0.01549986	0.9619863
0.97329941	0.0021352	0.01798654	0.00657885
0.99095866	0.00226397	0.00452718	0.00225019
0.25704585	0.22165191	0.26531354	0.2559887
0.00226397	0.01308041	1e-06	0.98465461
0.5653239	0.00226736	0.43240775	1e-06
0.00445537	0.00437994	0.9756572	0.01550748
0.01512155	0.00226736	0.98034448	0.00226661
0.00226735	0.01340502	1e-06	0.98432663
0.00660771	0.98238491	0.00435663	0.00665074
0.98678047	1e-06	0.01116549	0.00205304
0.3004793	0.18797386	0.22156863	0.28997821
