#M01122	ZNF219
#p.cut	M01122	EpiUwRmapDNaseMobilized.CD3.Primary.Cells.SRX089240	0.01	0.05	0.1	0.25	0.5	0.75	0.9	0.95	0.99	
#p.Tcut2	M01122	EpiUwRmapDNaseMobilized.CD3.Primary.Cells.SRX089240	15.59	17.24	17.99	19.08	20.18	21.28	22.38	23.13	24.78	
#p.Tcut2b	M01122	EpiUwRmapDNaseMobilized.CD3.Primary.Cells.SRX089240	7.95	9.6	10.34	11.44	12.54	13.64	14.74	15.49	17.14	
A	C	G	T
0.15243314	0.48676592	0.1890681	0.17173284
0.01444677	0.93019956	0.01241932	0.04293436
0.35976481	0.00181081	0.39822359	0.2402008
0.01077527	0.95504153	0.01443415	0.01974905
0.007241	0.9713716	0.00706106	0.01432633
0.00358545	0.97675096	0.00711522	0.01254836
0.01229669	0.96984006	0.00535659	0.01250666
0.00724105	0.96279751	0.01613561	0.01382583
0.05506946	0.85001856	0.05020643	0.04470555
0.25205057	0.40499654	0.04858933	0.29436356
0.03228386	0.89046719	0.0503105	0.02693845
0.04501244	0.911823	0.01614597	0.02701859
0.04104861	0.89598182	0.02169857	0.041271
0.15243314	0.48676592	0.1890681	0.17173284
