#M01193	ML1
#p.cut	M01193	UwDnaseH1hesc	0.01	0.05	0.1	0.25	0.5	0.75	0.9	0.95	0.99	
#p.Tcut2	M01193	UwDnaseH1hesc	14.52	16.17	16.92	18.02	19.12	20.22	21.31	22.06	23.71	
#p.Tcut2b	M01193	UwDnaseH1hesc	11.63	13.28	14.03	15.12	16.22	17.32	18.42	19.17	20.82	
A	C	G	T
0.312026	0.22521668	0.19582882	0.26692849
0.22501397	0.10520673	0.66269169	0.00708761
0.00671251	0.95083369	1e-06	0.04245279
0.97269964	0.00671251	0.02058684	1e-06
0.28797867	1e-06	0.01427561	0.69774472
0.00717518	0.03528952	0.02098039	0.93655491
0.98577007	1e-06	0.01422793	1e-06
0.999997	1e-06	1e-06	1e-06
0.99328549	0.00671251	1e-06	1e-06
0.00710963	0.02771068	1e-06	0.96517869
0.01432315	0.01382945	0.75264619	0.21920121
1e-06	0.90142771	0.00710963	0.09146166
0.30700449	0.39818303	0.04154904	0.25326345
0.312026	0.22521668	0.19582882	0.26692849
