#M01146	DMRT1
#p.cut	M01146	EpiUwRmapDNaseFetal.Ovary.SRX201793	0.01	0.05	0.1	0.25	0.5	0.75	0.9	0.95	0.99	
#p.Tcut2	M01146	EpiUwRmapDNaseFetal.Ovary.SRX201793	15.35	17	17.75	18.85	19.95	21.05	22.14	22.89	24.54	
#p.Tcut2b	M01146	EpiUwRmapDNaseFetal.Ovary.SRX201793	11.42	13.07	13.82	14.91	16.01	17.11	18.21	18.96	20.61	
A	C	G	T
0.26864259	0.1962142	0.19980075	0.33534247
0.0738949	0.22996745	0.01635301	0.67978464
0.07373081	0.00253747	0.15681865	0.76691307
0.00827686	0.00554859	0.98085461	0.00531994
0.45924788	0.31600832	0.00536655	0.21937725
0.31400954	0.02188623	0.03576367	0.62834057
0.98086372	0.00279295	0.00837928	0.00796405
0.01087893	0.97527975	0.00280281	0.01103851
0.92267102	0.00537338	0.00839518	0.06356041
0.33936885	0.01101714	0.01376041	0.6358536
0.00278913	0.00820456	0.01093228	0.97807404
0.02198395	0.00840102	0.91195645	0.05765858
0.00279907	0.03502211	0.01093327	0.95124555
0.20230208	0.0110368	0.04679893	0.73986218
0.07403164	0.00836822	0.41863626	0.49896387
0.07908891	0.65723156	0.06866399	0.19501554
0.26864259	0.1962142	0.19980075	0.33534247
