#M01197	ELF5
#p.cut	M01197	EpiUwRmapDNaseCD19.Primary.Cells.SRX055171	0.01	0.05	0.1	0.25	0.5	0.75	0.9	0.95	0.99	
#p.Tcut2	M01197	EpiUwRmapDNaseCD19.Primary.Cells.SRX055171	16.8	18.45	19.2	20.3	21.4	22.5	23.59	24.34	25.99	
#p.Tcut2b	M01197	EpiUwRmapDNaseCD19.Primary.Cells.SRX055171	11.08	12.73	13.48	14.57	15.67	16.77	17.87	18.62	20.27	
A	C	G	T
0.38467023	0.14474153	0.22612681	0.24446142
0.98702559	0.00264469	0.01032872	1e-06
0.41307204	0.01288003	0.00528484	0.56876309
0.98152447	0.00264469	0.01318615	0.00264469
0.98435935	1e-06	0.01035127	0.00528838
0.00780423	1e-06	0.99219377	1e-06
0.00528838	0.00263001	0.99208061	1e-06
0.99243694	0.00253678	1e-06	0.00502529
0.99735331	1e-06	1e-06	0.00264469
0.23158837	0.00258762	0.76317931	0.00264469
1e-06	0.01297325	0.00528838	0.98173737
0.79469921	0.00777041	0.0131914	0.18433898
0.38467023	0.14474153	0.22612681	0.24446142
