#M01109	SZF1-1
#p.cut	M01109	OpenChromDnaseUrotsa	0.01	0.05	0.1	0.25	0.5	0.75	0.9	0.95	0.99	
#p.Tcut2	M01109	OpenChromDnaseUrotsa	13.82	15.48	16.22	17.32	18.42	19.52	20.62	21.36	23.02	
#p.Tcut2b	M01109	OpenChromDnaseUrotsa	13.29	14.95	15.69	16.79	17.89	18.99	20.09	20.83	22.48	
A	C	G	T
0.25006284	0.26041056	0.30385421	0.18567239
0.07569947	0.87322026	0.02546174	0.02561853
0.00236938	0.94262392	0.03212605	0.02288065
0.93745631	0.00935792	0.04638738	0.00679839
0.02782073	0.0328581	0.92575801	0.01356317
0.0274619	0.00913847	0.95409945	0.00930018
0.02534913	0.00237062	0.95596069	0.01631956
0.28568572	0.04421097	0.09876843	0.57133488
0.58781696	0.0484688	0.17025857	0.19345566
0.46497187	0.01869054	0.16221441	0.35412318
0.09683143	0.76915385	0.08322311	0.05079161
0.85185022	0.00704502	0.09733807	0.04376669
0.01136175	0.04069403	0.92490178	0.02304244
0.16750224	0.64810512	0.1616605	0.02273214
0.32342882	0.28033816	0.16884475	0.22738826
0.12195867	0.02325474	0.77406543	0.08072116
0.25006284	0.26041056	0.30385421	0.18567239
