#M01249	HIF-2alpha
#p.cut	M01249	UwDnaseCaco2	0.01	0.05	0.1	0.25	0.5	0.75	0.9	0.95	0.99	
#p.Tcut2	M01249	UwDnaseCaco2	8.28	9.93	10.68	11.77	12.87	13.97	15.07	15.82	17.47	
#p.Tcut2b	M01249	UwDnaseCaco2	9.68	11.33	12.08	13.18	14.28	15.38	16.48	17.22	18.87	
A	C	G	T
0.18407018	0.26505263	0.33235088	0.21852632
0.02439953	0.01358058	0.95855332	0.00346657
0.14429287	0.02025633	0.40448454	0.43096626
0.93799738	0.00684539	0.05515623	1e-06
0.00718625	0.88836269	0.02095025	0.08350081
0.0591909	0.01061729	0.92343943	0.00675238
0.00359387	0.01749926	0.00718674	0.97172014
0.0067751	0.00359387	0.98963003	1e-06
0.00359387	0.95138087	0.01739826	0.02762699
0.14928839	0.11569068	0.03128157	0.70373936
0.02839531	0.12252811	0.55167199	0.29740459
0.18407018	0.26505263	0.33235088	0.21852632
