#M01242	MTF1
#p.cut	M01242	UwDnaseCaco2	0.01	0.05	0.1	0.25	0.5	0.75	0.9	0.95	0.99	
#p.Tcut2	M01242	UwDnaseCaco2	9.56	11.21	11.96	13.06	14.16	15.26	16.36	17.1	18.75	
#p.Tcut2b	M01242	UwDnaseCaco2	11.51	13.16	13.91	15.01	16.11	17.21	18.3	19.05	20.7	
A	C	G	T
0.18674699	0.28694779	0.29578313	0.23052209
0.03660759	0.12097476	0.75768304	0.08473461
0.07904546	0.07256582	0.06047546	0.78791327
0.0117615	0.08475591	0.86669131	0.03679128
0.07871128	0.0664609	0.22151208	0.63331573
0.04250791	0.0547216	0.87265526	0.03011523
0.03610194	0.87392311	0.05327412	0.03670082
0.74461413	0.13392291	0.06716751	0.05429545
0.16282132	0.11462045	0.38254288	0.34001536
0.33612706	0.48803001	0.121039	0.05480393
0.47067531	0.21826331	0.16725157	0.14380981
0.04797086	0.66793462	0.09052056	0.19357395
0.03069413	0.10158033	0.06666843	0.80105711
0.0470515	0.15619707	0.12027042	0.676481
0.06080417	0.03664341	0.08439464	0.81815777
0.04136702	0.06116478	0.86171103	0.03575717
0.07213985	0.70567744	0.10775633	0.11442638
0.21574019	0.13173058	0.53804042	0.1144888
0.04200552	0.73443538	0.16322079	0.06033831
0.45735134	0.33219995	0.1385273	0.07192141
0.0181172	0.84914167	0.05394831	0.07879282
0.18674699	0.28694779	0.29578313	0.23052209
