#M01260	STAT1
#p.cut	M01260	UwDgfTh1wb33676984	0.01	0.05	0.1	0.25	0.5	0.75	0.9	0.95	0.99	
#p.Tcut2	M01260	UwDgfTh1wb33676984	16.9	18.55	19.3	20.4	21.5	22.6	23.69	24.44	26.09	
#p.Tcut2b	M01260	UwDgfTh1wb33676984	15.64	17.29	18.04	19.14	20.24	21.34	22.44	23.18	24.83	
A	C	G	T
0.2673967	0.20115439	0.27748409	0.25396483
0.1737329	0.1271681	0.60192345	0.09717556
0.31752204	0.17073956	0.30793019	0.2038082
0.08341686	0.20732507	0.0333146	0.67594348
0.00336582	0.01655575	0.00676129	0.97331714
1e-06	0.00676126	0.00666045	0.98657729
0.00993347	0.97342677	0.01012523	0.00651453
0.01014152	0.52167376	0.00676141	0.46142331
0.33518693	1e-06	0.3951505	0.26966157
0.03380299	0.00676141	0.9594346	1e-06
0.00661784	1e-06	0.99338016	1e-06
0.9867249	1e-06	0.00989289	0.0033812
0.98985639	1e-06	0.01014161	1e-06
0.72011938	0.00676052	0.26983338	0.00328672
0.10972934	0.08006261	0.23702689	0.57318116
0.13367967	0.11772619	0.71160368	0.03699046
0.42498379	0.07392936	0.41704212	0.08404473
0.3284362	0.26793653	0.27047242	0.13315484
0.30024626	0.15047458	0.28444043	0.26483874
0.25562826	0.01012821	0.35429132	0.37995221
0.13411692	0.13073309	0.52057425	0.21457574
0.2673967	0.20115439	0.27748409	0.25396483
