#M01284	SOX9
#p.cut	M01284	EpiUwRmapDNaseH1.Cell.Line.SRX121247	0.01	0.05	0.1	0.25	0.5	0.75	0.9	0.95	0.99	
#p.Tcut2	M01284	EpiUwRmapDNaseH1.Cell.Line.SRX121247	14.7	16.35	17.1	18.2	19.3	20.39	21.49	22.24	23.89	
#p.Tcut2b	M01284	EpiUwRmapDNaseH1.Cell.Line.SRX121247	11.95	13.6	14.35	15.45	16.55	17.65	18.75	19.49	21.14	
A	C	G	T
0.34216435	0.21508756	0.25954198	0.18320611
0.72274112	0.00510884	0.27214904	1e-06
0.97182816	0.00768276	0.02048808	1e-06
0.98969385	1e-06	0.00775271	0.00255243
0.00254743	0.98756069	0.00482858	0.00506331
0.98477158	0.00760032	0.0076271	1e-06
0.99750078	1e-06	0.00249722	1e-06
0.98727922	0.00516536	0.00500299	0.00255243
0.01032851	1e-06	0.98966949	1e-06
0.02038673	0.00257131	0.97448007	0.0025619
0.41176936	0.10918061	0.47147672	0.00757331
0.32647394	0.64547694	0.01015737	0.01789175
0.34216435	0.21508756	0.25954198	0.18320611
