#M01256	REST
#p.cut	M01256	EpiUwRmapDNaseFetal.Intestine.Small.SRX089244	0.01	0.05	0.1	0.25	0.5	0.75	0.9	0.95	0.99	
#p.Tcut2	M01256	EpiUwRmapDNaseFetal.Intestine.Small.SRX089244	12.09	13.74	14.49	15.59	16.69	17.79	18.88	19.63	21.28	
#p.Tcut2b	M01256	EpiUwRmapDNaseFetal.Intestine.Small.SRX089244	11.54	13.19	13.94	15.04	16.14	17.23	18.33	19.08	20.73	
A	C	G	T
0.1876632	0.27614189	0.30036556	0.23582935
0.19237491	0.08967957	0.42507686	0.29286865
0.15111925	0.01240509	0.75133038	0.08514527
0.06975172	0.17448801	0.64229681	0.11346345
0.35373342	0.41847931	0.02099983	0.20678744
0.12408533	0.07119985	0.68152964	0.12318518
0.00115923	0.98774085	0.00364716	0.00745276
0.00114687	0.00234372	0.00246462	0.9940448
0.02983744	0.14833569	0.81556469	0.00626218
0.03088644	0.00377047	0.04839101	0.91695208
1e-06	0.98429247	0.00114687	0.01455967
0.00116621	0.9851866	1e-06	0.01364619
0.52644928	0.07319671	0.23312934	0.16722466
0.19046155	0.11439643	0.12237473	0.57276729
0.03815439	0.011206	0.93483013	0.01580948
0.00595324	0.0084306	0.98446573	0.00115044
0.00609898	0.0107644	0.00372945	0.97940717
0.07692332	0.20615028	0.65371441	0.06321199
0.00485033	0.96702063	0.01228176	0.01584729
0.01105886	0.04288057	0.00241002	0.94365055
0.05542268	0.0416272	0.86147398	0.04147615
0.74628129	0.07921516	0.13219805	0.0423055
0.55215588	0.2114925	0.09877414	0.13757748
0.1876632	0.27614189	0.30036556	0.23582935
