#M01204	SPI-B
#p.cut	M01204	EpiUwRmapDNaseCD34.Primary.Cells.SRX015228	0.01	0.05	0.1	0.25	0.5	0.75	0.9	0.95	0.99	
#p.Tcut2	M01204	EpiUwRmapDNaseCD34.Primary.Cells.SRX015228	15.73	17.38	18.13	19.22	20.32	21.42	22.52	23.27	24.92	
#p.Tcut2b	M01204	EpiUwRmapDNaseCD34.Primary.Cells.SRX015228	11.6	13.25	14	15.09	16.19	17.29	18.39	19.14	20.79	
A	C	G	T
0.35576015	0.1657845	0.24946573	0.22898961
0.67492483	0.11343939	0.17419798	0.0374378
0.6896506	0.04388071	0.25867346	0.00779522
0.96329162	0.00285017	0.02248056	0.01137765
0.98230944	0.00142619	0.00143367	0.01483071
0.77006472	0.00353855	0.00567367	0.22072306
0.0550545	0.13097894	0.80900296	0.00496359
0.83418053	0.03701706	0.12737287	0.00142955
0.0042987	1e-06	0.99498297	0.00071734
0.00276835	1e-06	0.99722965	1e-06
0.99784799	0.00143367	1e-06	0.00071734
0.99856536	0.00143264	1e-06	1e-06
0.00283115	0.13398541	0.8624661	0.00071733
0.04378521	0.06526453	0.00915252	0.88179775
0.36573505	0.06509224	0.17387741	0.3952953
0.34106309	0.1873158	0.25300659	0.21861452
0.07187249	0.46999596	0.2697138	0.18841775
0.38303072	0.13084419	0.03769859	0.4484265
0.35576015	0.1657845	0.24946573	0.22898961
