#M01219	SP1:SP3
#p.cut	M01219	EpiUwRmapDNaseFetal.Kidney.Right.SRX100959	0.01	0.05	0.1	0.25	0.5	0.75	0.9	0.95	0.99	
#p.Tcut2	M01219	EpiUwRmapDNaseFetal.Kidney.Right.SRX100959	11.39	13.04	13.79	14.89	15.99	17.08	18.18	18.93	20.58	
#p.Tcut2b	M01219	EpiUwRmapDNaseFetal.Kidney.Right.SRX100959	5.06	6.71	7.46	8.55	9.65	10.75	11.85	12.6	14.25	
A	C	G	T
0.12371489	0.50047695	0.21862745	0.15718071
0.12257958	0.33956679	0.36921554	0.1686381
0.09649084	0.57721877	0.14738672	0.17890368
0.10246751	0.53887801	0.17199395	0.18666054
0.02562058	0.93689691	0.0173815	0.02010101
0.00130526	0.98930176	0.00401054	0.00538243
0.02441821	0.26725812	0.69891013	0.00941354
0.00408544	0.98231373	0.00821113	0.0053897
0.0027462	0.99322849	0.00137681	0.00264851
0.02383382	0.89021019	0.02024578	0.06571021
0.01083339	0.97576487	0.00523349	0.00816825
0.00665312	0.97311589	0.01081816	0.00941282
0.01334479	0.27567132	0.04592817	0.66505571
0.01725053	0.91244046	0.03236687	0.03794214
0.03760602	0.89859817	0.02308465	0.04071115
0.12371489	0.50047695	0.21862745	0.15718071
