#M01223	P50:P50
#p.cut	M01223	UwDnaseMcf7Estctrl0h	0.01	0.05	0.1	0.25	0.5	0.75	0.9	0.95	0.99	
#p.Tcut2	M01223	UwDnaseMcf7Estctrl0h	12.73	14.38	15.13	16.22	17.32	18.42	19.52	20.27	21.92	
#p.Tcut2b	M01223	UwDnaseMcf7Estctrl0h	12.83	14.48	15.23	16.33	17.43	18.53	19.63	20.37	22.02	
A	C	G	T
0.2336596	0.26424754	0.27838238	0.22371048
0.32274738	0.07845736	0.45359036	0.1452049
0.49442106	0.01211207	0.44703241	0.04643446
0.00512557	1e-06	0.99487243	1e-06
0.00851049	0.00346674	0.9863803	0.00164247
0.00173387	0.00170094	0.99160497	0.00496022
0.97793033	0.01191157	0.01015711	1e-06
0.48591196	0.42385846	0.00329504	0.08693454
0.06329309	0.01032448	0.00345721	0.92292522
0.00692294	0.12296429	0.0679339	0.80217887
1e-06	0.70286591	0.008433	0.28870009
0.0034572	0.9730672	0.00519961	0.01827599
0.0753314	0.84797943	0.01367777	0.06301139
0.05622699	0.74929061	0.107423	0.0870594
0.2336596	0.26424754	0.27838238	0.22371048
