#M01239	RelB:p52 (NF-kappaB)
#p.cut	M01239	EpiUwRmapDNaseCD3.Primary.Cells.SRX204362	0.01	0.05	0.1	0.25	0.5	0.75	0.9	0.95	0.99	
#p.Tcut2	M01239	EpiUwRmapDNaseCD3.Primary.Cells.SRX204362	13.84	15.49	16.23	17.33	18.43	19.53	20.63	21.38	23.03	
#p.Tcut2b	M01239	EpiUwRmapDNaseCD3.Primary.Cells.SRX204362	13.67	15.32	16.06	17.16	18.26	19.36	20.46	21.2	22.86	
A	C	G	T
0.19473804	0.25428246	0.29799544	0.25298405
0.32953705	0.15007498	0.19389021	0.32649777
0.01151451	0.00231213	0.97714442	0.00902893
0.00563449	0.00115555	0.99099439	0.00221558
0.00552176	0.00338013	0.98774275	0.00335535
0.02696821	0.00231214	0.96616942	0.00455023
0.40799423	0.34261439	0.24037281	0.00901857
0.00677173	0.00795071	0.00231155	0.98296601
1e-06	1e-06	1e-06	0.999997
0.00231214	0.02046893	0.00115657	0.97606237
0.00444381	0.98304738	0.00115657	0.01135224
1e-06	0.98420434	0.00231214	0.01348252
0.29759552	0.34927978	0.08519443	0.26793027
0.19473804	0.25428246	0.29799544	0.25298405
