#M01212	STAT1:STAT1
#p.cut	M01212	UwDgfTh1wb33676984	0.01	0.05	0.1	0.25	0.5	0.75	0.9	0.95	0.99	
#p.Tcut2	M01212	UwDgfTh1wb33676984	18.52	20.17	20.92	22.01	23.11	24.21	25.31	26.06	27.71	
#p.Tcut2b	M01212	UwDgfTh1wb33676984	15.46	17.12	17.86	18.96	20.06	21.16	22.26	23	24.66	
A	C	G	T
0.32196272	0.20628164	0.21117119	0.26058445
0.49667145	0.09168648	0.32629333	0.08534874
0.0030902	0.02140896	1e-06	0.97549984
1e-06	1e-06	0.00293299	0.99706501
0.00309018	0.00595426	1e-06	0.99095457
0.00873483	0.96710361	0.01210718	0.01205438
0.23391106	0.7177021	0.02107577	0.02731107
0.55086466	0.42149297	0.00926861	0.01837376
0.4571493	0.00925097	0.53359872	1e-06
0.01188335	0.01197932	0.97304714	0.00309019
0.98764084	0.0030902	0.00926796	1e-06
0.97858704	1e-06	0.01523255	0.0061794
0.7404618	0.01543041	0.24117573	0.00293205
0.92008193	0.02455143	0.03082575	0.02454088
0.32196272	0.20628164	0.21117119	0.26058445
