#M01201	AR
#p.cut	M01201	EpiUwRmapDNaseFetal.Testes.SRX121243	0.01	0.05	0.1	0.25	0.5	0.75	0.9	0.95	0.99	
#p.Tcut2	M01201	EpiUwRmapDNaseFetal.Testes.SRX121243	13.04	14.69	15.44	16.54	17.64	18.74	19.83	20.58	22.23	
#p.Tcut2b	M01201	EpiUwRmapDNaseFetal.Testes.SRX121243	12.53	14.18	14.93	16.03	17.13	18.23	19.32	20.07	21.72	
A	C	G	T
0.2550112	0.21493954	0.25314823	0.27690103
0.37264257	0.08006388	0.28767806	0.25961549
0.16353241	0.00298905	0.81488002	0.01859852
0.01370507	0.00296695	0.97840244	0.00492554
0.48645754	0.12585893	0.1526127	0.23507083
0.87816815	0.0342676	0.00983017	0.07773408
0.0039361	0.97723868	0.00593973	0.01288549
0.83967112	0.01279441	0.09559725	0.05193722
0.10426877	0.23529159	0.42682114	0.2336185
0.39326894	0.06325546	0.36375106	0.17972453
0.31369689	0.13529526	0.52656778	0.02444007
0.0480589	0.05055198	0.00098228	0.90040684
0.00592751	0.00199373	0.99108139	0.00099737
0.00382625	0.00779394	0.00199374	0.98638607
0.18688508	0.06829887	0.09880301	0.64601304
0.00986019	0.97450025	0.00192903	0.01371053
0.03448536	0.11927023	0.0039809	0.84226351
0.2550112	0.21493954	0.25314823	0.27690103
