#M01220	STAT3:STAT3
#p.cut	M01220	EpiUwRmapDNaseFetal.Kidney.Left.SRX040410	0.01	0.05	0.1	0.25	0.5	0.75	0.9	0.95	0.99	
#p.Tcut2	M01220	EpiUwRmapDNaseFetal.Kidney.Left.SRX040410	10.88	12.53	13.28	14.38	15.48	16.58	17.67	18.42	20.07	
#p.Tcut2b	M01220	EpiUwRmapDNaseFetal.Kidney.Left.SRX040410	12.29	13.94	14.69	15.79	16.89	17.99	19.08	19.83	21.48	
A	C	G	T
0.21828909	0.25180269	0.30293346	0.22697476
0.02688485	0.04424098	0.17332212	0.75555205
1e-06	0.03095087	0.01346557	0.95558256
0.01313277	0.01732377	0.59395482	0.37558863
0.25131188	0.72667021	0.01310985	0.00890806
0.04404409	0.32901402	0.14067002	0.48627186
0.0400101	0.00442564	0.94234923	0.01321503
0.01775751	1e-06	0.96877981	0.01346168
0.01343166	0.00448952	0.98207783	1e-06
0.97357584	0.00436849	0.01338396	0.00867171
0.96858489	0.01346597	0.01345962	0.00448952
0.62881488	0.349058	0.01344963	0.00867749
0.16807941	0.1238796	0.00448952	0.70355147
0.10061022	0.2884654	0.58419038	0.026734
0.02224106	0.54482828	0.19372252	0.23920813
0.21828909	0.25180269	0.30293346	0.22697476
