#M01298	MECP2
#p.cut	M01298	EpiUwRmapDNaseMobilized.CD3.Primary.Cells.SRX089240	0.01	0.05	0.1	0.25	0.5	0.75	0.9	0.95	0.99	
#p.Tcut2	M01298	EpiUwRmapDNaseMobilized.CD3.Primary.Cells.SRX089240	9.33	10.98	11.73	12.83	13.93	15.03	16.13	16.87	18.52	
#p.Tcut2b	M01298	EpiUwRmapDNaseMobilized.CD3.Primary.Cells.SRX089240	9.7	11.35	12.1	13.2	14.3	15.4	16.5	17.24	18.89	
A	C	G	T
0.24334738	0.27338952	0.25502709	0.228236
0.01336289	0.96382333	0.00982426	0.01298952
0.02945316	0.86191128	0.02321656	0.08541901
0.04679385	0.01310065	0.91688038	0.02322511
0.01339325	0.01339299	0.97321276	1e-06
0.18490231	0.41135557	0.3837364	0.02000572
0.24562516	0.30466616	0.28097201	0.16873667
0.24819085	0.12562941	0.28184169	0.34433805
0.20414906	0.55324532	0.19936062	0.043245
0.67859778	0.08219141	0.04326579	0.19594502
0.33416676	0.11284279	0.50315841	0.04983203
0.25755455	0.52075329	0.0824943	0.13919785
0.83052489	0.03348193	0.04346444	0.09252873
0.48313439	0.02340978	0.01316227	0.48029356
0.41667924	0.00669689	0.01666189	0.55996198
0.14278614	0.07301715	0.01663489	0.76756183
0.24334738	0.27338952	0.25502709	0.228236
