#M01236	IPF1
#p.cut	M01236	UwDnaseCaco2	0.01	0.05	0.1	0.25	0.5	0.75	0.9	0.95	0.99	
#p.Tcut2	M01236	UwDnaseCaco2	14.69	16.34	17.09	18.18	19.28	20.38	21.48	22.23	23.88	
#p.Tcut2b	M01236	UwDnaseCaco2	11.78	13.43	14.17	15.27	16.37	17.47	18.57	19.32	20.97	
A	C	G	T
0.30733945	0.19926606	0.21174312	0.28165138
0.00915972	0.96304913	0.00934514	0.01844601
0.97282635	0.00848396	0.00934375	0.00934594
1e-06	0.01867228	0.00934594	0.97198078
1e-06	0.01834302	0.00934594	0.97231005
0.9814663	0.00920536	0.00932734	1e-06
0.9720557	1e-06	0.0279423	1e-06
1e-06	0.05530854	1e-06	0.94468946
0.50550725	0.11983535	0.00933999	0.36531741
0.04574966	0.00934594	0.92647235	0.01843205
0.02801905	0.01777135	0.95420859	1e-06
0.30733945	0.19926606	0.21174312	0.28165138
