#M01235	IPF1
#p.cut	M01235	EpiUwRmapDNaseH1.Derived.Neuronal.Progenitor.Cultured.Cells.SRX121241	0.01	0.05	0.1	0.25	0.5	0.75	0.9	0.95	0.99	
#p.Tcut2	M01235	EpiUwRmapDNaseH1.Derived.Neuronal.Progenitor.Cultured.Cells.SRX121241	13.93	15.58	16.32	17.42	18.52	19.62	20.72	21.47	23.12	
#p.Tcut2b	M01235	EpiUwRmapDNaseH1.Derived.Neuronal.Progenitor.Cultured.Cells.SRX121241	11.12	12.77	13.52	14.62	15.72	16.82	17.91	18.66	20.31	
A	C	G	T
0.29792049	0.24385321	0.18721713	0.27100917
0.54393832	0.42884834	0.01828282	0.00893053
0.38678799	0.28191552	0.32817981	0.00311668
0.01222288	0.96947903	0.01518229	0.00311579
0.00311668	0.01496373	0.00310572	0.97881387
0.99099355	0.00301372	0.00599172	1e-06
0.99400071	0.00289023	0.00310806	1e-06
0.00606306	1e-06	0.00294173	0.9909942
1e-06	0.00928348	0.0031166	0.98759892
0.97547062	0.00301372	0.0152833	0.00623236
0.0121337	0.95404115	0.03382414	1e-06
0.33607178	0.28181022	0.04895232	0.33316569
0.29792049	0.24385321	0.18721713	0.27100917
