#M01248	Dax1
#p.cut	M01248	EpiUwRmapDNaseFetal.Adrenal.Gland.SRX201797	0.01	0.05	0.1	0.25	0.5	0.75	0.9	0.95	0.99	
#p.Tcut2	M01248	EpiUwRmapDNaseFetal.Adrenal.Gland.SRX201797	13.96	15.62	16.36	17.46	18.56	19.66	20.76	21.5	23.15	
#p.Tcut2b	M01248	EpiUwRmapDNaseFetal.Adrenal.Gland.SRX201797	13.1	14.75	15.5	16.6	17.69	18.79	19.89	20.64	22.29	
A	C	G	T
0.28984848	0.2285124	0.27581267	0.20582645
0.39184608	0.13845765	0.42418868	0.04550759
0.59916437	0.18861434	0.19150404	0.02071725
0.67835671	0.01072006	0.27287436	0.03804887
0.08410398	0.19103821	0.6744674	0.05039041
0.26673397	0.2067596	0.25816543	0.268341
0.05775799	0.26998545	0.33190423	0.34035232
0.04866493	0.81096687	0.13702399	0.00334421
0.98526154	0.00159295	0.01072633	0.00241918
0.9926679	1e-06	0.00649401	0.00083709
0.00250928	0.00167083	0.99414816	0.00167173
0.00241131	0.00164277	0.99346791	0.00247801
0.00167094	0.01732725	0.00250827	0.97849355
0.00076751	0.99099369	0.00331839	0.0049204
0.97864027	0.00328125	0.00903452	0.00904395
0.08692712	0.43416758	0.43761546	0.04128983
0.42559085	0.28581567	0.15691781	0.13167568
0.10753829	0.14724937	0.40045297	0.34475937
0.15689306	0.16247296	0.33571737	0.34491662
0.1814383	0.41189327	0.20343865	0.20322977
0.33910128	0.40004277	0.14564311	0.11521284
0.28984848	0.2285124	0.27581267	0.20582645
