#M01262	TBX18
#p.cut	M01262	UwDgfTh1wb33676984	0.01	0.05	0.1	0.25	0.5	0.75	0.9	0.95	0.99	
#p.Tcut2	M01262	UwDgfTh1wb33676984	17.07	18.73	19.47	20.57	21.67	22.77	23.87	24.61	26.26	
#p.Tcut2b	M01262	UwDgfTh1wb33676984	15.2	16.85	17.59	18.69	19.79	20.89	21.99	22.74	24.39	
A	C	G	T
0.29602063	0.19926308	0.22896094	0.27575534
0.6553725	0.021253	0.24563552	0.07773898
0.09015941	0.01309702	0.78465992	0.11208365
0.11977996	0.07418346	0.73211359	0.07392299
0.06113811	0.03494679	0.07804581	0.8258693
0.06040953	0.06100831	0.81677062	0.06181154
0.07376416	0.022379	0.06565641	0.83820043
0.08586714	0.06047736	0.82340357	0.03025193
0.80931088	0.06469677	0.08279142	0.04320093
0.85177096	0.04347416	0.0696003	0.03515458
0.82071008	0.06558205	0.06148268	0.05222519
0.4379172	0.07826199	0.07465541	0.40916539
0.07767089	0.07445567	0.07987799	0.76799545
0.19907485	0.38819211	0.33404356	0.07868948
0.23621671	0.06042652	0.3166144	0.38674238
0.06080152	0.79207433	0.06081027	0.08631388
0.80883365	0.05672647	0.03448996	0.09994991
0.08592242	0.70068548	0.11395056	0.09944154
0.07339374	0.80065131	0.03064642	0.09530853
0.06948048	0.07851798	0.0175369	0.83446465
0.29602063	0.19926308	0.22896094	0.27575534
