#M01237	TRF1
#p.cut	M01237	UwDnaseHpaec	0.01	0.05	0.1	0.25	0.5	0.75	0.9	0.95	0.99	
#p.Tcut2	M01237	UwDnaseHpaec	13.02	14.67	15.42	16.52	17.62	18.72	19.81	20.56	22.21	
#p.Tcut2b	M01237	UwDnaseHpaec	11.2	12.85	13.59	14.69	15.79	16.89	17.99	18.74	20.39	
A	C	G	T
0.20898642	0.18328109	0.33814002	0.26959248
0.03441641	0.43725701	0.07533044	0.45299614
0.04550237	0.11575217	0.16148933	0.67725614
0.78059861	0.02913859	0.09834622	0.09191657
0.02851908	0.01695955	0.93128497	0.0232364
0.05177163	0.01156426	0.91335304	0.02331107
0.05224081	0.04645826	0.85602832	0.04527261
0.03465584	0.06857282	0.0750619	0.82170944
0.05199403	0.05042041	0.09735258	0.80023298
0.79269243	0.01748334	0.13156172	0.05826252
0.04658331	0.00580878	0.93095638	0.01665153
0.05222569	0.02325315	0.87806664	0.04645452
0.04040234	0.02268554	0.89678219	0.04012994
0.06820669	0.13774576	0.13833801	0.65570954
0.03414493	0.02289203	0.08557766	0.85738538
0.08083117	0.08075266	0.78726027	0.0511559
0.20898642	0.18328109	0.33814002	0.26959248
