#M01203	SPI1 (PU1)
#p.cut	M01203	EpiUwRmapDNaseCD34.Primary.Cells.SRX015228	0.01	0.05	0.1	0.25	0.5	0.75	0.9	0.95	0.99	
#p.Tcut2	M01203	EpiUwRmapDNaseCD34.Primary.Cells.SRX015228	14.32	15.97	16.72	17.82	18.91	20.01	21.11	21.86	23.51	
#p.Tcut2b	M01203	EpiUwRmapDNaseCD34.Primary.Cells.SRX015228	9.8	11.45	12.19	13.29	14.39	15.49	16.59	17.34	18.99	
A	C	G	T
0.33860028	0.15802104	0.29453223	0.20884645
0.64254196	0.08021079	0.17600066	0.1012466
0.66508342	0.02446433	0.27320535	0.0372469
0.95684641	0.00143975	0.02442234	0.0172915
0.98126203	1e-06	0.00361928	0.0151177
0.67996229	0.00649623	0.06370383	0.24983766
0.04145889	0.06576636	0.89205554	0.00071921
0.59770655	0.04254084	0.35902193	0.00073069
0.00707157	0.00072328	0.99147404	0.00073112
0.00072207	1e-06	0.99860554	0.00067139
0.9985457	0.00072212	1e-06	0.00073118
0.99715019	0.0014614	0.00066362	0.0007248
0.00286812	0.13565682	0.86147406	1e-06
0.00425258	0.03963838	0.01071674	0.94539231
0.3953063	0.02103829	0.47713424	0.10652117
0.17000908	0.16240423	0.58366731	0.08391938
0.33860028	0.15802104	0.29453223	0.20884645
