#M01217	NUR77
#p.cut	M01217	EpiUwRmapDNaseMobilized.CD3.Primary.Cells.SRX089240	0.01	0.05	0.1	0.25	0.5	0.75	0.9	0.95	0.99	
#p.Tcut2	M01217	EpiUwRmapDNaseMobilized.CD3.Primary.Cells.SRX089240	12.77	14.42	15.17	16.27	17.37	18.47	19.57	20.31	21.96	
#p.Tcut2b	M01217	EpiUwRmapDNaseMobilized.CD3.Primary.Cells.SRX089240	11.87	13.52	14.27	15.37	16.47	17.57	18.67	19.41	21.06	
A	C	G	T
0.21128571	0.27828571	0.21185714	0.29857143
1e-06	0.65008118	0.01450395	0.33541386
1e-06	0.00728838	1e-06	0.99270962
0.01394388	0.00667144	0.97938368	1e-06
0.94298392	0.01445993	0.03526777	0.00728838
0.00664754	0.98608354	1e-06	0.00726792
1e-06	0.98618801	1e-06	0.01380999
1e-06	1e-06	0.00717255	0.99282545
1e-06	0.01396848	1e-06	0.98602952
0.00719209	0.26378905	0.32233874	0.40668012
0.00669999	0.56438036	0.41434389	0.01457576
0.21128571	0.27828571	0.21185714	0.29857143
