#M01200	CTCF
#p.cut	M01200	EpiUwRmapDNaseCD8.Primary.Cells.SRX055163	0.01	0.05	0.1	0.25	0.5	0.75	0.9	0.95	0.99	
#p.Tcut2	M01200	EpiUwRmapDNaseCD8.Primary.Cells.SRX055163	14.22	15.87	16.62	17.72	18.81	19.91	21.01	21.76	23.41	
#p.Tcut2b	M01200	EpiUwRmapDNaseCD8.Primary.Cells.SRX055163	12.53	14.18	14.93	16.02	17.12	18.22	19.32	20.07	21.72	
A	C	G	T
0.22307837	0.28735002	0.30226847	0.18730315
0.1751532	0.15913206	0.24384987	0.42186487
0.20627446	0.24607261	0.25623676	0.29141618
0.15741063	0.42333935	0.17552291	0.24372711
0.18787591	0.34627265	0.20074706	0.26510438
0.2356381	0.34281946	0.2319896	0.18955284
0.25772998	0.32177823	0.23619955	0.18429224
0.26186288	0.27732817	0.230498	0.23031095
0.27472763	0.22181974	0.20532362	0.29812901
0.21966614	0.21204646	0.33310218	0.23518522
0.05005361	0.3452815	0.11211313	0.49255176
0.16665347	0.1469454	0.49344318	0.19295795
0.25897393	0.04647786	0.60256326	0.09198495
0.01745123	0.96146785	0.01266198	0.00841894
1e-06	0.99972797	0.00027003	1e-06
0.8395302	0.00338886	0.08969886	0.06738208
0.0106831	0.61272754	0.37518575	0.00140361
0.09278087	0.68046985	0.04854175	0.17820753
0.99353157	0.00028142	0.0036552	0.0025318
0.00056573	1e-06	0.99943227	1e-06
0.40038528	1e-06	0.59905834	0.00055538
0.00840605	0.00563799	0.64164986	0.3443061
0.0033889	1e-06	0.99604471	0.00056539
0.00309259	0.0016912	0.98569082	0.00952539
0.07341967	0.88785596	0.00196609	0.03675827
0.49124745	0.00191249	0.49424274	0.01259732
0.02190614	0.56902489	0.39637137	0.0126976
0.0956708	0.4300567	0.08271406	0.39155844
0.40898581	0.26221823	0.29654389	0.03225206
0.17735491	0.23335311	0.29576767	0.29352432
0.31821003	0.21248712	0.23218712	0.23711573
0.2185255	0.16543023	0.45578646	0.16025781
0.22549045	0.31194758	0.292265	0.17029697
0.21886171	0.40161817	0.21929437	0.16022575
0.18742243	0.48623375	0.11008267	0.21626115
0.24666488	0.3743392	0.13339029	0.24560563
0.22307837	0.28735002	0.30226847	0.18730315
