#M01264	TBX15
#p.cut	M01264	EpiUwRmapDNaseFetal.Intestine.Small.SRX055168	0.01	0.05	0.1	0.25	0.5	0.75	0.9	0.95	0.99	
#p.Tcut2	M01264	EpiUwRmapDNaseFetal.Intestine.Small.SRX055168	13.25	14.9	15.65	16.75	17.85	18.95	20.04	20.79	22.44	
#p.Tcut2b	M01264	EpiUwRmapDNaseFetal.Intestine.Small.SRX055168	10.78	12.43	13.18	14.28	15.38	16.48	17.57	18.32	19.97	
A	C	G	T
0.28116711	0.16976127	0.3173662	0.23170541
0.86892917	0.0270546	0.05386231	0.05015393
0.07260989	0.02730393	0.82831031	0.07177587
0.06795077	0.08506233	0.78337998	0.06360691
0.05796917	0.03614264	0.07247858	0.83340961
0.04480806	0.0731329	0.83218171	0.04987733
0.07680219	0.0318762	0.0769521	0.81436951
0.03173867	0.02288161	0.60031923	0.34506048
0.57038648	0.08962313	0.23565161	0.10433878
0.79648784	0.02288082	0.11669828	0.06393306
0.14376398	0.07729472	0.69792231	0.08101899
0.08629292	0.05944151	0.80869053	0.04557505
0.10894269	0.01781086	0.06352204	0.80972441
0.04950461	0.07672237	0.85545467	0.01831834
0.11734372	0.04006216	0.11714333	0.72545079
0.04487334	0.13053753	0.7333374	0.09125173
0.80994856	0.07197167	0.10886406	0.00921571
0.80011696	0.06809748	0.09983351	0.03195206
0.81060341	0.04964909	0.10769244	0.03205506
0.28116711	0.16976127	0.3173662	0.23170541
