#M01232	(SATB1)2
#p.cut	M01232	EpiUwRmapDNaseCD4.Primary.Cells.SRX204404	0.01	0.05	0.1	0.25	0.5	0.75	0.9	0.95	0.99	
#p.Tcut2	M01232	EpiUwRmapDNaseCD4.Primary.Cells.SRX204404	18.61	20.26	21.01	22.11	23.21	24.31	25.41	26.15	27.8	
#p.Tcut2b	M01232	EpiUwRmapDNaseCD4.Primary.Cells.SRX204404	10.48	12.13	12.88	13.98	15.08	16.17	17.27	18.02	19.67	
A	C	G	T
0.35522496	0.15408805	0.16061926	0.33006773
1e-06	0.13177479	1e-06	0.86822321
0.77439246	0.00644052	1e-06	0.21916601
1e-06	0.01878064	0.00643765	0.97478071
0.00644047	0.00642788	0.00643261	0.98069904
0.96869236	0.00638119	0.00619743	0.01872901
0.01921595	1e-06	0.96791549	0.01286756
0.15622882	0.10660163	0.00644052	0.73072902
0.91118433	0.00644052	0.01287958	0.06949557
0.98754113	1e-06	0.00601735	0.00644052
0.01254419	0.14468928	1e-06	0.84276552
0.98164568	1e-06	0.00581155	0.01254176
0.97502717	1e-06	0.01256517	0.01240666
0.35522496	0.15408805	0.16061926	0.33006773
