#M01272	SOX2
#p.cut	M01272	EpiUwRmapDNaseiPS.DF.1911.Cell.Line.SRX135563	0.01	0.05	0.1	0.25	0.5	0.75	0.9	0.95	0.99	
#p.Tcut2	M01272	EpiUwRmapDNaseiPS.DF.1911.Cell.Line.SRX135563	16.13	17.78	18.52	19.62	20.72	21.82	22.92	23.67	25.32	
#p.Tcut2b	M01272	EpiUwRmapDNaseiPS.DF.1911.Cell.Line.SRX135563	13.02	14.67	15.42	16.52	17.61	18.71	19.81	20.56	22.21	
A	C	G	T
0.23835227	0.22861201	0.20706169	0.32597403
0.58902909	0.06341562	0.15468528	0.19287001
0.6128642	0.04540548	0.1375134	0.20421692
0.23678116	0.36210797	0.08612553	0.31498534
0.18162386	0.37516022	0.27565845	0.16755747
0.01574918	0.83607035	0.00667816	0.14150232
0.00452259	0.91765171	0.00463671	0.07318899
0.37900554	0.00463705	0.02051561	0.5958418
1e-06	0.018069	1e-06	0.981929
1e-06	0.00451653	0.00680984	0.98867263
0.00695036	0.0069427	0.98162388	0.00448306
0.00458607	0.01115975	1e-06	0.98425319
0.01147068	0.03136759	0.01836058	0.93880115
0.53665606	0.04514937	0.01153826	0.40665631
1e-06	0.02304485	0.00914289	0.96781127
0.00671941	0.00661336	0.75046052	0.23620671
0.10763213	0.68807357	0.11394066	0.09035363
0.39568441	0.19672518	0.12018406	0.28740635
0.23835227	0.22861201	0.20706169	0.32597403
