#M01299	MECP2
#p.cut	M01299	EpiUwRmapDNaseMobilized.CD3.Primary.Cells.SRX089240	0.01	0.05	0.1	0.25	0.5	0.75	0.9	0.95	0.99	
#p.Tcut2	M01299	EpiUwRmapDNaseMobilized.CD3.Primary.Cells.SRX089240	9.47	11.12	11.87	12.97	14.06	15.16	16.26	17.01	18.66	
#p.Tcut2b	M01299	EpiUwRmapDNaseMobilized.CD3.Primary.Cells.SRX089240	9.17	10.82	11.57	12.67	13.77	14.87	15.96	16.71	18.36	
A	C	G	T
0.27309524	0.24436508	0.24373016	0.23880952
0.01605665	0.96387939	0.01203048	0.00803349
0.03567231	0.87684901	0.01203328	0.0754454
0.09439703	0.01550225	0.8783606	0.01174012
0.00401726	1e-06	0.98796472	0.00801702
0.77408436	0.07171211	0.15420253	1e-06
0.59044968	0.1191815	0.14757579	0.14279302
0.27683872	0.01606454	0.00803353	0.69906321
0.12778681	0.01172128	0.00401672	0.85647519
0.5442021	0.01157322	0.01567257	0.42855211
0.91597591	0.00801908	0.04816909	0.02783593
0.27309524	0.24436508	0.24373016	0.23880952
