#M01244	HSF2
#p.cut	M01244	UwDnaseJurkat	0.01	0.05	0.1	0.25	0.5	0.75	0.9	0.95	0.99	
#p.Tcut2	M01244	UwDnaseJurkat	18.19	19.84	20.59	21.69	22.79	23.89	24.98	25.73	27.38	
#p.Tcut2b	M01244	UwDnaseJurkat	15.65	17.3	18.05	19.15	20.24	21.34	22.44	23.19	24.84	
A	C	G	T
0.32066131	0.19008033	0.2365963	0.25266206
0.49840455	0.0343343	0.30357777	0.16368338
0.00501418	0.0050171	0.98495108	0.00501764
0.98519478	0.00501763	0.00476996	0.00501764
0.97535697	1e-06	0.01466517	0.00997686
0.25735321	0.31220366	0.19874792	0.23169521
0.35224748	0.15868301	0.2903906	0.19867891
1e-06	0.01505067	0.00501764	0.97993069
0.00498431	0.01003371	1e-06	0.98498098
0.00957093	0.98040745	0.01002061	1e-06
0.00501099	0.10876748	0.01982676	0.86639476
0.83645511	0.00467424	0.14416777	0.01470288
0.01003371	0.00501764	0.98494765	1e-06
0.99031175	0.00968625	1e-06	1e-06
0.97491989	1e-06	0.0200615	0.00501761
0.32066131	0.19008033	0.2365963	0.25266206
