#M01259	CTCF
#p.cut	M01259	EpiUwRmapDNaseH1.BMP4.Derived.Mesendoderm.Cultured.Cells.SRX100994	0.01	0.05	0.1	0.25	0.5	0.75	0.9	0.95	0.99	
#p.Tcut2	M01259	EpiUwRmapDNaseH1.BMP4.Derived.Mesendoderm.Cultured.Cells.SRX100994	13.71	15.36	16.11	17.21	18.31	19.4	20.5	21.25	22.9	
#p.Tcut2b	M01259	EpiUwRmapDNaseH1.BMP4.Derived.Mesendoderm.Cultured.Cells.SRX100994	12.95	14.6	15.35	16.44	17.54	18.64	19.74	20.49	22.14	
A	C	G	T
0.23936206	0.27322979	0.284391	0.20301715
0.18357229	0.14482984	0.22642397	0.4451739
0.22370666	0.23973379	0.24148113	0.29507842
0.17656694	0.39423826	0.15939231	0.26980249
0.20120298	0.32888813	0.19137179	0.27853709
0.25447369	0.3303494	0.21785926	0.19731765
0.27223526	0.30146187	0.22742332	0.19887955
0.29697859	0.28570646	0.19146344	0.22585151
0.29761104	0.20211112	0.17678321	0.32349463
0.24962603	0.22266666	0.26177704	0.26593028
0.04340981	0.32020147	0.08320502	0.5531837
0.1712158	0.13807677	0.43679958	0.25390784
0.25079079	0.06275472	0.56261627	0.12383822
0.01606792	0.95822898	0.00731885	0.01838426
1e-06	0.99935379	1e-06	0.00064421
0.9442399	0.00068201	0.01999896	0.03507913
0.01168914	0.65421468	0.3321016	0.00199457
0.11564125	0.56747514	0.04486008	0.27202354
0.99266164	0.00034234	0.00564436	0.00135166
0.0009866	1e-06	0.99866989	0.0003425
0.48107764	1e-06	0.51892036	1e-06
0.0049935	0.00265424	0.58508547	0.40726678
0.00267784	1e-06	0.99631512	0.00100605
0.00336158	0.00033576	0.98629784	0.01000482
0.07451286	0.88560573	0.00128218	0.03859923
0.5153842	0.00067084	0.47765564	0.00628932
0.06135456	0.54809972	0.36853409	0.02201164
0.15315281	0.35537832	0.10682241	0.38464646
0.3880562	0.25026733	0.2762642	0.08541226
0.2021954	0.19694003	0.29500782	0.30585675
0.32293618	0.20060633	0.21515759	0.26129989
0.23574347	0.16080272	0.42046849	0.18298531
0.23332011	0.29980449	0.27732924	0.18954616
0.23874649	0.36926536	0.22018489	0.17180326
0.21545225	0.45160409	0.10477387	0.22816979
0.26914526	0.35255135	0.12151416	0.25678922
0.23936206	0.27322979	0.284391	0.20301715
