#M01263	TBX15
#p.cut	M01263	EpiUwRmapDNaseCD34.Primary.Cells.SRX015226	0.01	0.05	0.1	0.25	0.5	0.75	0.9	0.95	0.99	
#p.Tcut2	M01263	EpiUwRmapDNaseCD34.Primary.Cells.SRX015226	13.19	14.84	15.59	16.68	17.78	18.88	19.98	20.73	22.38	
#p.Tcut2b	M01263	EpiUwRmapDNaseCD34.Primary.Cells.SRX015226	11.92	13.57	14.32	15.42	16.52	17.62	18.72	19.46	21.11	
A	C	G	T
0.2932847	0.22827719	0.2139026	0.26453551
0.82366906	1e-06	0.08805999	0.08826995
0.12679423	0.01284027	0.82226336	0.03810214
0.05134135	0.1002241	0.7862103	0.06222425
0.06267406	0.03804295	0.03730113	0.86198187
0.06334131	0.06262875	0.80993626	0.06409367
0.06349488	0.03783199	0.04998845	0.84868467
0.03851199	0.2527475	0.63271118	0.07602933
0.83502151	0.05074734	0.05057954	0.06365161
0.74587296	0.03676939	0.03812028	0.17923736
0.28020844	0.05075103	0.25438628	0.41465425
0.30436273	0.12703857	0.11446178	0.45413692
0.07600962	0.03722552	0.08879166	0.7979732
0.5193404	0.42944525	0.01284027	0.03837408
0.8354034	0.04978032	0.07642957	0.03838671
0.12586043	0.77268273	0.05135037	0.05010647
0.7854625	0.1018368	0.05015855	0.06254215
0.07698662	0.80846741	0.03851881	0.07602715
0.13988521	0.7463129	0.03778565	0.07601624
0.10158992	0.11210462	1e-06	0.78630447
0.1243721	0.26689004	0.25518172	0.35355615
0.21638568	0.28875173	0.20204336	0.29281922
0.30397036	0.34242303	0.08895668	0.26464993
0.2932847	0.22827719	0.2139026	0.26453551
