#M01245	mTERF
#p.cut	M01245	EpiUwRmapDNaseMobilized.CD3.Primary.Cells.SRX089240	0.01	0.05	0.1	0.25	0.5	0.75	0.9	0.95	0.99	
#p.Tcut2	M01245	EpiUwRmapDNaseMobilized.CD3.Primary.Cells.SRX089240	14.19	15.84	16.59	17.68	18.78	19.88	20.98	21.73	23.38	
#p.Tcut2b	M01245	EpiUwRmapDNaseMobilized.CD3.Primary.Cells.SRX089240	11.84	13.49	14.24	15.34	16.44	17.54	18.63	19.38	21.03	
A	C	G	T
0.22851852	0.16611111	0.30351852	0.30185185
0.19865316	0.33996941	0.2206504	0.24072703
0.2976687	0.18079461	0.19193777	0.32959892
0.18748015	0.21074184	0.36932424	0.23245376
0.18836395	0.2599941	0.29060821	0.26103373
0.22920376	0.17855742	0.26192424	0.33031458
0.19937383	0.15879874	0.31285239	0.32897504
0.18828451	0.20120029	0.36267715	0.24783805
1e-06	0.00994078	0.17146166	0.81859656
0.02008086	1e-06	0.97991714	1e-06
1e-06	1e-06	0.98985692	0.01014108
0.09967899	0.25882952	0.06873755	0.57275394
0.63852731	0.07057551	0.11969536	0.17120182
0.37926855	0.1102966	0.430001	0.08043384
0.51812626	0.03932955	0.1820043	0.26053989
0.5203101	0.00915306	0.40116258	0.06937426
0.02028795	0.01931335	0.62055691	0.33984178
0.01014787	0.04047194	0.04024742	0.90913277
0.02015568	0.10098593	0.01935544	0.85950295
0.02948188	1e-06	0.96037011	0.01014701
0.03021092	0.01000881	0.95977926	1e-06
0.03016445	0.02029474	1e-06	0.94953981
0.22997344	0.12872414	0.36995654	0.27134587
0.29019582	0.1578803	0.2217908	0.33013308
0.21950014	0.19982467	0.25964784	0.32102736
0.26097284	0.12904121	0.3089697	0.30101624
0.21024769	0.25993745	0.30007115	0.22974371
0.29887069	0.20099827	0.19942895	0.30070208
0.28918205	0.15988389	0.28952497	0.26140909
0.26052061	0.20956217	0.25833684	0.27158038
0.21067259	0.24057132	0.28006145	0.26869463
0.40112383	0.18004336	0.15955788	0.25927494
0.22851852	0.16611111	0.30351852	0.30185185
