#M01243	MTF1
#p.cut	M01243	EpiUwRmapDNaseFetal.Kidney.Left.SRX201834	0.01	0.05	0.1	0.25	0.5	0.75	0.9	0.95	0.99	
#p.Tcut2	M01243	EpiUwRmapDNaseFetal.Kidney.Left.SRX201834	14.89	16.54	17.29	18.39	19.48	20.58	21.68	22.43	24.08	
#p.Tcut2b	M01243	EpiUwRmapDNaseFetal.Kidney.Left.SRX201834	11.19	12.84	13.59	14.69	15.79	16.89	17.99	18.73	20.38	
A	C	G	T
0.16024909	0.36834458	0.31639855	0.15500778
0.15141693	0.185858	0.59267365	0.07005143
0.10682513	0.63099235	0.1820459	0.08013662
0.1115041	0.20906673	0.60209578	0.07733338
0.11727633	0.64808961	0.11815799	0.11647607
0.31787727	0.42875051	0.16600858	0.08736363
1e-06	0.01680234	0.00981467	0.97338199
0.00245442	0.00245442	0.99509016	1e-06
1e-06	0.99520697	0.00479103	1e-06
0.00705192	0.00937801	0.97866223	0.00490784
0.00479103	0.99050025	1e-06	0.00470772
0.96121484	0.00490777	0.03155577	0.00232162
0.00717643	0.96364169	0.02672747	0.00245442
0.19305481	0.17779307	0.32717128	0.30198083
0.16024909	0.36834458	0.31639855	0.15500778
