#M01257	SRF
#p.cut	M01257	EpiUwRmapDNaseiPS.DF.1911.Cell.Line.SRX135563	0.01	0.05	0.1	0.25	0.5	0.75	0.9	0.95	0.99	
#p.Tcut2	M01257	EpiUwRmapDNaseiPS.DF.1911.Cell.Line.SRX135563	15.15	16.8	17.55	18.65	19.75	20.85	21.94	22.69	24.34	
#p.Tcut2b	M01257	EpiUwRmapDNaseiPS.DF.1911.Cell.Line.SRX135563	13.6	15.25	16	17.1	18.2	19.29	20.39	21.14	22.79	
A	C	G	T
0.31034483	0.23243695	0.24478899	0.21242923
0.23661304	0.17007094	0.15824791	0.4350681
0.14917148	0.15363332	0.40033288	0.29686232
0.21109969	0.28939768	0.25474631	0.24475633
0.00563692	0.98886163	1e-06	0.00550044
0.00189407	0.98371794	0.00184214	0.01254584
0.89580844	0.01988143	0.00941433	0.07489581
0.52938073	0.00730231	0.00930143	0.45401553
0.99054209	1e-06	0.00945591	1e-06
0.20279896	0.02229666	0.01277366	0.76213072
0.98692729	0.00189407	0.00739303	0.00378561
0.88610981	1e-06	0.007561	0.10632818
0.00363897	0.00189407	0.99084397	0.00362298
0.00378714	1e-06	0.99242471	0.00378715
0.33580979	0.43638103	0.17163798	0.0561712
0.61371348	0.30598156	0.07473406	0.0055709
0.78588496	0.01865871	0.1414003	0.05405604
0.31034483	0.23243695	0.24478899	0.21242923
