#M01255	IPF1
#p.cut	M01255	UwDgfHepg2	0.01	0.05	0.1	0.25	0.5	0.75	0.9	0.95	0.99	
#p.Tcut2	M01255	UwDgfHepg2	20.44	22.09	22.84	23.94	25.04	26.14	27.24	27.98	29.63	
#p.Tcut2b	M01255	UwDgfHepg2	11.69	13.34	14.09	15.19	16.29	17.39	18.48	19.23	20.88	
A	C	G	T
0.39467286	0.15771441	0.14522546	0.30238727
0.9798301	0.00570871	0.00577011	0.00869108
0.60042281	0.24130745	0.15275991	0.00550983
0.26689688	0.01139258	0.00293969	0.71877085
0.03720254	0.93675355	0.01173636	0.01430755
0.98282513	1e-06	0.01717287	1e-06
1e-06	0.01147346	0.00855837	0.97996717
0.00874326	0.01170151	0.00288236	0.97667286
0.97988779	0.00293969	0.00587509	0.01129743
0.97696461	0.00587153	0.00862563	0.00853822
0.97689934	0.00575252	0.00581147	0.01153666
0.96847834	0.00561978	0.01447101	0.01143088
0.33875281	0.02887013	0.00286673	0.62951033
0.29061216	0.1475042	0.31047027	0.25141337
0.39467286	0.15771441	0.14522546	0.30238727
