#M01231	ZNF515
#p.cut	M01231	OpenChromDnaseHsmmemb	0.01	0.05	0.1	0.25	0.5	0.75	0.9	0.95	0.99	
#p.Tcut2	M01231	OpenChromDnaseHsmmemb	13.24	14.89	15.63	16.73	17.83	18.93	20.03	20.77	22.43	
#p.Tcut2b	M01231	OpenChromDnaseHsmmemb	10.4	12.05	12.8	13.89	14.99	16.09	17.19	17.94	19.59	
A	C	G	T
0.16866817	0.23688488	0.39503386	0.19941309
0.03206935	0.2949063	0.63686494	0.0361594
0.02277888	0.18027104	0.09032326	0.70662682
0.0337505	0.03198134	0.87996948	0.05429868
0.01811708	0.01155078	0.93883403	0.0314981
0.01583071	0.01127104	0.96390735	0.0089909
0.02679518	1e-06	0.95516416	0.01803967
0.01551911	0.00674964	0.975417	0.00231425
0.00917245	0.02023582	0.92997749	0.04061425
0.01767905	0.09030621	0.02702341	0.86499133
0.22891502	0.7018688	0.04043997	0.02877621
0.20311766	0.27512399	0.22129594	0.3004624
0.16866817	0.23688488	0.39503386	0.19941309
