#M01332	Barhl-1
#p.cut	M01332	EpiUwRmapDNaseFetal.Brain.SRX027083	0.01	0.05	0.1	0.25	0.5	0.75	0.9	0.95	0.99	
#p.Tcut2	M01332	EpiUwRmapDNaseFetal.Brain.SRX027083	17.03	18.68	19.43	20.52	21.62	22.72	23.82	24.57	26.22	
#p.Tcut2b	M01332	EpiUwRmapDNaseFetal.Brain.SRX027083	10.55	12.2	12.94	14.04	15.14	16.24	17.34	18.08	19.74	
A	C	G	T
0.37449424	0.18775288	0.16293184	0.27482104
0.65982422	0.15040311	0.08220881	0.10756386
0.83798572	0.03902102	0.07003796	0.0529553
0.47920357	0.33783658	0.0613414	0.12161845
0.97187361	0.00663166	0.01930045	0.00219428
0.85014821	0.01103057	0.13661026	0.00221096
0.01983932	0.72998768	0.19358682	0.05658618
0.01288111	0.83787296	0.00441303	0.1448329
0.99337056	0.00221122	0.00441722	1e-06
0.98490365	0.00221122	0.00653498	0.00635014
1e-06	0.00430611	0.00221122	0.99348167
1e-06	0.00654488	0.00856667	0.98488745
0.98924607	0.00435274	0.00204064	0.00436055
0.79444672	1e-06	0.17905698	0.02649529
0.11755507	0.15271368	0.34047889	0.38925236
0.35933912	0.0977393	0.15504198	0.38787961
0.22773796	0.42465208	0.09417474	0.25343522
0.37449424	0.18775288	0.16293184	0.27482104
