#M01353	Lhx5
#p.cut	M01353	UwDgfSknshra	0.01	0.05	0.1	0.25	0.5	0.75	0.9	0.95	0.99	
#p.Tcut2	M01353	UwDgfSknshra	22.37	24.02	24.77	25.86	26.96	28.06	29.16	29.91	31.56	
#p.Tcut2b	M01353	UwDgfSknshra	11.31	12.96	13.71	14.81	15.9	17	18.1	18.85	20.5	
A	C	G	T
0.38892788	0.14448343	0.13489279	0.33169591
0.24774133	0.23622438	0.30387024	0.21216404
0.38545762	0.14601542	0.1921629	0.27636406
0.7682846	0.13354066	0.0269156	0.07125914
0.89223637	0.00908291	0.06720777	0.03147294
0.01756153	0.00874509	0.01317086	0.96052251
0.02229214	1e-06	0.00454189	0.97316496
0.98645553	0.00454193	0.00454141	0.00446113
0.96492141	0.02185588	0.00454196	0.00868076
0.00884846	1e-06	0.00454196	0.98660859
1e-06	0.00426565	1e-06	0.99573235
0.97807617	0.00413435	0.00871407	0.00907541
0.97802724	1e-06	0.01771118	0.00426058
0.7310384	0.03607468	0.00444688	0.22844004
0.27865999	0.01307999	0.00454196	0.70371806
0.49735713	0.14252579	0.12411714	0.23599994
0.5208202	0.20822788	0.05370429	0.21724763
0.07980552	0.20544012	0.07983094	0.63492341
0.38892788	0.14448343	0.13489279	0.33169591
