#M01316	Oct-6
#p.cut	M01316	UwDgfHepg2	0.01	0.05	0.1	0.25	0.5	0.75	0.9	0.95	0.99	
#p.Tcut2	M01316	UwDgfHepg2	23.17	24.82	25.56	26.66	27.76	28.86	29.96	30.71	32.36	
#p.Tcut2b	M01316	UwDgfHepg2	12.26	13.91	14.65	15.75	16.85	17.95	19.05	19.8	21.45	
A	C	G	T
0.36761752	0.14262756	0.13914557	0.35060935
0.29762672	0.22920362	0.25263507	0.22053459
0.26761689	0.23591487	0.16049091	0.33597732
0.26075588	0.20433682	0.24460398	0.29030333
0.2448736	0.26536607	0.17688145	0.31287887
0.1832733	0.23523541	0.23831583	0.34317545
0.31077553	0.19242414	0.18337886	0.31342147
0.25282744	0.23501143	0.17741612	0.334745
0.34346794	0.18197692	0.17608331	0.29847184
0.35203196	0.19670126	0.16921696	0.28204982
0.33479142	0.21357164	0.17670256	0.27493438
0.30605737	0.18416731	0.12254137	0.38723396
0.32992261	0.18418149	0.18995814	0.29593776
0.30524282	0.19176279	0.16955293	0.33344146
0.26772668	0.21434999	0.21381342	0.30410992
0.36692775	0.15174394	0.1384139	0.34291441
0.28313038	0.15933385	0.192866	0.36466978
0.38158671	0.17555704	0.20688628	0.23596996
0.40637713	0.16039854	0.14470961	0.28851473
0.32683522	0.15309492	0.14488553	0.37518433
0.35771271	0.15225903	0.16821339	0.32181486
0.51512947	0.0459488	0.18889044	0.25003129
0.56529945	0.0841699	0.16853082	0.18199983
0.25996812	0.19032715	0.10761763	0.44208711
0.06113697	1e-06	0.10078054	0.83808149
0.97675012	0.0155031	1e-06	0.00774577
0.99249135	0.00750665	1e-06	1e-06
0.02333409	0.00767857	0.0153152	0.95367214
0.02258023	0.01528695	1e-06	0.96213182
0.99231943	1e-06	0.00767857	1e-06
0.999997	1e-06	1e-06	1e-06
0.03884811	1e-06	1e-06	0.96114989
0.0155616	0.00778104	0.03742679	0.93923057
0.96193558	0.00777219	0.00777835	0.02251388
0.96213371	1e-06	0.03786429	1e-06
0.13019727	0.09943217	0.17521495	0.59515561
0.21506355	0.02225973	0.0841877	0.67848902
0.36761752	0.14262756	0.13914557	0.35060935
