#M01354	Oct-1
#p.cut	M01354	UwDgfSknshra	0.01	0.05	0.1	0.25	0.5	0.75	0.9	0.95	0.99	
#p.Tcut2	M01354	UwDgfSknshra	22.26	23.91	24.66	25.76	26.86	27.96	29.06	29.8	31.45	
#p.Tcut2b	M01354	UwDgfSknshra	11.07	12.72	13.47	14.57	15.67	16.76	17.86	18.61	20.26	
A	C	G	T
0.36366213	0.12868481	0.14691988	0.36073318
0.51986152	0.02637849	0.14620508	0.3075549
0.03702087	0.01613989	0.01055129	0.93628795
0.33827106	0.0159643	0.25530294	0.3904617
0.46606614	0.09443143	0.01078531	0.42871713
0.70820672	0.02135833	0.21718352	0.05325143
0.32742558	0.07862871	0.0051425	0.58880321
0.01056553	0.01039296	1e-06	0.9790405
0.98382052	0.01078531	1e-06	0.00539317
0.99460556	1e-06	1e-06	0.00539244
0.01588262	0.01039102	1e-06	0.97372536
1e-06	0.01568561	0.02620058	0.95811282
0.97868028	1e-06	1e-06	0.02131772
0.83153831	0.01595979	0.12602052	0.02648138
0.06350602	0.06401759	0.37447417	0.49800222
0.04780639	0.01045709	0.00537958	0.93635694
0.66771865	0.00538471	0.0314678	0.29542884
0.36366213	0.12868481	0.14691988	0.36073318
