#M01312	Nkx2-1
#p.cut	M01312	UwDnaseTh1	0.01	0.05	0.1	0.25	0.5	0.75	0.9	0.95	0.99	
#p.Tcut2	M01312	UwDnaseTh1	16.77	18.42	19.17	20.27	21.36	22.46	23.56	24.31	25.96	
#p.Tcut2b	M01312	UwDnaseTh1	13.84	15.49	16.24	17.34	18.44	19.54	20.64	21.38	23.03	
A	C	G	T
0.29255022	0.22691127	0.1796875	0.300851
0.49178354	0.23521953	0.15718356	0.11581337
0.8524207	0.00402801	0.0857405	0.05781078
0.11660933	0.09364762	0.65530552	0.13443753
0.02716554	0.92645878	0.03121266	0.01516302
0.01144879	0.9188679	1e-06	0.06968231
0.93425067	0.02308604	0.01548554	0.02717775
1e-06	0.98434598	1e-06	0.01565202
0.01201968	0.02352498	0.00805578	0.95639956
0.00402838	0.01929475	1e-06	0.97667587
0.20670373	0.07488033	0.70701567	0.01140027
0.9419094	0.01141001	0.01205491	0.03462568
0.50647912	0.35965876	0.11819869	0.01566344
0.36900439	0.25657764	0.03096117	0.3434568
0.13705541	0.05441257	0.01962443	0.78890759
0.07677116	0.12130737	0.03221716	0.7697043
0.29255022	0.22691127	0.1796875	0.300851
