#M01313	Six-1
#p.cut	M01313	UwDnaseHmvecdad	0.01	0.05	0.1	0.25	0.5	0.75	0.9	0.95	0.99	
#p.Tcut2	M01313	UwDnaseHmvecdad	14.85	16.5	17.25	18.35	19.45	20.54	21.64	22.39	24.04	
#p.Tcut2b	M01313	UwDnaseHmvecdad	12.15	13.8	14.55	15.65	16.75	17.85	18.95	19.69	21.34	
A	C	G	T
0.28284452	0.18133119	0.24922995	0.28659435
0.38321483	0.10689424	0.35790028	0.15199064
0.66432089	0.13670941	0.04580462	0.15316507
0.23604013	0.03821319	0.22165903	0.50408765
0.49659325	0.0155938	0.46512714	0.02268581
0.17417977	0.00769298	0.80285911	0.01526814
0.02232258	1e-06	0.96987902	0.0077974
0.21467238	1e-06	0.78532562	1e-06
0.0077974	0.0077974	0.0077974	0.9766078
0.9469073	0.0077974	0.0452943	1e-06
1e-06	0.01559185	1e-06	0.98440615
1e-06	0.96999873	0.01508643	0.01491384
0.94610411	0.00779524	0.03840767	0.00769298
0.13810713	0.22298524	0.13725959	0.50164803
0.23046093	0.15250126	0.26581689	0.35122092
0.35113964	0.0919659	0.08306403	0.47383043
0.13542777	0.23784932	0.3431711	0.28355181
0.14395254	0.0532053	0.18380921	0.61903295
0.28284452	0.18133119	0.24922995	0.28659435
