#M01304	SRF
#p.cut	M01304	EpiUwRmapDNaseiPS.DF.1911.Cell.Line.SRX135563	0.01	0.05	0.1	0.25	0.5	0.75	0.9	0.95	0.99	
#p.Tcut2	M01304	EpiUwRmapDNaseiPS.DF.1911.Cell.Line.SRX135563	15	16.65	17.4	18.5	19.6	20.7	21.8	22.54	24.19	
#p.Tcut2b	M01304	EpiUwRmapDNaseiPS.DF.1911.Cell.Line.SRX135563	13.29	14.94	15.69	16.79	17.89	18.98	20.08	20.83	22.48	
A	C	G	T
0.31724944	0.2305695	0.24714385	0.20503722
0.32891314	0.27803047	0.349495	0.04356139
0.46892729	0.01378493	0.19528162	0.32200617
0.00219078	0.9838828	0.00465641	0.00927002
0.00232897	0.98865028	0.00232897	0.00669177
0.96791978	0.00453633	0.01827383	0.00927007
0.47520882	0.01801128	0.00465695	0.50212296
0.97067302	0.00673039	0.02259559	1e-06
0.29798751	0.00912105	0.01150751	0.68138393
0.98637671	0.00232897	0.01129332	1e-06
0.92925928	0.00232897	0.02727188	0.04113987
0.0065878	1e-06	0.98439293	0.00901827
0.01339327	1e-06	0.98438997	0.00221576
0.45909107	0.33476498	0.20148816	0.00465579
0.31724944	0.2305695	0.24714385	0.20503722
