#M01356	PMX2B
#p.cut	M01356	EpiUwRmapDNaseFetal.Brain.SRX027083	0.01	0.05	0.1	0.25	0.5	0.75	0.9	0.95	0.99	
#p.Tcut2	M01356	EpiUwRmapDNaseFetal.Brain.SRX027083	16.2	17.85	18.6	19.7	20.8	21.9	23	23.74	25.39	
#p.Tcut2b	M01356	EpiUwRmapDNaseFetal.Brain.SRX027083	9.27	10.92	11.67	12.77	13.87	14.97	16.06	16.81	18.46	
A	C	G	T
0.34883721	0.14810282	0.19339045	0.30966952
0.18705366	0.21161608	0.27748237	0.32384789
0.27743546	0.23543175	0.18180091	0.30533188
0.23315544	0.21076338	0.18464955	0.37143163
0.32245017	0.2119058	0.14063073	0.3250133
0.27998796	0.18534336	0.25542212	0.27924657
0.23003557	0.16289616	0.25739611	0.34967216
0.41611177	0.14047195	0.14019189	0.3032244
0.25341406	0.27890216	0.2106687	0.25701508
0.27919778	0.16013797	0.186319	0.37434525
0.30335714	0.18790125	0.18425353	0.32448809
0.20969191	0.20920922	0.25454316	0.32655571
0.30247932	0.18621474	0.16351538	0.34779055
0.30237075	0.1161242	0.18651536	0.39498969
0.32455154	0.11784391	0.34583812	0.21176642
0.39798086	0.16501522	0.22649966	0.21050427
0.34947449	0.18399302	0.18754231	0.27899018
0.41841759	0.13829467	0.23276788	0.21051987
0.1845755	0.16374614	0.27823617	0.37344218
0.34814674	0.16074924	0.30486546	0.18623856
0.51348924	0.27764459	0.20886517	1e-06
0.39613826	0.0941547	0.23237952	0.27732753
0.13856787	0.16391462	0.34742712	0.35009039
0.97642055	1e-06	1e-06	0.02357745
0.90714359	1e-06	0.09285441	1e-06
1e-06	0.04654286	1e-06	0.95345514
1e-06	1e-06	1e-06	0.999997
0.999997	1e-06	1e-06	1e-06
0.999997	1e-06	1e-06	1e-06
1e-06	1e-06	1e-06	0.999997
1e-06	1e-06	1e-06	0.999997
0.999997	1e-06	1e-06	1e-06
0.95284421	1e-06	0.04715379	1e-06
0.07019362	0.16158377	0.20961837	0.55860423
0.37367136	0.04715384	0.30116825	0.27800656
0.35055831	0.16308718	0.23017305	0.25618146
0.20730995	0.16294692	0.44342263	0.18632051
0.30522032	0.18370958	0.16359489	0.34747521
0.25619719	0.11492358	0.25651873	0.3723605
0.278422	0.30275475	0.16369488	0.25512837
0.25288808	0.1393478	0.18826525	0.41949887
0.34753654	0.1171328	0.23252674	0.30280392
0.32729101	0.25424049	0.30090711	0.11756139
0.30339521	0.18602079	0.23405618	0.27652782
0.25663154	0.18683357	0.18460544	0.37192945
0.20978896	0.16440435	0.27626355	0.34954314
0.30299185	0.18347321	0.25489867	0.25863627
0.42060063	0.27512768	0.11788274	0.18638895
0.34863064	0.11749081	0.23448323	0.29939531
0.32748168	0.16354134	0.184098	0.32487898
0.39488177	0.16445032	0.18290385	0.25776406
0.23284853	0.23304892	0.27823845	0.2558641
0.30258567	0.18799613	0.25477376	0.25464444
0.23107626	0.2788638	0.23342924	0.25663071
0.34883721	0.14810282	0.19339045	0.30966952
