#M01358	Six-3
#p.cut	M01358	UwDnaseHmvecdad	0.01	0.05	0.1	0.25	0.5	0.75	0.9	0.95	0.99	
#p.Tcut2	M01358	UwDnaseHmvecdad	14.8	16.45	17.2	18.29	19.39	20.49	21.59	22.34	23.99	
#p.Tcut2b	M01358	UwDnaseHmvecdad	11.64	13.3	14.04	15.14	16.24	17.34	18.44	19.18	20.84	
A	C	G	T
0.30153509	0.17475329	0.24232456	0.28138706
0.45146273	0.09382699	0.32162158	0.13308869
0.82844453	0.03131351	0.03871294	0.10152902
0.34237811	0.03902741	0.17237478	0.4462197
0.56997104	0.00722709	0.34359481	0.07920707
0.06236675	0.02347025	0.85925277	0.05491023
0.03069087	1e-06	0.95359777	0.01571037
0.23417689	0.00794155	0.75038446	0.0074971
0.0073233	0.03007636	0.03177976	0.93082059
0.95317293	1e-06	0.04682507	1e-06
0.0152708	0.01567489	1e-06	0.96905331
1e-06	0.96861762	1e-06	0.03138038
0.96032974	1e-06	0.03186742	0.00780183
0.18081649	0.44586182	0.08421426	0.28910743
0.25180778	0.24055817	0.1555929	0.35204115
0.41568741	0.06191559	0.0947726	0.4276244
0.38840246	0.11910014	0.21747435	0.27502306
0.08713142	0.09969297	0.23340064	0.57977498
0.30153509	0.17475329	0.24232456	0.28138706
