#M01327	Vax-2
#p.cut	M01327	UwDnaseHpaec	0.01	0.05	0.1	0.25	0.5	0.75	0.9	0.95	0.99	
#p.Tcut2	M01327	UwDnaseHpaec	14.56	16.21	16.96	18.06	19.16	20.26	21.35	22.1	23.75	
#p.Tcut2b	M01327	UwDnaseHpaec	10.42	12.07	12.82	13.92	15.02	16.12	17.21	17.96	19.61	
A	C	G	T
0.30883167	0.20238095	0.18756921	0.30121816
0.38803058	0.06994645	0.13208143	0.40994153
0.28684083	0.17974146	0.24718555	0.28623217
0.10750061	0.54543696	0.19981878	0.14724365
0.79877463	0.05422637	0.11617221	0.0308268
0.0076278	0.65788313	0.06156432	0.27292475
0.00792177	0.03905265	1e-06	0.95302458
0.95379249	0.03109128	0.01511524	1e-06
0.999997	1e-06	1e-06	1e-06
1e-06	0.00728717	1e-06	0.99271083
1e-06	0.00735469	1e-06	0.99264331
0.99264331	1e-06	1e-06	0.00735469
0.80626636	0.03917312	0.13159859	0.02296194
0.00749126	0.14765816	0.51908261	0.32576797
0.52537843	0.11619312	0.26449217	0.09393629
0.08370946	0.80778944	0.08535046	0.02315064
0.30883167	0.20238095	0.18756921	0.30121816
