#M01367	Lhx9
#p.cut	M01367	UwDgfSknshra	0.01	0.05	0.1	0.25	0.5	0.75	0.9	0.95	0.99	
#p.Tcut2	M01367	UwDgfSknshra	18.71	20.37	21.11	22.21	23.31	24.41	25.51	26.25	27.9	
#p.Tcut2b	M01367	UwDgfSknshra	11.43	13.08	13.83	14.93	16.03	17.13	18.22	18.97	20.62	
A	C	G	T
0.30860936	0.1937953	0.14692136	0.35067398
0.15812866	0.48664086	0.09598663	0.25924385
0.03459608	0.41321324	0.18201346	0.37017722
0.226577	0.56178336	0.00755438	0.20408526
0.86948256	0.01932073	0.03492849	0.07626822
0.01156462	0.12804985	0.02227256	0.83811297
0.00394495	0.0387942	0.00374528	0.95351557
0.98079348	0.01172199	0.00380668	0.00367786
0.98487354	1e-06	0.00393104	0.01119442
0.00394495	0.01548739	0.00394495	0.97662271
0.00752346	0.01161328	0.0073025	0.97356075
0.96155194	1e-06	0.03450211	0.00394495
0.78310653	0.01180848	0.13918275	0.06590225
0.12378096	0.04273843	0.03861538	0.79486524
0.19082683	0.31954514	0.10073	0.38889802
0.69866346	0.17426236	0.06230297	0.06477122
0.1924977	0.41779262	0.15472704	0.23498264
0.08111544	0.28288026	0.08179619	0.55420812
0.30860936	0.1937953	0.14692136	0.35067398
