#M01369	HOXC4
#p.cut	M01369	EpiUwRmapDNaseFetal.Spinal.Cord.SRX201795	0.01	0.05	0.1	0.25	0.5	0.75	0.9	0.95	0.99	
#p.Tcut2	M01369	EpiUwRmapDNaseFetal.Spinal.Cord.SRX201795	17.84	19.49	20.24	21.34	22.44	23.53	24.63	25.38	27.03	
#p.Tcut2b	M01369	EpiUwRmapDNaseFetal.Spinal.Cord.SRX201795	10.27	11.92	12.67	13.76	14.86	15.96	17.06	17.81	19.46	
A	C	G	T
0.34728387	0.19065737	0.15296273	0.30909603
0.16145401	0.77417698	0.03243516	0.03193384
0.3375084	0.19651029	0.27462737	0.19135393
0.44880941	0.37392281	0.07265787	0.10460991
0.63006305	0.08008807	0.14925279	0.14059609
0.0118033	0.02039734	1e-06	0.96779835
0.00817414	0.00402514	0.02035644	0.96744428
0.98028797	0.01561663	0.0040944	1e-06
0.999997	1e-06	1e-06	1e-06
1e-06	1e-06	0.00408865	0.99590935
1e-06	0.0040944	0.01228121	0.98362339
0.9796214	0.00818205	0.0040944	0.00810215
0.97997841	1e-06	0.01203431	0.00798628
0.1089124	0.34852129	0.14611244	0.39645387
0.50689506	0.12514056	0.09681755	0.27114683
0.65804833	0.22202877	0.0835387	0.0363842
0.34728387	0.19065737	0.15296273	0.30909603
