#M01384	Rhox11
#p.cut	M01384	EpiUwRmapDNaseMobilized.CD3.Primary.Cells.SRX089240	0.01	0.05	0.1	0.25	0.5	0.75	0.9	0.95	0.99	
#p.Tcut2	M01384	EpiUwRmapDNaseMobilized.CD3.Primary.Cells.SRX089240	15.63	17.28	18.03	19.13	20.22	21.32	22.42	23.17	24.82	
#p.Tcut2b	M01384	EpiUwRmapDNaseMobilized.CD3.Primary.Cells.SRX089240	12.03	13.68	14.43	15.53	16.63	17.73	18.82	19.57	21.22	
A	C	G	T
0.31414005	0.17903734	0.2202729	0.28654971
0.79433003	0.02612384	0.06754401	0.11200212
0.51314578	0.18717947	0.17193263	0.12774212
0.18983164	0.0337963	0.37648133	0.39989073
0.3831414	0.34463206	0.16199053	0.11023601
0.12704531	0.28531071	0.01741691	0.57022708
0.05188958	1e-06	0.93957948	0.00852994
1e-06	0.95702778	0.01725756	0.02571366
0.01670759	1e-06	1e-06	0.98329041
0.04251233	0.03344381	0.92404287	1e-06
0.01726123	0.01741652	0.00821068	0.95711157
0.58348256	1e-06	0.01725953	0.39925691
0.94005325	0.0086408	0.02562658	0.02567937
0.71944187	0.00827538	0.03346377	0.23881897
0.46764135	0.01736934	0.32529889	0.18969041
0.37885429	0.33142364	0.21214832	0.07757376
0.46152461	0.09332095	0.41983785	0.02531659
0.58158271	0.02591649	0.03421141	0.35828939
0.31414005	0.17903734	0.2202729	0.28654971
