#M01350	Nkx2-4
#p.cut	M01350	UwDgfT47d	0.01	0.05	0.1	0.25	0.5	0.75	0.9	0.95	0.99	
#p.Tcut2	M01350	UwDgfT47d	17.84	19.49	20.24	21.34	22.44	23.54	24.64	25.38	27.03	
#p.Tcut2b	M01350	UwDgfT47d	13.98	15.63	16.38	17.47	18.57	19.67	20.77	21.52	23.17	
A	C	G	T
0.30752454	0.23514177	0.16412214	0.29321156
0.35856037	0.14918707	0.08044035	0.41181221
0.70944838	0.05413004	0.1115439	0.12487768
0.84390108	1e-06	0.02307558	0.13302234
0.30239531	0.06863053	0.52330221	0.10567195
0.02645885	0.93161661	0.03414562	0.00777892
0.01151006	0.8897873	0.00392541	0.09477723
0.93021021	0.00756955	0.02322359	0.03899665
1e-06	0.97341023	1e-06	0.02658777
1e-06	0.01503078	1e-06	0.98496722
1e-06	0.03443002	1e-06	0.96556798
0.32332352	0.08788894	0.58486212	0.00392541
0.96237341	0.01524109	0.00746596	0.01491954
0.54901506	0.38479834	0.054426	0.0117606
0.61689178	0.12277205	0.01140908	0.24892709
0.19036542	0.10030442	0.00392541	0.70540475
0.06114089	0.22124816	0.00784978	0.70976117
0.30752454	0.23514177	0.16412214	0.29321156
