#M01360	Dbx-2
#p.cut	M01360	UwDgfNb4	0.01	0.05	0.1	0.25	0.5	0.75	0.9	0.95	0.99	
#p.Tcut2	M01360	UwDgfNb4	24.88	26.53	27.28	28.38	29.47	30.57	31.67	32.42	34.07	
#p.Tcut2b	M01360	UwDgfNb4	13.13	14.78	15.52	16.62	17.72	18.82	19.92	20.67	22.32	
A	C	G	T
0.33760108	0.12230458	0.13881402	0.40128032
0.22607116	0.18931336	0.24580916	0.33880632
0.32019034	0.20690154	0.13283728	0.34007084
0.28216461	0.17008792	0.17048226	0.37726521
0.26548122	0.22545879	0.2260708	0.28298918
0.26660032	0.20558009	0.18876067	0.33905892
0.39774665	0.16929518	0.15279	0.28016816
0.3006362	0.16900566	0.11401364	0.4163445
0.39574514	0.09254052	0.11353933	0.39817501
0.35534343	0.13055645	0.20855247	0.30554765
0.31830016	0.11453147	0.18746876	0.37969961
0.34000648	0.13225348	0.13272787	0.39501218
0.45362043	0.14874795	0.20904504	0.18858659
0.20830392	0.16984147	0.26477662	0.35707798
0.22570938	0.17004333	0.09297026	0.51127703
0.34073848	0.14839696	0.16942928	0.34143528
0.30025834	0.13341454	0.16932881	0.39699831
0.07588689	0.11200548	0.13223906	0.67986858
0.18918409	1e-06	0.21038712	0.60042779
0.13356839	0.16918635	0.07541971	0.62182555
0.86791489	0.09530422	1e-06	0.03677989
0.96243426	1e-06	0.01836439	0.01920035
0.01920035	0.01920035	1e-06	0.96159829
1e-06	1e-06	1e-06	0.999997
0.999997	1e-06	1e-06	1e-06
0.94239988	1e-06	0.01920035	0.03839876
1e-06	1e-06	1e-06	0.999997
1e-06	1e-06	0.03717148	0.96282652
0.96236225	0.01920035	1e-06	0.0184364
0.71517934	0.01920035	0.11393718	0.15168312
0.01801688	1e-06	0.09383146	0.88815066
0.15000284	0.01919169	1e-06	0.83080447
0.54741912	0.13211855	0.05676913	0.2636932
0.49225029	0.09509551	0.11268038	0.29997382
0.13219548	0.11431307	0.13035798	0.62313347
0.20941587	0.1127004	0.13380188	0.54408185
0.35631279	0.13209451	0.150632	0.3609607
0.41654569	0.20716105	0.11339059	0.26290267
0.3236182	0.09400806	0.15065651	0.43171724
0.2652056	0.1142984	0.22735148	0.39314452
0.26394034	0.22805579	0.16772052	0.34028334
0.39506607	0.18977293	0.09263311	0.32252789
0.32105434	0.01847924	0.17010705	0.49035937
0.15222568	0.22837135	0.2083722	0.41103077
0.30495041	0.19031086	0.16798365	0.33675507
0.3221156	0.22826016	0.13320892	0.31641533
0.26422511	0.114157	0.22781088	0.39380701
0.22861377	0.09513045	0.2434809	0.43277488
0.39734113	0.14919914	0.16932799	0.28413174
0.28268212	0.13419656	0.24588798	0.33723335
0.35625722	0.11359323	0.18896018	0.34118937
0.33911345	0.22658295	0.20791687	0.22638672
0.33760108	0.12230458	0.13881402	0.40128032
