#M01352	Nkx2-9
#p.cut	M01352	UwDnaseTh1	0.01	0.05	0.1	0.25	0.5	0.75	0.9	0.95	0.99	
#p.Tcut2	M01352	UwDnaseTh1	19.73	21.38	22.13	23.22	24.32	25.42	26.52	27.27	28.92	
#p.Tcut2b	M01352	UwDnaseTh1	12.4	14.05	14.79	15.89	16.99	18.09	19.19	19.93	21.59	
A	C	G	T
0.33196272	0.15718202	0.15592105	0.35493421
0.12138263	0.03219379	0.06619738	0.78022621
0.12068939	0.10006122	0.08825359	0.6909958
0.23099113	0.11287306	0.03728393	0.61885189
0.43880714	0.03137456	0.20311458	0.32670372
0.85036754	0.0060815	0.13119349	0.01235748
0.96916743	1e-06	0.01553952	0.01529205
0.02508196	0.00923969	0.95370127	0.01197708
0.00299502	0.1408915	1e-06	0.85611248
0.87426004	0.00314958	0.12258938	1e-06
1e-06	0.95380122	0.0127188	0.03347899
0.00311445	0.01254271	0.00913567	0.97520717
0.00612951	0.11540903	0.01552087	0.86294059
0.56523959	0.07496176	0.21662565	0.14317301
0.92241067	0.00321062	0.0097679	0.06461082
0.7441237	0.02500641	0.04969103	0.18117886
0.27166145	0.06304653	0.14502164	0.52027037
0.1448978	0.2546049	0.06691969	0.53357761
0.33196272	0.15718202	0.15592105	0.35493421
