#M01335	Vsx1
#p.cut	M01335	EpiUwRmapDNaseCD4.Primary.Cells.SRX204404	0.01	0.05	0.1	0.25	0.5	0.75	0.9	0.95	0.99	
#p.Tcut2	M01335	EpiUwRmapDNaseCD4.Primary.Cells.SRX204404	20.05	21.7	22.45	23.55	24.64	25.74	26.84	27.59	29.24	
#p.Tcut2b	M01335	EpiUwRmapDNaseCD4.Primary.Cells.SRX204404	11.13	12.78	13.53	14.63	15.72	16.82	17.92	18.67	20.32	
A	C	G	T
0.35665869	0.16447368	0.14174641	0.33712121
0.33967255	0.44509427	0.01165927	0.20357391
0.23931542	0.34291067	0.27298442	0.14478949
0.86306892	0.04541303	1e-06	0.09151706
0.56571884	1e-06	0.41097296	0.0233072
1e-06	0.11412838	1e-06	0.88586962
1e-06	0.03408131	1e-06	0.96591669
0.9768859	1e-06	0.0231121	1e-06
0.98833873	1e-06	1e-06	0.01165927
1e-06	0.01086113	0.01165927	0.9774786
1e-06	1e-06	1e-06	0.999997
0.97668713	0.01165926	0.01165261	1e-06
0.89730699	1e-06	0.09214337	0.01054864
0.11323309	0.15849859	0.02330598	0.70496235
0.46528802	0.1234063	0.07995368	0.331352
0.78059556	0.14958579	0.01165615	0.05816249
0.36201752	0.11292677	0.10278513	0.42227058
0.12507913	0.05637591	0.09166254	0.72688242
0.35665869	0.16447368	0.14174641	0.33712121
