#M01323	OTP
#p.cut	M01323	EpiUwRmapDNaseFetal.Brain.SRX027086	0.01	0.05	0.1	0.25	0.5	0.75	0.9	0.95	0.99	
#p.Tcut2	M01323	EpiUwRmapDNaseFetal.Brain.SRX027086	17.88	19.53	20.28	21.38	22.48	23.57	24.67	25.42	27.07	
#p.Tcut2b	M01323	EpiUwRmapDNaseFetal.Brain.SRX027086	10.89	12.54	13.29	14.39	15.49	16.58	17.68	18.43	20.08	
A	C	G	T
0.32857568	0.15961939	0.18971157	0.32209337
0.34988752	0.31799628	0.14561348	0.18650271
0.41723149	0.08880264	0.24758434	0.24638154
0.14889525	0.27445444	0.09164248	0.48500784
0.60702585	0.09846354	0.1246186	0.16989201
0.63059564	0.03061474	0.32503474	0.01375488
0.00343493	0.01375601	0.00673093	0.97607813
0.00684811	1e-06	0.00345386	0.98969702
0.99655538	0.00344262	1e-06	1e-06
0.99655284	1e-06	0.00344516	1e-06
1e-06	0.0067118	1e-06	0.9932862
0.00337231	1e-06	0.00667876	0.98994793
0.98289537	0.00677006	0.00345387	0.0068807
0.95290377	1e-06	0.04709423	1e-06
0.01378292	0.39747998	0.02035055	0.56838654
0.24755344	0.02026989	0.22082083	0.51135583
0.24308611	0.07480654	0.29463344	0.38747391
0.08871409	0.05437861	0.7622192	0.0946881
0.32857568	0.15961939	0.18971157	0.32209337
