#M01368	Oct-2
#p.cut	M01368	UwDnaseH7esDiffa14d	0.01	0.05	0.1	0.25	0.5	0.75	0.9	0.95	0.99	
#p.Tcut2	M01368	UwDnaseH7esDiffa14d	16.52	18.18	18.92	20.02	21.12	22.22	23.32	24.06	25.71	
#p.Tcut2b	M01368	UwDnaseH7esDiffa14d	12.6	14.25	14.99	16.09	17.19	18.29	19.39	20.13	21.79	
A	C	G	T
0.30216535	0.19938133	0.22019123	0.27826209
0.1322486	0.30118915	0.13551222	0.43105004
0.27588912	0.10288785	0.1494134	0.47180963
0.2187683	0.09336887	0.3568632	0.33099964
0.01604027	0.0232196	1e-06	0.96073913
0.98442088	1e-06	0.01557712	1e-06
1e-06	0.02295673	1e-06	0.97704127
1e-06	0.0150591	0.9849389	1e-06
0.00808035	0.96880267	1e-06	0.02311598
0.9843851	1e-06	1e-06	0.0156129
0.999997	1e-06	1e-06	1e-06
0.99239837	1e-06	0.00759963	1e-06
1e-06	0.02304028	0.00783976	0.96911896
0.22055474	0.02347885	0.46645126	0.28951515
0.85854993	0.03151388	0.04652634	0.06340986
0.40482723	0.04752285	0.5158891	0.03176082
0.4550894	0.21270692	0.26092246	0.07128122
0.30216535	0.19938133	0.22019123	0.27826209
