#M01391	pax6
#p.cut	M01391	EpiUwRmapDNaseFetal.Stomach.SRX055185	0.01	0.05	0.1	0.25	0.5	0.75	0.9	0.95	0.99	
#p.Tcut2	M01391	EpiUwRmapDNaseFetal.Stomach.SRX055185	17.45	19.1	19.84	20.94	22.04	23.14	24.24	24.99	26.64	
#p.Tcut2b	M01391	EpiUwRmapDNaseFetal.Stomach.SRX055185	8.83	10.48	11.23	12.33	13.43	14.52	15.62	16.37	18.02	
A	C	G	T
0.33928571	0.16071429	0.14372822	0.35627178
0.22037757	0.04759976	0.19202252	0.54000015
0.24620047	0.21691183	0.24474298	0.29214472
0.28617091	0.19638061	0.09851758	0.41893091
0.36450987	0.1702392	0.19758531	0.26766562
0.31926937	0.21740111	0.19517792	0.2681516
0.41600347	0.17186773	0.24298089	0.16914792
0.3152752	0.24654236	0.1454415	0.29274094
0.46253232	0.09576226	0.09890018	0.34280525
0.14652708	0.34498227	0.19456297	0.31392767
0.4163435	0.1230355	0.21831477	0.24230622
0.36422128	0.22136054	0.22024539	0.19417279
0.24345172	0.16928786	0.27211242	0.315148
0.34243818	0.1933563	0.27032286	0.19388266
0.41717389	0.19426006	0.11902655	0.26953949
0.39088654	0.14549078	0.14555926	0.31806342
0.21885836	0.21764564	0.09930456	0.46419144
0.22038732	0.24310585	0.29642692	0.24007991
0.44178488	0.24293235	0.14429889	0.17098387
0.41537873	0.12285875	0.12078799	0.34097453
0.22197028	0.1469007	0.17069313	0.46043589
1e-06	1e-06	1e-06	0.999997
0.48489725	0.0485516	0.34402192	0.12252924
0.90118076	0.09881724	1e-06	1e-06
0.04732759	0.31712321	1e-06	0.63554821
1e-06	1e-06	1e-06	0.999997
0.999997	1e-06	1e-06	1e-06
0.999997	1e-06	1e-06	1e-06
1e-06	1e-06	1e-06	0.999997
1e-06	1e-06	1e-06	0.999997
0.97504897	1e-06	0.02494903	1e-06
0.77857872	0.02480081	0.07485097	0.1217695
1e-06	0.02384666	0.07451707	0.90163527
1e-06	1e-06	0.04984892	0.95014908
0.46486838	0.24435862	0.16965381	0.12111919
0.68396585	0.07233765	0.04972409	0.19397241
0.2482559	0.48117109	0.07484956	0.19572346
0.34058923	0.26975312	0.02495092	0.36470673
0.266149	0.21993156	0.19598178	0.31793766
0.36579765	0.14508841	0.19319439	0.29591955
0.439112	0.04987131	0.29435462	0.21666207
0.17268545	0.09946572	0.21765256	0.51019627
0.3196713	0.09918377	0.29191827	0.28922666
0.40788599	0.14769978	0.12426333	0.32015089
0.17052022	0.27097614	0.24403464	0.314469
0.27022657	0.29140634	0.09718716	0.34117993
0.24390792	0.24480534	0.14688846	0.36439828
0.26819356	0.17276772	0.11861606	0.44042266
0.39302265	0.17212395	0.09520211	0.33965129
0.37026304	0.14497141	0.19449031	0.29027523
0.2951199	0.19506306	0.1954358	0.31438123
0.22202465	0.21799727	0.1900708	0.36990728
0.36549354	0.26660584	0.09786783	0.27003279
0.31949119	0.21897285	0.19298133	0.26855463
0.22090126	0.29344275	0.19067163	0.29498436
0.33928571	0.16071429	0.14372822	0.35627178
