#M01321	HOXC-8
#p.cut	M01321	EpiUwRmapDNaseFetal.Spinal.Cord.SRX201826	0.01	0.05	0.1	0.25	0.5	0.75	0.9	0.95	0.99	
#p.Tcut2	M01321	EpiUwRmapDNaseFetal.Spinal.Cord.SRX201826	16.92	18.57	19.31	20.41	21.51	22.61	23.71	24.46	26.11	
#p.Tcut2b	M01321	EpiUwRmapDNaseFetal.Spinal.Cord.SRX201826	10.53	12.18	12.93	14.03	15.13	16.22	17.32	18.07	19.72	
A	C	G	T
0.30670103	0.15399485	0.19426546	0.34503866
0.2255559	0.0364268	0.01012176	0.72789554
0.19829359	0.00240647	0.53962548	0.25967447
0.39741352	0.02037238	0.37106044	0.21115365
0.39621781	0.02582535	0.50051614	0.07744071
0.0337732	0.01277744	0.83504534	0.11840401
0.002619	0.01040661	0.0024105	0.98456389
0.98989511	0.00765322	0.00245067	1e-06
0.999997	1e-06	1e-06	1e-06
0.00237578	1e-06	1e-06	0.99762222
0.00263866	0.00499399	0.00784388	0.98452347
0.98175998	0.00787839	0.00781035	0.00255128
0.44199067	0.2935399	0.01579894	0.24867049
0.13165532	0.3156021	0.05491983	0.49782274
0.17987376	0.01266549	0.40942729	0.39803346
0.00527649	0.02326205	0.01023342	0.96122805
0.30670103	0.15399485	0.19426546	0.34503866
