#M01343	Pitx3
#p.cut	M01343	UwDnaseHrpe	0.01	0.05	0.1	0.25	0.5	0.75	0.9	0.95	0.99	
#p.Tcut2	M01343	UwDnaseHrpe	12.23	13.89	14.63	15.73	16.83	17.93	19.03	19.77	21.42	
#p.Tcut2b	M01343	UwDnaseHrpe	11.21	12.86	13.61	14.7	15.8	16.9	18	18.75	20.4	
A	C	G	T
0.27297146	0.1952252	0.28528451	0.24651882
0.45021381	0.1647604	0.30240088	0.08262491
0.31440064	0.06497844	0.43553288	0.18508803
0.11554843	0.07456032	0.74973409	0.06015716
0.26134136	0.00727281	0.71807015	0.01331568
0.00842597	0.00234643	0.98801013	0.00121747
0.00708247	0.00243332	0.98926673	0.00121747
0.98548119	0.00843549	0.00608232	1e-06
0.00121747	0.00121747	1e-06	0.99756406
0.00121313	0.00121644	0.00118289	0.99638754
0.98784536	0.00242425	0.00243371	0.00729668
0.21632616	0.01090806	0.59835504	0.17441074
0.0480474	0.78194781	0.10487625	0.06512854
0.24467194	0.11437776	0.09864027	0.54231003
0.29343167	0.09032228	0.46332488	0.15292118
0.181602	0.27239683	0.3790974	0.16690377
0.13815055	0.49618699	0.22118107	0.14448139
0.27297146	0.1952252	0.28528451	0.24651882
