#M01318	Irx-3
#p.cut	M01318	EpiUwRmapDNaseCD4.Primary.Cells.SRX204404	0.01	0.05	0.1	0.25	0.5	0.75	0.9	0.95	0.99	
#p.Tcut2	M01318	EpiUwRmapDNaseCD4.Primary.Cells.SRX204404	19.85	21.5	22.24	23.34	24.44	25.54	26.64	27.39	29.04	
#p.Tcut2b	M01318	EpiUwRmapDNaseCD4.Primary.Cells.SRX204404	11.18	12.83	13.58	14.68	15.78	16.87	17.97	18.72	20.37	
A	C	G	T
0.36122807	0.15175439	0.15842105	0.32859649
0.31891368	0.27984019	0.20940105	0.19184509
0.57035953	0.02940172	0.01003582	0.39020294
0.62091051	0.05902793	0.08976549	0.23029607
0.28092416	0.0603695	0.15041729	0.50828905
0.39148899	0.18927958	0.18919656	0.23003487
0.05007938	0.02943348	0.02031531	0.90017182
0.9800411	1e-06	0.0199569	1e-06
0.01980512	0.96082898	1e-06	0.01936491
0.98983977	1e-06	0.01015823	1e-06
1e-06	0.02031546	1e-06	0.97968254
0.06907769	0.01015823	0.92076308	1e-06
0.01015817	0.02030809	1e-06	0.96953274
0.959453	1e-06	0.01015807	0.03038793
0.7421481	0.04007968	0.14844279	0.06932942
0.27958023	0.01007398	0.04941938	0.6609264
0.65776962	1e-06	0.07936354	0.26286584
0.14079361	0.26016602	0.00938311	0.58965726
0.48086069	0.0290964	0.06091683	0.42912608
0.36122807	0.15175439	0.15842105	0.32859649
