#M01386	Evx2
#p.cut	M01386	EpiUwRmapDNaseCD8.Primary.Cells.SRX055204	0.01	0.05	0.1	0.25	0.5	0.75	0.9	0.95	0.99	
#p.Tcut2	M01386	EpiUwRmapDNaseCD8.Primary.Cells.SRX055204	11.71	13.36	14.11	15.21	16.31	17.41	18.5	19.25	20.9	
#p.Tcut2b	M01386	EpiUwRmapDNaseCD8.Primary.Cells.SRX055204	10.6	12.25	13	14.1	15.2	16.3	17.4	18.14	19.79	
A	C	G	T
0.26404619	0.23917388	0.23006884	0.26671108
0.39371447	0.36496298	0.2157577	0.02556485
0.06317537	0.59523135	0.12680187	0.21479141
0.40718315	0.34184541	0.05078717	0.20018427
0.15114736	0.05114316	0.75963757	0.03807191
0.02560912	0.78473985	0.12688207	0.06276896
1e-06	1e-06	1e-06	0.999997
0.96158358	0.02560917	0.01280625	1e-06
0.96158401	0.0256115	0.01280349	1e-06
1e-06	0.02517667	0.01280625	0.96201608
1e-06	0.01280349	0.06271782	0.9244777
0.91162443	1e-06	0.08837357	1e-06
0.01280549	0.11436675	0.87282676	1e-06
0.0372172	0.48089485	0.21644109	0.26544686
0.17807545	0.12629081	0.26560626	0.43002749
0.051222	0.18954865	0.36797238	0.39125697
0.36758149	0.08723029	0.03841478	0.50677344
0.26404619	0.23917388	0.23006884	0.26671108
