#M01399	HB24
#p.cut	M01399	EpiUwRmapDNaseFetal.Kidney.SRX100955	0.01	0.05	0.1	0.25	0.5	0.75	0.9	0.95	0.99	
#p.Tcut2	M01399	EpiUwRmapDNaseFetal.Kidney.SRX100955	18.17	19.82	20.56	21.66	22.76	23.86	24.96	25.71	27.36	
#p.Tcut2b	M01399	EpiUwRmapDNaseFetal.Kidney.SRX100955	9.68	11.33	12.07	13.17	14.27	15.37	16.47	17.22	18.87	
A	C	G	T
0.35859803	0.17617744	0.13932092	0.32590361
0.23835977	0.54233542	0.0817119	0.13759291
0.40393577	0.47921265	0.0301305	0.08672108
0.69541528	0.11482707	0.06620442	0.12355323
0.0089408	0.03265896	0.00597339	0.95242684
0.97624679	0.0119294	0.01182281	1e-06
0.91323361	0.00297426	0.00286777	0.08092437
0.01180055	0.00302671	0.00307903	0.98209371
0.06944923	0.01228686	0.00306943	0.91519447
0.91575893	0.01172934	0.05139722	0.02111451
0.975505	1e-06	0.01835599	0.00613801
0.11430039	0.02146012	0.00287016	0.86136932
0.03284044	0.01513584	0.01536791	0.9366558
0.94294601	0.01202995	0.02695883	0.01806521
0.15934874	0.44759513	0.06348089	0.32957524
0.63220007	0.14789454	0.00901962	0.21088576
0.35859803	0.17617744	0.13932092	0.32590361
