#M01303	SP1
#p.cut	M01303	EpiUwRmapDNaseCD8.Primary.Cells.SRX204403	0.01	0.05	0.1	0.25	0.5	0.75	0.9	0.95	0.99	
#p.Tcut2	M01303	EpiUwRmapDNaseCD8.Primary.Cells.SRX204403	15.03	16.68	17.42	18.52	19.62	20.72	21.82	22.57	24.22	
#p.Tcut2b	M01303	EpiUwRmapDNaseCD8.Primary.Cells.SRX204403	7.02	8.67	9.41	10.51	11.61	12.71	13.81	14.56	16.21	
A	C	G	T
0.1207228	0.23587082	0.53479431	0.10861207
0.16558243	0.36420602	0.32310899	0.14710255
0.21508213	0.26522846	0.41201687	0.10767254
1e-06	0.00987424	0.99012376	1e-06
1e-06	1e-06	0.99054496	0.00945304
1e-06	1e-06	0.999997	1e-06
1e-06	0.00945304	0.99054496	1e-06
1e-06	0.9314036	0.00986414	0.05873127
0.03908947	0.02963742	0.93127212	1e-06
1e-06	1e-06	0.99011819	0.00987981
1e-06	0.00987981	0.99011819	1e-06
1e-06	0.00987981	0.99011819	1e-06
0.03951561	0.03951625	0.91108833	0.00987981
0.03951625	0.53087979	0.42960296	1e-06
0.18693161	0.26321514	0.34299206	0.2068612
0.11743234	0.19602236	0.57824015	0.10830516
0.10796476	0.28319759	0.45077893	0.15805873
0.16598195	0.19594214	0.53935757	0.09871834
0.17658505	0.22414286	0.48078671	0.11848539
0.19664493	0.27327605	0.41218591	0.11789312
0.15673172	0.27424961	0.48153459	0.08748408
0.24577884	0.1765817	0.40171674	0.17592272
0.1207228	0.23587082	0.53479431	0.10861207
