#M01359	Dobox4
#p.cut	M01359	EpiUwRmapDNaseCD4.Primary.Cells.SRX204404	0.01	0.05	0.1	0.25	0.5	0.75	0.9	0.95	0.99	
#p.Tcut2	M01359	EpiUwRmapDNaseCD4.Primary.Cells.SRX204404	14.53	16.18	16.92	18.02	19.12	20.22	21.32	22.07	23.72	
#p.Tcut2b	M01359	EpiUwRmapDNaseCD4.Primary.Cells.SRX204404	11.07	12.72	13.47	14.57	15.67	16.76	17.86	18.61	20.26	
A	C	G	T
0.29792073	0.22953216	0.18745939	0.28508772
0.48808991	0.09322291	0.05575218	0.362935
0.64973547	0.16605882	0.10178582	0.08241988
0.629946	0.03727105	0.0736332	0.25914975
0.06574723	0.01772252	0.18561003	0.73092022
0.91669574	1e-06	0.03732777	0.04597549
0.04577568	1e-06	0.8706212	0.08360212
0.99073651	1e-06	0.00926149	1e-06
0.00943205	0.08407979	0.00894064	0.89754752
0.85281762	0.1103195	0.03686188	1e-06
1e-06	0.94366342	0.01886308	0.0374725
1e-06	0.94629389	0.00936877	0.04433634
0.09275742	0.70578992	0.01794091	0.18351175
0.1014819	0.4368887	0.02706803	0.43456137
0.32402732	0.09363992	0.11132232	0.47101044
0.02750727	0.02742045	0.12050893	0.82456335
0.29792073	0.22953216	0.18745939	0.28508772
