#M01371	Gbx1
#p.cut	M01371	EpiUwRmapDNaseFetal.Thymus.SRX100968	0.01	0.05	0.1	0.25	0.5	0.75	0.9	0.95	0.99	
#p.Tcut2	M01371	EpiUwRmapDNaseFetal.Thymus.SRX100968	15.27	16.92	17.67	18.77	19.87	20.97	22.06	22.81	24.46	
#p.Tcut2b	M01371	EpiUwRmapDNaseFetal.Thymus.SRX100968	11.79	13.44	14.19	15.29	16.39	17.49	18.59	19.33	20.98	
A	C	G	T
0.28606238	0.20337882	0.21345029	0.29710851
0.40915565	0.0369422	0.165541	0.38836115
0.31612731	0.0834067	0.42616917	0.17429682
0.10200923	0.30758996	0.35104914	0.23935167
0.28767542	0.42448711	0.1296757	0.15816178
0.88019272	0.03706348	0.04566568	0.03707812
0.10151553	0.85173893	0.01873545	0.02801009
1e-06	0.16544406	0.0094362	0.82511874
0.97292968	0.00943613	0.01763319	1e-06
0.999997	1e-06	1e-06	1e-06
1e-06	1e-06	1e-06	0.999997
1e-06	1e-06	0.00939803	0.99059997
0.74118688	0.0188714	0.22120647	0.01873525
1e-06	0.00940266	0.89824945	0.09234689
0.10227663	0.08355493	0.11131208	0.70285636
0.04646011	0.0649279	0.65081848	0.23779351
0.07474237	0.28458678	0.1661302	0.47454065
0.44173242	0.0094291	1e-06	0.54883747
0.28606238	0.20337882	0.21345029	0.29710851
