#M01315	Nkx5-2
#p.cut	M01315	UwDnaseTh1	0.01	0.05	0.1	0.25	0.5	0.75	0.9	0.95	0.99	
#p.Tcut2	M01315	UwDnaseTh1	19.34	20.99	21.73	22.83	23.93	25.03	26.13	26.87	28.53	
#p.Tcut2b	M01315	UwDnaseTh1	11.9	13.55	14.3	15.4	16.5	17.6	18.7	19.44	21.09	
A	C	G	T
0.3872601	0.17084658	0.16802072	0.2738726
0.22855715	0.19466062	0.29411402	0.28266822
0.25968546	0.23441466	0.20351532	0.30238456
0.35262765	0.17512721	0.1149581	0.35728703
0.361145	0.14803277	0.20324271	0.28757953
0.35109399	0.1398392	0.22006373	0.28900308
0.38254292	0.13540725	0.20849833	0.2735515
0.34834615	0.16605065	0.19636267	0.28924052
0.30054912	0.22859123	0.21009623	0.26076341
0.31662425	0.21360781	0.18070309	0.28906484
0.28707037	0.20796466	0.20310769	0.30185728
0.31500894	0.20010901	0.20297021	0.28191183
0.35485009	0.18050033	0.16134534	0.30330425
0.38503979	0.10746917	0.20799955	0.29949149
0.2759801	0.23369378	0.18846035	0.30186577
0.34393499	0.18138009	0.19426128	0.28042364
0.34230574	0.2222703	0.19311401	0.24230994
0.38018836	0.19528847	0.14117407	0.2833491
0.39037542	0.14849795	0.19941105	0.26171558
0.38110814	0.20045294	0.18320727	0.23523165
0.36052713	0.2415849	0.18838721	0.20950076
0.61836364	0.1065787	0.21492488	0.06013277
0.29574162	0.36905013	0.21495693	0.12025132
0.75018432	0.15593231	0.06056574	0.03331764
0.94642497	1e-06	0.03381585	0.01975818
0.212943	0.06734009	0.63260541	0.08711149
0.00681533	0.94686268	0.00685765	0.03946434
0.97308416	0.00685765	0.02005719	1e-06
0.87864068	0.08170576	0.02702459	0.01262898
1e-06	0.00685765	1e-06	0.99314035
0.01317668	0.02742023	0.00685765	0.95254544
0.94703331	0.01943714	0.02007894	0.01345061
0.98683794	1e-06	0.00685111	0.00630995
0.50469681	0.12143176	0.06706781	0.30680362
0.41752831	0.1803094	0.27560518	0.12655711
0.55022177	0.22009215	0.1554144	0.07427167
0.65173565	0.01990489	0.20060298	0.12775649
0.10705826	0.01941606	0.04109908	0.8324266
0.3872601	0.17084658	0.16802072	0.2738726
