#M01346	TGIF1
#p.cut	M01346	UwDnaseCaco2	0.01	0.05	0.1	0.25	0.5	0.75	0.9	0.95	0.99	
#p.Tcut2	M01346	UwDnaseCaco2	12.64	14.29	15.04	16.14	17.24	18.34	19.44	20.18	21.83	
#p.Tcut2b	M01346	UwDnaseCaco2	12.76	14.41	15.16	16.25	17.35	18.45	19.55	20.3	21.95	
A	C	G	T
0.25797929	0.23018389	0.27520609	0.23663073
0.6212871	0.06625185	0.17360479	0.13885626
0.1199379	0.20994443	0.33861031	0.33150736
0.61588229	0.01755066	0.01839137	0.34817568
0.41530431	0.03629946	0.07755854	0.4708377
1e-06	0.02424462	1e-06	0.97575338
0.0244034	1e-06	0.96970208	0.00589351
0.98783465	1e-06	0.01216335	1e-06
0.01226121	0.96965617	0.01196248	0.00612014
0.999997	1e-06	1e-06	1e-06
0.01794848	0.00613115	0.95816058	0.01775978
0.01801247	0.86755437	0.09604234	0.01839081
0.0122468	0.023744	0.02422392	0.93978528
0.12025659	0.21606639	0.60357582	0.06010121
0.17489638	0.37858435	0.27722779	0.16929147
0.04868597	0.22296873	0.45751497	0.27083034
0.33658608	0.06543963	0.16352903	0.43444526
0.25797929	0.23018389	0.27520609	0.23663073
