#M01375	HOXD10
#p.cut	M01375	EpiUwRmapDNaseCD4.Primary.Cells.SRX204404	0.01	0.05	0.1	0.25	0.5	0.75	0.9	0.95	0.99	
#p.Tcut2	M01375	EpiUwRmapDNaseCD4.Primary.Cells.SRX204404	21.34	22.99	23.73	24.83	25.93	27.03	28.13	28.88	30.53	
#p.Tcut2b	M01375	EpiUwRmapDNaseCD4.Primary.Cells.SRX204404	10.48	12.13	12.88	13.98	15.08	16.18	17.27	18.02	19.67	
A	C	G	T
0.41034572	0.14060888	0.14164087	0.30740454
0.73342572	0.1861438	0.05789491	0.02253558
0.72133623	0.00725912	0.22792349	0.04348116
0.02191835	0.04397561	0.24868193	0.68542412
0.35303061	0.13246804	0.33220436	0.182297
0.02264336	0.59918127	1e-06	0.37817437
0.99302642	0.00697158	1e-06	1e-06
0.999997	1e-06	1e-06	1e-06
0.0074412	1e-06	0.007394	0.9851638
0.97864466	1e-06	0.01438276	0.00697158
0.99243997	0.00755803	1e-06	1e-06
0.99255472	0.00744328	1e-06	1e-06
0.97075914	1e-06	0.01507817	0.0141617
0.02997142	0.05892914	0.01507819	0.89602125
0.31732205	0.00685689	0.19911457	0.47670649
0.5524613	0.01449553	0.04433496	0.38870821
0.63136636	0.0073058	0.07386694	0.28746089
0.41034572	0.14060888	0.14164087	0.30740454
