#M01351	hoxa9
#p.cut	M01351	UwDnaseTh1	0.01	0.05	0.1	0.25	0.5	0.75	0.9	0.95	0.99	
#p.Tcut2	M01351	UwDnaseTh1	19.34	20.99	21.74	22.84	23.94	25.03	26.13	26.88	28.53	
#p.Tcut2b	M01351	UwDnaseTh1	12.4	14.05	14.79	15.89	16.99	18.09	19.19	19.94	21.59	
A	C	G	T
0.37858979	0.17096882	0.18538384	0.26505755
0.5985606	0.05682762	0.25498978	0.08962201
0.34755866	0.42291728	0.17894778	0.05057628
0.38296374	0.02537261	0.48838544	0.10327821
0.03805839	0.0379768	0.90509935	0.01886547
0.04971879	0.65040392	1e-06	0.29987629
0.19124004	0.72709035	1e-06	0.08166861
0.96857799	0.00643001	0.024991	1e-06
0.00589395	0.03167308	0.00601736	0.95641561
0.7249154	0.00650616	0.00650616	0.26207228
0.98733312	1e-06	0.00650616	0.00615972
0.97451496	0.00650616	0.01301133	0.00596754
0.95489222	1e-06	1e-06	0.04510578
0.48042553	0.07076838	0.04349725	0.40530884
0.14670954	0.06983188	0.09661399	0.68684459
0.83404368	0.01951146	0.04489948	0.10154538
0.50453586	0.01886686	0.27313365	0.20346363
0.49124079	0.01297818	0.06386854	0.43191249
0.37858979	0.17096882	0.18538384	0.26505755
