#M01319	HoxB5
#p.cut	M01319	EpiUwRmapDNaseFetal.Brain.SRX027083	0.01	0.05	0.1	0.25	0.5	0.75	0.9	0.95	0.99	
#p.Tcut2	M01319	EpiUwRmapDNaseFetal.Brain.SRX027083	16.57	18.22	18.97	20.07	21.17	22.27	23.36	24.11	25.76	
#p.Tcut2b	M01319	EpiUwRmapDNaseFetal.Brain.SRX027083	11.27	12.92	13.67	14.77	15.87	16.97	18.06	18.81	20.46	
A	C	G	T
0.3278681	0.18619839	0.17669894	0.30923456
0.76983394	0.14575156	0.04342733	0.04098716
0.43747175	0.1610989	0.09738069	0.30404865
0.21950007	0.0204298	0.69330474	0.06676539
0.07363652	0.12093021	0.31410341	0.49132987
0.00252849	0.0152894	0.00247548	0.97970663
0.98963344	0.00517908	0.00518648	1e-06
0.9922488	1e-06	0.0077492	1e-06
0.00259367	0.00752122	1e-06	0.98988411
1e-06	0.00259374	0.01540014	0.98200512
0.98515768	1e-06	0.01484032	1e-06
0.18164833	0.20219061	0.52955683	0.08660424
0.02520391	0.87538894	0.01263745	0.0867697
0.40734677	0.14032894	0.02330512	0.42901918
0.29499724	0.54568695	0.04659102	0.11272479
0.91563882	0.0051515	0.0332309	0.04597879
0.19179265	0.07970506	0.10754596	0.62095632
0.3278681	0.18619839	0.17669894	0.30923456
