#M01366	Otx1
#p.cut	M01366	EpiUwRmapDNaseCD4.Primary.Cells.SRX204404	0.01	0.05	0.1	0.25	0.5	0.75	0.9	0.95	0.99	
#p.Tcut2	M01366	EpiUwRmapDNaseCD4.Primary.Cells.SRX204404	14.99	16.64	17.39	18.49	19.59	20.69	21.79	22.53	24.18	
#p.Tcut2b	M01366	EpiUwRmapDNaseCD4.Primary.Cells.SRX204404	11.34	12.99	13.73	14.83	15.93	17.03	18.13	18.88	20.53	
A	C	G	T
0.29334598	0.16247827	0.26394816	0.2802276
0.24490614	0.00919757	0.47402638	0.27186991
0.08923745	0.04545167	0.61290733	0.25240355
0.4150703	0.06329833	0.1337168	0.38791457
0.4772537	0.0176113	0.49628837	0.00884663
0.2232527	0.03625128	0.74049503	1e-06
0.06265152	0.00919757	0.92814991	1e-06
0.01777112	1e-06	0.96461658	0.0176113
0.95458551	1e-06	0.03656686	0.00884663
1e-06	0.00879255	1e-06	0.99120545
1e-06	1e-06	0.00919712	0.99080088
0.98239034	1e-06	1e-06	0.01760766
0.79218589	1e-06	0.04580314	0.16200997
0.09871006	0.03592338	0.02715036	0.8382162
0.20660627	0.04498797	0.05352527	0.69488048
0.27810022	0.21498466	0.16041257	0.34650255
0.36668629	0.22741263	0.08010816	0.32579292
0.14386447	0.29789662	0.18069439	0.37754452
0.36904012	0.16158801	0.18891927	0.2804526
0.3695526	0.16155321	0.2359416	0.23295259
0.35881049	0.14604323	0.22528906	0.26985721
0.25172405	0.20677801	0.21594327	0.32555468
0.28009168	0.19718907	0.24466134	0.27805791
0.23385937	0.21733464	0.24429118	0.30451481
0.24385546	0.2249274	0.27045273	0.26076441
0.3143817	0.21603995	0.21617176	0.2534066
0.24894449	0.17261313	0.32574942	0.25269295
0.26134483	0.22642404	0.23308541	0.27914571
0.32569497	0.25465605	0.18013983	0.23950915
0.26115574	0.16225299	0.32450436	0.25208692
0.24281138	0.20588163	0.32693617	0.22437082
0.26903718	0.27827959	0.23550395	0.21717927
0.32575597	0.17123697	0.241686	0.26132106
0.25206832	0.19047406	0.22597727	0.33148035
0.34967531	0.17903471	0.23455493	0.23673506
0.28751324	0.23485815	0.21716544	0.26046316
0.26103566	0.25227657	0.23432267	0.2523651
0.25307232	0.31540013	0.24213115	0.18939641
0.29334598	0.16247827	0.26394816	0.2802276
