#M01348	K-2b
#p.cut	M01348	UwDgfSknshra	0.01	0.05	0.1	0.25	0.5	0.75	0.9	0.95	0.99	
#p.Tcut2	M01348	UwDgfSknshra	19.77	21.43	22.17	23.27	24.37	25.47	26.57	27.31	28.97	
#p.Tcut2b	M01348	UwDgfSknshra	11.92	13.57	14.32	15.41	16.51	17.61	18.71	19.46	21.11	
A	C	G	T
0.32145386	0.17512391	0.16056959	0.34285265
0.30947442	0.14371272	0.30864153	0.23817133
0.16174568	0.07099007	0.22129508	0.54596918
0.68566141	0.17604998	0.04422176	0.09406685
0.82442758	0.02710363	0.09454676	0.05392203
0.01794222	0.55533403	0.0091186	0.41760515
1e-06	0.01823248	0.01359985	0.96816667
0.98178341	0.01367669	1e-06	0.0045389
0.99088098	1e-06	0.00455823	0.0045598
1e-06	0.00446879	0.0045598	0.99097041
1e-06	0.00455961	0.00424935	0.99119003
0.98191408	0.00444054	0.01364439	1e-06
0.64086088	0.01807899	0.3278015	0.01325863
0.02702092	0.47703633	0.06742478	0.42851797
0.04011412	0.02274852	0.01771836	0.919419
0.41561938	0.10739858	0.21083137	0.26615067
0.322156	0.3187475	0.14378995	0.21530655
0.01769313	0.06303817	0.09795386	0.82131484
0.32145386	0.17512391	0.16056959	0.34285265
