#M01394	HOXA7
#p.cut	M01394	UwDgfSknshra	0.01	0.05	0.1	0.25	0.5	0.75	0.9	0.95	0.99	
#p.Tcut2	M01394	UwDgfSknshra	16.99	18.64	19.39	20.49	21.59	22.69	23.78	24.53	26.18	
#p.Tcut2b	M01394	UwDgfSknshra	11.46	13.11	13.86	14.96	16.06	17.15	18.25	19	20.65	
A	C	G	T
0.32365299	0.16652249	0.19840583	0.31141869
0.03473445	0.12720772	0.56434938	0.27370845
0.11433019	0.25004726	0.17315164	0.46247091
0.75686995	0.16686014	0.07626891	1e-06
0.03814641	0.04830425	0.4635718	0.44997754
0.00351755	0.01383315	1e-06	0.9826483
0.97207129	0.00351755	0.02089999	0.00351116
0.97948003	0.00351684	0.01348558	0.00351755
0.0070333	0.00351755	0.00350218	0.98594696
0.00703411	0.00676781	1e-06	0.98619708
0.9724359	0.00321327	0.01733213	0.0070187
0.72662588	0.14909718	0.09053256	0.03374438
0.03097244	0.01757766	0.20387341	0.74757649
0.25261605	0.03790188	0.5989248	0.11055727
0.12799697	0.10380896	0.62248131	0.14571276
0.48463188	0.32901831	0.02717291	0.15917691
0.5829756	0.23636411	0.13191262	0.04874767
0.32365299	0.16652249	0.19840583	0.31141869
