#M01398	Six-6
#p.cut	M01398	UwDnaseHmvecdad	0.01	0.05	0.1	0.25	0.5	0.75	0.9	0.95	0.99	
#p.Tcut2	M01398	UwDnaseHmvecdad	14.79	16.44	17.19	18.29	19.39	20.48	21.58	22.33	23.98	
#p.Tcut2b	M01398	UwDnaseHmvecdad	11.41	13.06	13.81	14.91	16.01	17.11	18.21	18.95	20.6	
A	C	G	T
0.29700722	0.18565531	0.22714138	0.29019608
0.61783644	0.08889939	0.05777412	0.23549004
0.18329274	0.06457636	0.14046774	0.61166316
0.54080926	0.02863785	0.37174911	0.05880378
0.15124696	1e-06	0.82486327	0.02388877
0.01744889	0.00598344	0.97055543	0.00601224
0.15985393	0.00598344	0.81700278	0.01715985
1e-06	0.0352146	0.00601216	0.95877223
0.93578959	1e-06	0.06420841	1e-06
1e-06	0.00601024	1e-06	0.99398776
1e-06	0.98845723	1e-06	0.01154077
0.97672998	0.00601217	0.01725686	1e-06
0.42241337	0.26038407	0.0584061	0.25879646
0.31894498	0.14670822	0.1992616	0.33508521
0.31794116	0.10008587	0.05872997	0.523243
0.37038263	0.19387783	0.14086758	0.29487196
0.10472174	0.12302568	0.21904271	0.55320986
0.29700722	0.18565531	0.22714138	0.29019608
