#M01376	S8
#p.cut	M01376	EpiUwRmapDNaseH1.Derived.Neuronal.Progenitor.Cultured.Cells.SRX134721	0.01	0.05	0.1	0.25	0.5	0.75	0.9	0.95	0.99	
#p.Tcut2	M01376	EpiUwRmapDNaseH1.Derived.Neuronal.Progenitor.Cultured.Cells.SRX134721	15.97	17.62	18.37	19.47	20.57	21.67	22.77	23.51	25.16	
#p.Tcut2b	M01376	EpiUwRmapDNaseH1.Derived.Neuronal.Progenitor.Cultured.Cells.SRX134721	11.29	12.94	13.69	14.79	15.89	16.99	18.09	18.83	20.48	
A	C	G	T
0.32997127	0.18735864	0.21040406	0.27226603
0.75255954	0.00355367	0.04880443	0.19508236
0.38764277	0.22701079	0.26629418	0.11905226
0.62741404	0.11745583	0.06320604	0.19192408
0.2859914	0.02471116	0.66837347	0.02092397
0.01015974	0.8119414	1e-06	0.17789786
0.00699318	0.0272076	0.00692288	0.95887633
0.96829958	0.01421159	0.01748783	1e-06
0.98249181	0.01048415	0.00702303	1e-06
1e-06	0.00355367	0.00355367	0.99289165
0.00661965	0.00355329	0.00686133	0.98296572
0.97214226	0.00694092	0.01404771	0.00686912
0.22306943	1e-06	0.7700714	0.00685818
0.00355258	0.4892884	0.00707388	0.50008514
0.27475991	0.16708525	0.32164725	0.23650759
0.56917728	0.07343037	0.26668737	0.09070498
0.53394699	0.15014502	0.15307142	0.16283657
0.32997127	0.18735864	0.21040406	0.27226603
