#M01302	MYF
#p.cut	M01302	EpiUwRmapDNaseFetal.Muscle.Leg.SRX214044	0.01	0.05	0.1	0.25	0.5	0.75	0.9	0.95	0.99	
#p.Tcut2	M01302	EpiUwRmapDNaseFetal.Muscle.Leg.SRX214044	14.83	16.48	17.23	18.33	19.42	20.52	21.62	22.37	24.02	
#p.Tcut2b	M01302	EpiUwRmapDNaseFetal.Muscle.Leg.SRX214044	14.41	16.06	16.81	17.91	19.01	20.11	21.21	21.95	23.6	
A	C	G	T
0.23096486	0.26991549	0.29806714	0.20105251
0.25562789	0.70566376	0.01950586	0.01920249
0.78371423	0.00414464	0.2070137	0.00512743
0.02650346	0.00611195	0.96326365	0.00412095
0.00299905	0.9849136	0.00613606	0.0059513
0.98386795	0.00102202	0.01407313	0.00103691
0.07503979	1e-06	0.92395875	0.00100046
0.00204672	0.99485075	0.00103691	0.00206562
0.21154913	0.00813054	0.0040711	0.77624922
0.00499494	0.00099036	0.99199857	0.00201613
0.00299627	0.90891113	0.08506179	0.00303081
0.24232819	0.00823629	0.00408727	0.74534825
0.01010055	0.00101332	0.98684184	0.00204429
0.23096486	0.26991549	0.29806714	0.20105251
