#M01317	HOXC13
#p.cut	M01317	UwDnaseTh1	0.01	0.05	0.1	0.25	0.5	0.75	0.9	0.95	0.99	
#p.Tcut2	M01317	UwDnaseTh1	19.77	21.42	22.17	23.27	24.37	25.46	26.56	27.31	28.96	
#p.Tcut2b	M01317	UwDnaseTh1	12.46	14.11	14.86	15.96	17.06	18.16	19.26	20	21.65	
A	C	G	T
0.3453276	0.18689581	0.14930183	0.31847476
0.42108529	0.15877722	0.03832638	0.38181111
0.46359998	0.16571757	0.05332312	0.31735933
0.55192907	0.08222857	0.08926388	0.27657847
0.08258418	0.19559074	0.34020307	0.38162201
1e-06	0.97755394	0.00718627	0.01525879
1e-06	1e-06	1e-06	0.999997
1e-06	0.95515334	1e-06	0.04484466
0.78867048	0.01529224	0.18069625	0.01534103
1e-06	0.01462334	0.00716303	0.97821263
0.95471486	0.00767101	0.02994311	0.00767101
0.98502175	0.00731538	0.00766187	1e-06
0.999997	1e-06	1e-06	1e-06
0.90130661	0.01534078	1e-06	0.08335162
0.39821526	0.04472037	0.0230099	0.53405447
0.08972778	0.19586134	0.09040168	0.6240092
0.40504574	0.05302656	0.18715756	0.35477014
0.3453276	0.18689581	0.14930183	0.31847476
