#M01362	CART1
#p.cut	M01362	OpenChromDnaseCerebellumoc	0.01	0.05	0.1	0.25	0.5	0.75	0.9	0.95	0.99	
#p.Tcut2	M01362	OpenChromDnaseCerebellumoc	20.79	22.44	23.19	24.28	25.38	26.48	27.58	28.33	29.98	
#p.Tcut2b	M01362	OpenChromDnaseCerebellumoc	12.9	14.55	15.29	16.39	17.49	18.59	19.69	20.44	22.09	
A	C	G	T
0.32679739	0.16477468	0.15500516	0.35342277
0.2153324	0.18836688	0.28994812	0.3063526
0.32067739	0.16991246	0.20055772	0.30885243
0.33282466	0.20826783	0.17711335	0.28179416
0.33319294	0.20028138	0.20381876	0.26270692
0.24646873	0.22422158	0.184236	0.34507368
0.27578746	0.19586471	0.20410697	0.32424085
0.28479651	0.24375793	0.15502534	0.31642022
0.30640086	0.17299294	0.14842513	0.37218107
0.25863002	0.2074276	0.19241154	0.34153084
0.33685405	0.20395272	0.18421562	0.27497762
0.28264494	0.16663089	0.20048402	0.35024015
0.31779212	0.17136875	0.15279482	0.3580443
0.28558258	0.15302046	0.22498601	0.33641094
0.27926284	0.18879744	0.16985046	0.36208926
0.30963403	0.19728617	0.18443313	0.30864667
0.31035095	0.19230823	0.12927466	0.36806616
0.03533635	0.15300151	0.78799899	0.02366316
0.68649511	0.21543624	0.03957044	0.05849821
0.65445142	0.01587246	0.19225719	0.13741894
0.00403585	0.22141314	1e-06	0.77455001
0.00371336	0.00800863	0.00778524	0.98049278
0.98438076	0.00796358	0.00765466	1e-06
0.98405959	1e-06	0.00403585	0.01190355
1e-06	0.00800229	0.00401677	0.98797994
0.01183627	0.00769093	0.00380046	0.97667234
0.97241815	0.01584168	0.00389808	0.00784209
0.79486831	0.01165824	0.17353533	0.01993812
0.07342237	0.10244195	0.01929959	0.80483609
0.16448913	0.23903371	0.11552797	0.48094919
0.62918913	0.15801545	0.02326659	0.18952884
0.3947015	0.23327017	0.10182691	0.27020142
0.12857055	0.2944123	0.05471756	0.52229959
0.32679739	0.16477468	0.15500516	0.35342277
