#M01328	Isl2
#p.cut	M01328	UwDgfHepg2	0.01	0.05	0.1	0.25	0.5	0.75	0.9	0.95	0.99	
#p.Tcut2	M01328	UwDgfHepg2	21.71	23.36	24.11	25.21	26.31	27.4	28.5	29.25	30.9	
#p.Tcut2b	M01328	UwDgfHepg2	11.4	13.05	13.79	14.89	15.99	17.09	18.19	18.94	20.59	
A	C	G	T
0.39503484	0.15882695	0.13051684	0.31562137
0.6326745	0.31883278	0.01635961	0.03213311
0.55239418	0.15399522	0.00834664	0.28526395
0.74002379	0.20372067	0.04046829	0.01578725
0.96006933	0.02475349	1e-06	0.01517618
0.95184504	0.0244949	0.00823176	0.0154283
0.01664084	0.1561539	0.00753213	0.81967313
0.04009986	0.36734262	0.01669378	0.57586374
0.77407094	0.20184564	0.02408242	1e-06
0.83734416	0.12218954	0.03262722	0.00783907
0.01633611	0.02446708	1e-06	0.95919581
0.01609013	0.01669378	1e-06	0.96721509
0.96798607	0.00823176	1e-06	0.02378117
0.91867809	1e-06	0.0575454	0.02377552
0.09710858	0.0413061	0.17117274	0.69041258
0.36511443	0.00832456	0.03257723	0.59398379
0.24567036	0.15485922	0.01540697	0.58406345
0.38965782	0.17974139	0.12179114	0.30880965
0.317854	0.15405449	0.11382912	0.41426238
0.34196156	0.21103369	0.14492491	0.30207984
0.35067537	0.23560285	0.13815766	0.27556413
0.44683752	0.1293775	0.12945619	0.29432879
0.37562789	0.10567228	0.18059468	0.33810514
0.31046922	0.19439409	0.13882709	0.3563096
0.30746728	0.24656487	0.17143407	0.27453379
0.37426855	0.20427077	0.1367996	0.28466108
0.32999565	0.18105687	0.22004605	0.26890144
0.38131807	0.12195924	0.16304468	0.33367801
0.31822512	0.17217876	0.18512678	0.32446934
0.26888086	0.17106615	0.21111899	0.348934
0.25253403	0.17197009	0.23341847	0.34207741
0.38941014	0.17978516	0.15406213	0.27674257
0.34888233	0.13166377	0.28341508	0.23603882
0.38938985	0.1789878	0.24524033	0.18638202
0.39503484	0.15882695	0.13051684	0.31562137
