#M01374	six4
#p.cut	M01374	UwDgfTh1wb33676984	0.01	0.05	0.1	0.25	0.5	0.75	0.9	0.95	0.99	
#p.Tcut2	M01374	UwDgfTh1wb33676984	17.2	18.85	19.6	20.7	21.79	22.89	23.99	24.74	26.39	
#p.Tcut2b	M01374	UwDgfTh1wb33676984	14.38	16.04	16.78	17.88	18.98	20.08	21.18	21.92	23.57	
A	C	G	T
0.33133971	0.226874	0.19385965	0.24792663
0.73987225	0.09979509	0.08305055	0.07728211
0.19182842	0.06672566	0.25556715	0.48587876
0.61260828	0.05822601	0.23892921	0.09023649
0.56285351	0.24604969	0.06445022	0.12664658
0.9085322	0.01867298	0.03208704	0.04070778
0.00465483	0.03196571	1e-06	0.96337846
0.01843145	1e-06	0.95011537	0.03145219
0.97349808	0.00467002	0.0218309	1e-06
0.01375391	0.92269521	0.01866657	0.0448843
0.98158697	0.00467002	0.01374201	1e-06
0.0093365	0.94558938	0.00458788	0.04048624
0.01358887	0.96424652	0.00425929	0.01790532
0.26019939	0.2213775	0.02756305	0.49086006
0.40193017	0.24167899	0.0680063	0.28838454
0.09014651	0.3198412	0.20024324	0.38976904
0.16502079	0.27226757	0.23908158	0.32363006
0.50666941	0.17752473	0.26483321	0.05097265
0.33133971	0.226874	0.19385965	0.24792663
