#M01380	HOXD12
#p.cut	M01380	UwDgfTh1	0.01	0.05	0.1	0.25	0.5	0.75	0.9	0.95	0.99	
#p.Tcut2	M01380	UwDgfTh1	16.45	18.1	18.85	19.95	21.05	22.15	23.24	23.99	25.64	
#p.Tcut2b	M01380	UwDgfTh1	12.24	13.89	14.63	15.73	16.83	17.93	19.03	19.77	21.43	
A	C	G	T
0.30522088	0.19868949	0.20883534	0.28725428
0.20501374	0.3980787	0.05491852	0.34198904
0.43827162	0.13974209	0.12680528	0.29518101
0.44593197	0.08486404	0.19289321	0.27631077
0.31503387	0.11523088	0.43841605	0.13131921
0.05997756	0.01823063	0.91566019	0.00613161
1e-06	0.03550974	0.00582434	0.95866492
1e-06	0.92782468	0.01180497	0.06036935
0.455594	0.01839284	0.50778333	0.01822983
0.00613161	1e-06	1e-06	0.99386639
0.95783748	0.00607087	0.02415091	0.01194074
0.98776806	1e-06	1e-06	0.01222994
0.98773578	1e-06	0.01226222	1e-06
0.66908619	0.11417979	0.03615	0.18058402
0.20671734	0.19318445	0.08408259	0.51601562
0.15609741	0.41531969	0.14448541	0.28409749
0.32968142	0.18671725	0.13842732	0.34517401
0.20435909	0.1211762	0.19170618	0.48275853
0.30522088	0.19868949	0.20883534	0.28725428
