#M01396	HOXB7
#p.cut	M01396	EpiUwRmapDNaseFetal.Thymus.SRX121282	0.01	0.05	0.1	0.25	0.5	0.75	0.9	0.95	0.99	
#p.Tcut2	M01396	EpiUwRmapDNaseFetal.Thymus.SRX121282	16.86	18.51	19.26	20.36	21.46	22.56	23.65	24.4	26.05	
#p.Tcut2b	M01396	EpiUwRmapDNaseFetal.Thymus.SRX121282	10.73	12.38	13.13	14.23	15.33	16.43	17.53	18.27	19.92	
A	C	G	T
0.33133472	0.16293014	0.18938999	0.31634515
0.05004784	0.20487054	0.58501312	0.1600685
0.18340144	0.19734678	0.08067422	0.53857756
0.91969754	0.05867275	0.02162871	1e-06
0.04437711	0.10252646	0.53389026	0.31920616
1e-06	0.00742586	0.01433339	0.97823975
0.99257354	0.00742446	1e-06	1e-06
0.99258078	0.00741722	1e-06	1e-06
1e-06	0.00742585	1e-06	0.99257215
0.00742586	0.00682557	1e-06	0.98574757
0.97030777	1e-06	0.01484854	0.01484269
0.57055075	0.31228233	0.08760759	0.02955932
0.02226694	0.00742586	0.07383806	0.89646914
0.04442902	1e-06	0.76607012	0.18949986
0.27709701	0.27119586	0.189698	0.26200913
0.42105666	0.16814503	0.08805145	0.32274687
0.62036471	0.03707167	0.29150135	0.05106227
0.33133472	0.16293014	0.18938999	0.31634515
