#M01339	Pax-7
#p.cut	M01339	EpiUwRmapDNaseFetal.Renal.Pelvis.SRX089275	0.01	0.05	0.1	0.25	0.5	0.75	0.9	0.95	0.99	
#p.Tcut2	M01339	EpiUwRmapDNaseFetal.Renal.Pelvis.SRX089275	16.74	18.39	19.13	20.23	21.33	22.43	23.53	24.28	25.93	
#p.Tcut2b	M01339	EpiUwRmapDNaseFetal.Renal.Pelvis.SRX089275	9.5	11.15	11.9	13	14.1	15.19	16.29	17.04	18.69	
A	C	G	T
0.35281714	0.17206478	0.17510121	0.30001687
0.61078219	0.23512711	0.02401475	0.13007595
0.20697055	0.17227821	0.56800439	0.05274685
0.64477002	0.11498572	0.00968359	0.23056068
0.3796852	0.28340676	0.15602958	0.18087846
0.0091828	0.41048275	0.00476695	0.57556749
0.00988833	1e-06	0.01964394	0.97046673
0.99040384	0.0049467	0.00464845	1e-06
0.99078256	1e-06	0.00463463	0.00458181
0.00494256	0.01439333	1e-06	0.98066311
1e-06	0.0049467	1e-06	0.9950513
0.98601138	0.00460658	0.00938104	1e-06
0.60563723	0.00955876	0.37569727	0.00910674
0.01422485	0.09089431	0.24515908	0.64972176
0.74469836	0.07216938	0.01939718	0.16373507
0.55605514	0.29518646	0.09603515	0.05272325
0.41145351	0.05300886	0.14417968	0.39135795
0.65419641	0.05273475	0.18317253	0.10989632
0.35281714	0.17206478	0.17510121	0.30001687
