#M01320	Prop-1
#p.cut	M01320	UwDnaseGm06990	0.01	0.05	0.1	0.25	0.5	0.75	0.9	0.95	0.99	
#p.Tcut2	M01320	UwDnaseGm06990	18.49	20.14	20.89	21.98	23.08	24.18	25.28	26.03	27.68	
#p.Tcut2b	M01320	UwDnaseGm06990	10.35	12	12.75	13.85	14.94	16.04	17.14	17.89	19.54	
A	C	G	T
0.36217105	0.15942982	0.16052632	0.31787281
0.32654917	0.12473425	0.45439377	0.09432281
0.6440783	0.16202553	0.09957296	0.09432321
0.70117925	0.05613752	0.21115391	0.03152932
0.01241349	0.02491924	0.01271072	0.94995655
0.00636361	0.00636578	0.01909535	0.96817525
0.98097606	0.0126572	0.00636574	1e-06
0.98090294	0.00636549	0.01273057	1e-06
1e-06	0.00590083	0.00609828	0.98799989
0.00636549	0.00636578	0.01273057	0.97453816
0.98097834	0.01273047	0.00629019	1e-06
0.98771703	1e-06	0.01228097	1e-06
0.18198168	0.09491573	0.26872912	0.45437347
0.58524546	0.01897508	0.08185093	0.31392853
0.46670076	0.08161013	0.15796536	0.29372375
0.5447383	0.06236968	0.19895956	0.19393246
0.0491284	0.57777635	0.02487094	0.3482243
0.36217105	0.15942982	0.16052632	0.31787281
