#M01347	Rhox11
#p.cut	M01347	EpiUwRmapDNaseCD4.Primary.Cells.SRX204404	0.01	0.05	0.1	0.25	0.5	0.75	0.9	0.95	0.99	
#p.Tcut2	M01347	EpiUwRmapDNaseCD4.Primary.Cells.SRX204404	13.77	15.42	16.17	17.27	18.36	19.46	20.56	21.31	22.96	
#p.Tcut2b	M01347	EpiUwRmapDNaseCD4.Primary.Cells.SRX204404	11.81	13.46	14.21	15.3	16.4	17.5	18.6	19.35	21	
A	C	G	T
0.28424995	0.19909324	0.25645575	0.26020106
0.28853172	0.3281321	0.11356348	0.26977271
0.26906244	0.14504937	0.223088	0.36280018
0.26695539	0.1356988	0.29270757	0.30463824
0.24735033	0.20257769	0.27814181	0.27193017
0.26696096	0.18037061	0.30297425	0.24969418
0.28274916	0.22413852	0.27015235	0.22295998
0.61610929	0.11258953	0.10041059	0.1708906
0.4265666	0.13625842	0.33650367	0.1006713
0.20423728	0.04293154	0.37065668	0.38217451
0.35835732	0.32967511	0.15703644	0.15493113
0.14448007	0.41828752	0.05522081	0.3820116
0.05448558	1e-06	0.92314233	0.02237109
1e-06	0.95516224	0.0114312	0.03340556
1e-06	0.02259304	1e-06	0.97740496
0.04493116	1e-06	0.94436295	0.01070488
1e-06	0.02286139	0.01143077	0.96570683
0.60601135	0.01134133	0.04483581	0.33781152
0.96570683	1e-06	0.02286097	0.0114312
0.73048905	0.02285116	1e-06	0.24665879
0.2362093	0.04472952	0.53737031	0.18169087
0.25893756	0.23658902	0.41670921	0.08776421
0.2458383	0.1449093	0.586391	0.0228614
0.58349654	0.06848634	0.06835277	0.27966434
0.28424995	0.19909324	0.25645575	0.26020106
