#M01370	HOXA4
#p.cut	M01370	EpiUwRmapDNaseFetal.Renal.Pelvis.SRX089275	0.01	0.05	0.1	0.25	0.5	0.75	0.9	0.95	0.99	
#p.Tcut2	M01370	EpiUwRmapDNaseFetal.Renal.Pelvis.SRX089275	16.47	18.12	18.87	19.97	21.07	22.16	23.26	24.01	25.66	
#p.Tcut2b	M01370	EpiUwRmapDNaseFetal.Renal.Pelvis.SRX089275	9.4	11.05	11.8	12.9	13.99	15.09	16.19	16.94	18.59	
A	C	G	T
0.31245186	0.16790757	0.19426615	0.32537441
0.32660996	0.0826065	0.34250737	0.24827617
0.41280127	0.04868414	0.32835059	0.210164
0.02926273	0.09329454	0.0341368	0.84330594
0.20356863	0.15168063	0.07773847	0.56701227
0.77538939	0.02897783	0.16128711	0.03434567
0.19128677	0.05348773	0.00965608	0.74556942
0.00496956	0.01450832	1e-06	0.98052112
0.951371	0.0341832	0.00947624	0.00496956
0.98043584	0.0046979	0.0098967	0.00496957
1e-06	1e-06	1e-06	0.999997
1e-06	1e-06	0.00479226	0.99520574
0.97031821	0.00992484	0.00989892	0.00985802
0.89354848	0.0045712	0.01939505	0.08248528
0.06285884	0.66853024	0.02953404	0.23907687
0.14192692	0.0437621	0.19563408	0.6186769
0.06367176	0.15626449	0.27052395	0.50953981
0.11678513	0.1024825	0.58596565	0.19476672
0.31245186	0.16790757	0.19426615	0.32537441
