#M01361	HOXC10
#p.cut	M01361	EpiUwRmapDNaseMobilized.CD34.Primary.Cells.SRX040374	0.01	0.05	0.1	0.25	0.5	0.75	0.9	0.95	0.99	
#p.Tcut2	M01361	EpiUwRmapDNaseMobilized.CD34.Primary.Cells.SRX040374	16.67	18.32	19.07	20.17	21.27	22.37	23.47	24.21	25.86	
#p.Tcut2b	M01361	EpiUwRmapDNaseMobilized.CD34.Primary.Cells.SRX040374	11.22	12.87	13.62	14.72	15.81	16.91	18.01	18.76	20.41	
A	C	G	T
0.34396955	0.18837822	0.18808548	0.27956674
0.20613943	0.19627302	0.06502319	0.53256436
0.55822218	0.02487477	0.18931705	0.227586
0.72880242	0.06491684	0.04114526	0.16513548
0.60004275	0.01640461	0.2213051	0.16224754
0.04127876	1e-06	0.95042785	0.00829239
0.00823942	0.00777095	1e-06	0.98398863
0.00821108	0.9753833	1e-06	0.01640461
0.71227671	0.00829239	0.27113866	0.00829223
1e-06	0.03299647	1e-06	0.96700153
0.98341422	1e-06	0.01658378	1e-06
0.98380429	0.00829239	1e-06	0.00790232
0.99170561	1e-06	0.00829239	1e-06
0.72821714	0.02437408	0.03315799	0.21425079
0.19574011	0.37062675	0.09036851	0.34326463
0.26982571	0.23539707	0.23042592	0.26435131
0.09031101	0.08228297	0.25379247	0.57361354
0.34396955	0.18837822	0.18808548	0.27956674
