#M01383	Nkx3A
#p.cut	M01383	UwDnaseMcf7	0.01	0.05	0.1	0.25	0.5	0.75	0.9	0.95	0.99	
#p.Tcut2	M01383	UwDnaseMcf7	18.91	20.56	21.31	22.41	23.51	24.61	25.71	26.45	28.1	
#p.Tcut2b	M01383	UwDnaseMcf7	11.94	13.59	14.34	15.43	16.53	17.63	18.73	19.48	21.13	
A	C	G	T
0.35786121	0.16113532	0.17052185	0.31048162
0.20613034	0.05115685	0.09941352	0.6432993
0.47279085	0.05384708	0.13322629	0.34013578
0.27603892	0.29968364	0.1561515	0.26812594
0.42909871	0.04153548	0.1017433	0.42762251
0.9268377	1e-06	0.06036946	0.01279184
0.95204317	1e-06	0.04145526	0.00650058
0.00964469	0.0097572	0.97436305	0.00623506
1e-06	0.04823604	0.0032498	0.94851316
0.9487573	0.00325311	0.04479423	0.00319535
0.00301568	0.97794031	0.00631587	0.01272814
0.00303814	0.02564882	1e-06	0.97131204
0.00950125	0.07003266	0.00324991	0.91721619
0.85288231	0.03825019	0.02509323	0.08377427
0.85366184	0.02542817	0.10828052	0.01262947
0.7587776	0.09503973	0.06629842	0.07988424
0.4200966	0.0159237	0.12390735	0.44007234
0.35786121	0.16113532	0.17052185	0.31048162
