#M01325	LH-2
#p.cut	M01325	EpiUwRmapDNaseFetal.Brain.SRX027083	0.01	0.05	0.1	0.25	0.5	0.75	0.9	0.95	0.99	
#p.Tcut2	M01325	EpiUwRmapDNaseFetal.Brain.SRX027083	17.49	19.14	19.89	20.99	22.09	23.19	24.29	25.03	26.68	
#p.Tcut2b	M01325	EpiUwRmapDNaseFetal.Brain.SRX027083	10.39	12.04	12.79	13.89	14.98	16.08	17.18	17.93	19.58	
A	C	G	T
0.35430039	0.16398041	0.16897257	0.31274664
0.4183912	0.0135469	0.04821822	0.51984367
0.63685862	0.12749205	0.19763421	0.03801511
0.69597279	0.15739172	0.04637556	0.10025993
0.93203533	0.02162856	0.03551314	0.01082297
0.01914295	0.70466505	1e-06	0.276191
0.00548901	0.02434944	1e-06	0.97016055
0.99450904	0.00274786	0.0027421	1e-06
0.99725015	1e-06	0.00274785	1e-06
0.01365051	0.00821886	1e-06	0.97812962
0.00274647	0.00532235	0.00819718	0.983734
0.9592897	0.00522235	0.03274009	0.00274786
0.24888217	0.01083914	0.73768292	0.00259577
0.07265267	0.28238357	0.08348765	0.5614761
0.10754423	0.04048695	0.30665369	0.54531513
0.52284637	0.23290124	0.11346159	0.13079079
0.35430039	0.16398041	0.16897257	0.31274664
