#M01377	IRXB3
#p.cut	M01377	UwDgfGm06990	0.01	0.05	0.1	0.25	0.5	0.75	0.9	0.95	0.99	
#p.Tcut2	M01377	UwDgfGm06990	21.07	22.72	23.47	24.56	25.66	26.76	27.86	28.61	30.26	
#p.Tcut2b	M01377	UwDgfGm06990	12.16	13.82	14.56	15.66	16.76	17.86	18.96	19.7	21.35	
A	C	G	T
0.36679662	0.14449318	0.15277778	0.33593242
0.45826966	0.119468	0.02286143	0.39940091
0.81938848	0.02321277	0.04183767	0.11556108
0.44534795	0.06936949	0.03178778	0.45349478
0.46842113	0.05984578	0.22227892	0.24945416
0.07934859	0.00875503	1e-06	0.91189537
0.999997	1e-06	1e-06	1e-06
1e-06	0.97214074	1e-06	0.02785726
0.97694408	1e-06	0.01372358	0.00933135
0.01397619	0.01391882	0.00935015	0.96275484
0.02783836	0.00472774	0.95798019	0.0094537
0.00472774	0.0047266	0.00464011	0.98590555
0.91572585	1e-06	0.01397033	0.07030282
0.49571947	0.24556185	0.11982675	0.13889193
0.71405691	0.0275517	0.09700938	0.16138202
0.67699216	0.02296562	0.02312945	0.27691277
0.48415973	0.13912449	0.1217548	0.25496097
0.04160562	1e-06	0.00945448	0.9489389
0.36679662	0.14449318	0.15277778	0.33593242
