#M01372	NKX22
#p.cut	M01372	UwDnaseTh1	0.01	0.05	0.1	0.25	0.5	0.75	0.9	0.95	0.99	
#p.Tcut2	M01372	UwDnaseTh1	18.04	19.69	20.44	21.54	22.64	23.74	24.83	25.58	27.23	
#p.Tcut2b	M01372	UwDnaseTh1	13.84	15.49	16.23	17.33	18.43	19.53	20.63	21.37	23.03	
A	C	G	T
0.33394989	0.19544869	0.17470994	0.29589149
0.29509289	0.08030043	0.08653171	0.53807497
0.67778077	0.10216871	0.15966508	0.06038544
0.6517844	0.022405	0.20923179	0.1165788
0.1163135	0.74382814	0.1235874	0.01627096
0.00614844	0.94320761	1e-06	0.05064294
0.94925994	0.00637987	0.03137748	0.01298272
0.00330614	0.97106313	0.00330533	0.02232539
0.00660178	0.01954902	1e-06	0.9738482
0.00300624	0.01583496	0.00628893	0.97486986
0.13392889	0.03898671	0.81745597	0.00962842
0.97123556	0.00968235	0.0096285	0.00945359
0.75037059	0.04146753	0.20486628	0.0032956
0.87585307	0.01913758	0.06065459	0.04435477
0.44033669	0.03841401	0.1871813	0.33406801
0.13116446	0.14833034	0.16001166	0.56049355
0.33394989	0.19544869	0.17470994	0.29589149
