#M01340	Barx1
#p.cut	M01340	UwDnaseA549	0.01	0.05	0.1	0.25	0.5	0.75	0.9	0.95	0.99	
#p.Tcut2	M01340	UwDnaseA549	18.18	19.83	20.58	21.68	22.78	23.88	24.97	25.72	27.37	
#p.Tcut2b	M01340	UwDnaseA549	11.54	13.19	13.93	15.03	16.13	17.23	18.33	19.07	20.73	
A	C	G	T
0.35863095	0.17167208	0.17018398	0.29951299
0.84173708	0.11417913	0.01437546	0.02970833
0.86495261	0.11295396	0.00769018	0.01440325
0.78025418	1e-06	0.21974382	1e-06
0.1054755	0.23659063	0.65793287	1e-06
0.00729399	0.44059971	0.03026065	0.52184565
0.94756563	0.0077214	0.04471197	1e-06
0.97034305	0.00753136	0.01483981	0.00728578
1e-06	0.00714039	0.00767322	0.98518539
1e-06	0.01540338	0.0075481	0.97704752
0.61596729	0.01544219	0.36098972	0.0076008
0.03848524	0.49942246	0.37201609	0.09007621
0.00757038	0.22724125	1e-06	0.76518737
0.31170373	0.11784638	0.3047093	0.26574059
0.65058359	0.12090505	0.03793148	0.19057988
0.89486024	0.00772329	0.05262283	0.04479364
0.32072919	0.05214325	0.00768109	0.61944647
0.35863095	0.17167208	0.17018398	0.29951299
