#M01345	Six-6
#p.cut	M01345	UwDnaseHmvecdneo	0.01	0.05	0.1	0.25	0.5	0.75	0.9	0.95	0.99	
#p.Tcut2	M01345	UwDnaseHmvecdneo	15.52	17.17	17.92	19.02	20.11	21.21	22.31	23.06	24.71	
#p.Tcut2b	M01345	UwDnaseHmvecdneo	11.54	13.19	13.94	15.04	16.14	17.23	18.33	19.08	20.73	
A	C	G	T
0.30160682	0.17207739	0.21962617	0.30668962
0.47256115	0.03776725	0.31654499	0.1731266
0.58340723	0.05623588	0.1070032	0.25335369
0.32764259	0.06037288	0.22442735	0.38755719
0.62590023	0.0325252	0.26172176	0.07985281
0.19161495	0.00473163	0.77997091	0.0236825
0.01403439	0.00465947	0.96235092	0.01895523
0.18762924	1e-06	0.80312445	0.00924531
1e-06	0.01864	0.0047464	0.9766126
0.95838392	1e-06	0.03707681	0.00453827
1e-06	0.00948341	1e-06	0.99051459
0.00906353	0.98618906	1e-06	0.0047464
0.96273242	0.00930422	0.01848638	0.00947698
0.40119163	0.09883521	0.09278634	0.40718683
0.20546202	0.20071477	0.14516826	0.44865495
0.53613972	0.06963042	0.03733321	0.35689665
0.22457719	0.21895026	0.07053184	0.48594071
0.03745045	0.11104973	0.15837083	0.69312899
0.30160682	0.17207739	0.21962617	0.30668962
