#M01387	Otx2
#p.cut	M01387	EpiUwRmapDNaseCD4.Primary.Cells.SRX204404	0.01	0.05	0.1	0.25	0.5	0.75	0.9	0.95	0.99	
#p.Tcut2	M01387	EpiUwRmapDNaseCD4.Primary.Cells.SRX204404	14.81	16.46	17.21	18.31	19.4	20.5	21.6	22.35	24	
#p.Tcut2b	M01387	EpiUwRmapDNaseCD4.Primary.Cells.SRX204404	11.43	13.08	13.83	14.93	16.03	17.13	18.23	18.97	20.62	
A	C	G	T
0.30137845	0.17669173	0.24511278	0.27681704
0.2485728	0.01426948	0.45842834	0.27872939
0.31290732	0.08597672	0.17207871	0.42903726
0.65727953	0.06510218	0.27761729	1e-06
0.19197556	0.00711473	0.80090872	1e-06
0.03530209	1e-06	0.96469591	1e-06
0.0072623	0.0069375	0.97868441	0.00711579
0.97824816	0.01449767	0.00725317	1e-06
1e-06	0.01388799	1e-06	0.98611001
1e-06	0.01392412	0.00726172	0.97881316
0.96478431	0.01412767	0.00701456	0.01407346
0.8638144	0.00719533	0.05771506	0.07127521
0.12951694	0.10716228	0.13533	0.62799077
0.13477106	0.25677974	0.02805555	0.58039366
0.40049387	0.06392765	0.26270937	0.27286911
0.13639029	0.13496924	0.14283337	0.5858071
0.15593271	0.5718942	0.1144419	0.1577312
0.28661608	0.2567534	0.13517073	0.32145979
0.32951955	0.19309324	0.10070566	0.37668156
0.37707235	0.20054981	0.20829954	0.2140783
0.26312282	0.25702371	0.20001995	0.27983352
0.291484	0.22285343	0.20622133	0.27944124
0.29214395	0.24283041	0.17685167	0.28817396
0.3197054	0.19371405	0.24358188	0.24299867
0.26435483	0.20647908	0.22126584	0.30790024
0.29877903	0.13649574	0.32084052	0.24388471
0.20697236	0.26454907	0.22133328	0.30714529
0.29225209	0.23545046	0.21507333	0.25722413
0.30508125	0.18621983	0.22859575	0.28010317
0.29386559	0.25082742	0.15738558	0.29792142
0.27925723	0.2642605	0.2208586	0.23562367
0.33727648	0.18503336	0.21276921	0.26492095
0.24987424	0.22874707	0.2133255	0.30805319
0.24967326	0.22726499	0.32199732	0.20106444
0.29937918	0.2145292	0.2853836	0.20070802
0.25112312	0.29874627	0.29240362	0.15772699
0.30137845	0.17669173	0.24511278	0.27681704
