#M01449	Cdx-2
#p.cut	M01449	EpiUwRmapDNaseFetal.Intestine.Large.SRX055195	0.01	0.05	0.1	0.25	0.5	0.75	0.9	0.95	0.99	
#p.Tcut2	M01449	EpiUwRmapDNaseFetal.Intestine.Large.SRX055195	17.4	19.05	19.8	20.9	22	23.1	24.19	24.94	26.59	
#p.Tcut2b	M01449	EpiUwRmapDNaseFetal.Intestine.Large.SRX055195	11.76	13.41	14.16	15.26	16.36	17.46	18.56	19.3	20.95	
A	C	G	T
0.34921809	0.16763525	0.20472316	0.2784235
0.53919652	0.05272704	0.32482781	0.08324863
0.54699439	0.10334721	0.32012557	0.02953282
0.11876597	1e-06	0.86955	0.01168303
0.03230785	0.00598505	0.95598884	0.00571826
0.01192544	0.48290137	0.00299303	0.50218017
0.70637704	0.28763691	0.00299303	0.00299303
0.9708997	1e-06	0.02616251	0.00293678
0.00295222	0.00897708	0.00285195	0.98521875
0.98512027	0.00299303	0.00889368	0.00299303
0.98836961	0.00875765	0.00287174	1e-06
0.98212375	0.01193624	0.00593901	1e-06
0.884393	0.02634063	1e-06	0.08926537
0.12418779	0.19336932	0.05897865	0.62346424
0.07367288	0.04069836	0.21024802	0.67538074
0.18718944	0.26356311	0.08853614	0.4607113
0.34921809	0.16763525	0.20472316	0.2784235
