#M01429	Homez
#p.cut	M01429	UwDgfHepg2	0.01	0.05	0.1	0.25	0.5	0.75	0.9	0.95	0.99	
#p.Tcut2	M01429	UwDgfHepg2	16.05	17.7	18.45	19.55	20.64	21.74	22.84	23.59	25.24	
#p.Tcut2b	M01429	UwDgfHepg2	9.5	11.15	11.89	12.99	14.09	15.19	16.29	17.04	18.69	
A	C	G	T
0.3115481	0.17068312	0.17441038	0.3433584
0.65556117	0.02584295	0.13877895	0.17981693
0.49633284	0.12239671	0.11665597	0.26461447
0.65463469	0.05162478	0.06218108	0.23155945
0.57669479	0.0769357	0.02230463	0.32406488
0.43328085	0.3957079	0.12356794	0.04744331
0.9524909	0.00711955	0.00713974	0.03324981
0.00735107	0.01121604	0.00735994	0.97407295
0.06545665	0.82926637	0.01475381	0.09052317
0.11652078	0.00748133	0.85424665	0.02175124
0.07334688	0.01450818	0.01113193	0.90101302
0.0073197	0.02235863	0.0148086	0.95551307
0.08733551	0.00747921	0.01086351	0.89432177
0.07333643	0.09194005	0.05083074	0.78389277
0.13553232	0.23050095	0.12146607	0.51250065
0.57089602	0.12118833	0.01473273	0.29318292
0.43244198	0.01483331	0.18316454	0.36956018
0.3115481	0.17068312	0.17441038	0.3433584
