#M01459	PREP1
#p.cut	M01459	UwDnaseCaco2	0.01	0.05	0.1	0.25	0.5	0.75	0.9	0.95	0.99	
#p.Tcut2	M01459	UwDnaseCaco2	12.58	14.23	14.98	16.07	17.17	18.27	19.37	20.12	21.77	
#p.Tcut2b	M01459	UwDnaseCaco2	12.14	13.79	14.54	15.64	16.74	17.83	18.93	19.68	21.33	
A	C	G	T
0.27134146	0.2637921	0.2238676	0.24099884
0.53844416	0.08063033	0.11482367	0.26610183
0.42579831	0.04900264	0.45317719	0.07202186
0.4161871	0.18725255	0.16095956	0.23560079
0.03227887	0.38981941	0.51286007	0.06504165
0.91886061	0.02410002	0.03311748	0.02392188
0.04139377	0.5618867	0.35561424	0.0411053
0.00829923	0.95859135	0.01651211	0.01659732
1e-06	1e-06	1e-06	0.999997
0.02423075	0.00829923	0.96746903	1e-06
1e-06	0.03243642	1e-06	0.96756158
1e-06	0.95968347	0.01643335	0.02388218
0.97641148	1e-06	0.01528833	0.00829919
0.69101019	0.06400859	0.05620204	0.18877918
0.37996938	0.03318466	0.0654529	0.52139305
0.23345143	0.43820933	0.22993112	0.09840812
0.25337937	0.52977143	0.10429607	0.11255313
0.27134146	0.2637921	0.2238676	0.24099884
