#M01408	Brn-3c
#p.cut	M01408	EpiUwRmapDNaseCD4.Primary.Cells.SRX055203	0.01	0.05	0.1	0.25	0.5	0.75	0.9	0.95	0.99	
#p.Tcut2	M01408	EpiUwRmapDNaseCD4.Primary.Cells.SRX055203	14.38	16.04	16.78	17.88	18.98	20.08	21.18	21.92	23.57	
#p.Tcut2b	M01408	EpiUwRmapDNaseCD4.Primary.Cells.SRX055203	8.74	10.39	11.14	12.24	13.34	14.44	15.53	16.28	17.93	
A	C	G	T
0.31512605	0.17086835	0.21463585	0.29936975
0.31306189	0.19699127	0.35176673	0.13818012
0.27519437	0.2364012	0.25324798	0.23515646
0.35171907	0.17579096	0.17812016	0.29436982
0.29617495	0.23216689	0.21565419	0.25600397
0.29118567	0.15510007	0.23647241	0.31724185
0.37438108	0.17724062	0.23655014	0.21182816
0.39144239	0.05956945	0.25546496	0.2935232
0.27537251	0.29344471	0.23465594	0.19652684
0.35600546	0.23283277	0.21436049	0.19680127
0.19294828	0.23552468	0.31502579	0.25650125
0.35332029	0.21484177	0.13698515	0.29485278
0.41490741	0.13900627	0.19228995	0.25379637
0.33294243	0.23669248	0.21219167	0.21817342
0.31361734	0.23575099	0.25189926	0.19873241
0.35456147	0.27281956	0.19687904	0.17573993
0.29440865	0.15516539	0.25555107	0.29487489
0.34769439	0.11928268	0.27750256	0.25552037
0.19512898	0.19474132	0.33409837	0.27603133
0.35228814	0.13548756	0.21643205	0.29579226
0.19824489	0.23485787	0.33186061	0.23503662
0.62719042	0.07936758	0.07643357	0.21700843
0.33376149	0.19610221	0.27518556	0.19495073
0.17859989	1e-06	0.07615863	0.74524048
0.29547945	0.09822632	0.01987842	0.58641582
0.94133568	0.01988153	0.01988153	0.01890126
1e-06	0.09670685	1e-06	0.90329115
1e-06	1e-06	1e-06	0.999997
0.96121621	1e-06	1e-06	0.03878179
0.999997	1e-06	1e-06	1e-06
1e-06	0.01969634	0.01921417	0.96108849
1e-06	1e-06	0.68491508	0.31508292
0.98198142	1e-06	0.01801658	1e-06
0.37031393	0.03976206	0.47105314	0.11887087
0.01988153	0.03976206	0.62419415	0.31616225
0.21596376	0.15713463	0.01988153	0.60702008
0.09806606	0.68812832	0.03594251	0.17786311
0.27800037	0.31033995	0.17440174	0.23725795
0.17676013	0.13654165	0.31378009	0.37291813
0.1980662	0.234759	0.19711205	0.37006274
0.23762369	0.25485897	0.19509204	0.3124253
0.23468627	0.19872952	0.19496351	0.3716207
0.23654935	0.29601881	0.2552949	0.21213694
0.25690723	0.1979845	0.28979325	0.25531502
0.21394946	0.3130146	0.19781204	0.2752239
0.4323808	0.17791502	0.17513229	0.21457189
0.40947857	0.17869928	0.23483808	0.17698407
0.23548897	0.29719333	0.21186692	0.25545077
0.33328248	0.23439384	0.19879031	0.23353336
0.19515241	0.19681284	0.33443304	0.27360171
0.25326208	0.1974971	0.27636743	0.2728734
0.29422753	0.17638034	0.19749817	0.33189395
0.25657893	0.1757894	0.25746119	0.31017048
0.35478332	0.09768711	0.27612429	0.27140528
0.36945693	0.21696609	0.21811867	0.19545831
0.23565208	0.1567078	0.21482525	0.39281488
0.15848867	0.15473373	0.3529696	0.333808
0.31512605	0.17086835	0.21463585	0.29936975
