#M01402	HoxA2
#p.cut	M01402	EpiUwRmapDNaseFetal.Brain.SRX026914	0.01	0.05	0.1	0.25	0.5	0.75	0.9	0.95	0.99	
#p.Tcut2	M01402	EpiUwRmapDNaseFetal.Brain.SRX026914	15.94	17.59	18.34	19.44	20.54	21.64	22.73	23.48	25.13	
#p.Tcut2b	M01402	EpiUwRmapDNaseFetal.Brain.SRX026914	11.31	12.96	13.71	14.8	15.9	17	18.1	18.85	20.5	
A	C	G	T
0.33782974	0.18400993	0.18833505	0.28982528
0.84139808	0.00970257	0.12466148	0.02423787
0.47478874	0.15603258	0.19189199	0.17728669
0.22248054	0.00725513	0.67346675	0.09679759
0.0666699	0.21615255	0.54015035	0.1770272
1e-06	0.02143878	0.00234584	0.97621438
0.98794566	0.0071957	0.00485764	1e-06
0.98566842	0.00469267	0.00963792	1e-06
0.00242932	0.00483974	1e-06	0.99272995
1e-06	0.00952993	0.00967103	0.98079804
0.98598457	0.00226435	0.00950289	0.00224818
0.15293926	0.24906777	0.52569593	0.07229704
0.04543803	0.77505438	0.00688177	0.17262582
0.23980499	0.20635859	0.016916	0.53692043
0.28003203	0.55672428	0.03868964	0.12455405
0.92529168	0.00482681	0.02414727	0.04573423
0.33782974	0.18400993	0.18833505	0.28982528
