#M01466	Obox3
#p.cut	M01466	UwDnaseCaco2	0.01	0.05	0.1	0.25	0.5	0.75	0.9	0.95	0.99	
#p.Tcut2	M01466	UwDnaseCaco2	12.2	13.85	14.6	15.7	16.79	17.89	18.99	19.74	21.39	
#p.Tcut2b	M01466	UwDnaseCaco2	10.93	12.58	13.33	14.43	15.52	16.62	17.72	18.47	20.12	
A	C	G	T
0.2772424	0.2043489	0.28243143	0.23597727
0.35293759	0.16953314	0.12007493	0.35745434
0.08554586	0.23141679	0.38767621	0.29536114
0.38658784	0.10611888	0.42995508	0.07733819
0.16232339	0.10506368	0.64048118	0.09213176
0.35161935	0.02077638	0.60661378	0.02099048
0.09873133	1e-06	0.85967218	0.04159549
0.08963447	1e-06	0.89660394	0.0137606
0.00648019	0.01428992	0.97922888	1e-06
0.97855185	1e-06	0.02144615	1e-06
1e-06	1e-06	0.01425252	0.98574548
0.00713411	0.00714905	0.02738995	0.95832689
0.97855521	1e-06	0.00714936	0.01429444
0.71115388	1e-06	0.20462744	0.08421767
0.21047951	0.62902636	0.07711619	0.08337794
0.26805164	0.04961701	0.04881358	0.63351777
0.32988343	0.36100541	0.18338375	0.12572741
0.28227925	0.26824806	0.04229028	0.40718241
0.2772424	0.2043489	0.28243143	0.23597727
