#M01405	Irx2
#p.cut	M01405	UwDgfHepg2	0.01	0.05	0.1	0.25	0.5	0.75	0.9	0.95	0.99	
#p.Tcut2	M01405	UwDgfHepg2	21.63	23.28	24.03	25.13	26.23	27.32	28.42	29.17	30.82	
#p.Tcut2b	M01405	UwDgfHepg2	12.31	13.96	14.71	15.81	16.91	18.01	19.11	19.85	21.5	
A	C	G	T
0.37532355	0.13557665	0.15162496	0.33747483
0.46507169	0.01003244	0.00662279	0.51827308
0.72489889	0.02290981	0.01967091	0.23252039
0.45597005	0.02268556	0.10470158	0.41664281
0.66500372	0.01952508	0.16427901	0.15119219
0.05525799	0.01626698	0.00338022	0.92509482
0.98372381	1e-06	0.01627419	1e-06
0.0098826	0.93127946	0.00981	0.04902794
0.97354854	1e-06	0.02644946	1e-06
0.00983809	0.03607952	1e-06	0.95408138
0.0494632	0.00338022	0.93728534	0.00987124
0.00990429	0.01645781	0.00666836	0.96696954
0.97070806	1e-06	0.00991415	0.01937678
0.66299075	0.07218806	0.08184044	0.18298075
0.53809956	0.1008314	0.19713354	0.16393549
0.48390891	0.01013636	0.01630729	0.48964744
0.18787274	0.12765575	0.20670982	0.47776168
0.32709108	0.0064963	0.0066595	0.65975312
0.37532355	0.13557665	0.15162496	0.33747483
