#M01406	HOXC6
#p.cut	M01406	UwDgfSknshra	0.01	0.05	0.1	0.25	0.5	0.75	0.9	0.95	0.99	
#p.Tcut2	M01406	UwDgfSknshra	21.18	22.83	23.58	24.68	25.78	26.88	27.98	28.72	30.37	
#p.Tcut2b	M01406	UwDgfSknshra	10.98	12.63	13.38	14.48	15.57	16.67	17.77	18.52	20.17	
A	C	G	T
0.38805347	0.14696463	0.14884433	0.31613757
0.14272938	0.42449497	0.0673317	0.36544396
0.79052339	0.01206075	0.16163261	0.03578324
0.84244195	0.04737191	0.03581075	0.07437539
0.76617411	0.06678128	0.1512149	0.01582972
0.03109557	0.01131445	0.26709362	0.69049636
0.02019288	0.0077491	0.01180824	0.96024979
0.98799502	0.00796349	1e-06	0.00404049
0.9962236	1e-06	0.0037744	1e-06
0.00372476	0.01153799	1e-06	0.98473624
0.02294273	0.00367375	0.00404242	0.9693411
0.97240394	0.01188362	0.00381058	0.01190186
0.73737858	0.22701419	0.01571917	0.01988807
0.09972233	0.13106664	0.13777331	0.63143773
0.39236967	0.01540966	0.0832258	0.50899487
0.7695211	0.04770147	0.13097746	0.05179996
0.57614729	0.15044914	0.09953128	0.17387229
0.38805347	0.14696463	0.14884433	0.31613757
