#M01461	EMX2
#p.cut	M01461	UwDnaseH7esDiffa9d	0.01	0.05	0.1	0.25	0.5	0.75	0.9	0.95	0.99	
#p.Tcut2	M01461	UwDnaseH7esDiffa9d	12.86	14.51	15.25	16.35	17.45	18.55	19.65	20.4	22.05	
#p.Tcut2b	M01461	UwDnaseH7esDiffa9d	11.74	13.39	14.13	15.23	16.33	17.43	18.53	19.28	20.93	
A	C	G	T
0.26098849	0.221279	0.25183928	0.26589323
0.59689249	0.01613648	0.02713228	0.35983875
0.19416085	0.28431876	0.48958409	0.0319363
0.39193856	0.27363852	0.23140395	0.10301897
0.32154217	0.18912405	0.44191164	0.04742215
1e-06	0.81749576	0.02701396	0.15548929
1e-06	0.0211596	0.00546642	0.97337298
0.92498976	0.0593312	0.01041894	0.0052601
0.98906059	0.00546923	1e-06	0.00546918
1e-06	0.02678891	0.00546924	0.96774085
0.01079613	0.00546583	0.05315372	0.93058432
0.999997	1e-06	1e-06	1e-06
0.17095309	0.00546924	0.81846279	0.00511488
1e-06	0.35445774	0.0053294	0.64021185
0.11858598	0.04280782	0.52683645	0.31176976
0.13963509	0.18457184	0.58474412	0.09104895
0.26098849	0.221279	0.25183928	0.26589323
