#M01447	PITX2
#p.cut	M01447	UwDnaseTh1	0.01	0.05	0.1	0.25	0.5	0.75	0.9	0.95	0.99	
#p.Tcut2	M01447	UwDnaseTh1	18.63	20.28	21.03	22.13	23.23	24.33	25.43	26.17	27.82	
#p.Tcut2b	M01447	UwDnaseTh1	12.66	14.31	15.06	16.16	17.26	18.35	19.45	20.2	21.85	
A	C	G	T
0.35190058	0.14451754	0.20175439	0.30182749
0.25512102	0.02493399	0.41325274	0.30669225
0.55140859	0.04668463	0.14248118	0.2594256
0.69437079	0.0254896	0.21716652	0.0629731
0.43002085	1e-06	0.56587454	0.00410361
0.04144793	0.00404322	0.94608183	0.00842702
0.01668072	1e-06	0.97893351	0.00438477
0.97906614	1e-06	0.01289644	0.00803642
1e-06	0.01676632	1e-06	0.98323168
0.00427946	0.01671954	0.00873245	0.97026856
0.96166534	0.01675604	0.00842702	0.0131516
0.92024371	0.00866248	0.05881755	0.01227626
0.04121931	0.04654988	0.02528981	0.886941
0.31349429	0.18826368	0.05490557	0.44333646
0.49507495	0.06687778	0.1551428	0.28290447
0.32698825	0.09780977	0.15176673	0.42343525
0.2024219	0.38616988	0.07058722	0.340821
0.35190058	0.14451754	0.20175439	0.30182749
