#M01494	Mig3
#p.cut	M01494	UwDnaseH7esDiffa14d	0.01	0.05	0.1	0.25	0.5	0.75	0.9	0.95	0.99	
#p.Tcut2	M01494	UwDnaseH7esDiffa14d	10.28	11.93	12.68	13.78	14.88	15.98	17.08	17.82	19.47	
#p.Tcut2b	M01494	UwDnaseH7esDiffa14d	10.49	12.14	12.89	13.99	15.09	16.18	17.28	18.03	19.68	
A	C	G	T
0.2226776	0.34112022	0.21810109	0.21810109
0.43658357	0.29978678	0.14213416	0.12149549
0.07433761	0.68750558	0.08783634	0.15032047
0.29961564	0.35070029	0.1709167	0.17876738
0.12930005	0.37990478	0.17446527	0.31632989
0.20814917	0.25454115	0.39117124	0.14613845
0.13800882	0.42090398	0.06259808	0.37848912
0.23355419	0.16634262	0.07087544	0.52922775
0.60386373	0.15450836	0.20007637	0.04155154
0.01653561	0.96280788	0.00844714	0.01220936
0.00832023	0.96276861	0.00422423	0.02468693
0.01267037	0.94149922	0.00422423	0.04160618
0.00837229	0.90485095	0.0205183	0.06625846
0.37729581	0.0250248	0.58540974	0.01226965
0.00805313	0.95472491	0.02879426	0.0084277
0.90865934	0.02088603	0.07045363	1e-06
0.26263212	0.17911669	0.05027496	0.50797624
0.20830815	0.11664354	0.01249839	0.66254992
0.10467731	0.39308728	0.10394377	0.39829164
0.33743169	0.16253789	0.19129123	0.30873919
0.23342576	0.22597231	0.28657849	0.25402344
0.11202741	0.17127735	0.38816657	0.32852866
0.2226776	0.34112022	0.21810109	0.21810109
