#M01411	PKNOX2
#p.cut	M01411	UwDgfLhcnm2	0.01	0.05	0.1	0.25	0.5	0.75	0.9	0.95	0.99	
#p.Tcut2	M01411	UwDgfLhcnm2	14.26	15.91	16.66	17.76	18.86	19.95	21.05	21.8	23.45	
#p.Tcut2b	M01411	UwDgfLhcnm2	13.4	15.05	15.8	16.9	18	19.1	20.19	20.94	22.59	
A	C	G	T
0.27158746	0.24557889	0.21618541	0.26664825
0.51491296	0.22389272	0.12427112	0.1369232
0.83937847	0.00583818	0.10046098	0.05432237
0.26834967	0.09494793	0.5785942	0.0581082
0.00384493	0.80904087	0.1505519	0.0365623
0.90772778	0.00383777	0.08468339	0.00375106
0.00571536	0.35000105	0.63665499	0.00762859
0.00375118	0.97883922	0.00196297	0.01544663
0.00196383	0.00955185	1e-06	0.98848332
0.00760912	0.00391673	0.98462578	0.00384837
0.00187982	0.01748642	0.00375306	0.9768807
1e-06	0.98068382	0.0039	0.01541517
0.97678735	0.00196383	0.01928512	0.0019637
0.48832925	0.29801148	0.02713431	0.18652496
0.19120017	0.15607655	0.00961893	0.64310435
0.28829675	0.21404603	0.15478961	0.34286762
0.13310827	0.23082294	0.1432063	0.49286249
0.27158746	0.24557889	0.21618541	0.26664825
