#M01457	Nkx2-3
#p.cut	M01457	UwDnaseTh1	0.01	0.05	0.1	0.25	0.5	0.75	0.9	0.95	0.99	
#p.Tcut2	M01457	UwDnaseTh1	19.02	20.67	21.42	22.52	23.62	24.72	25.82	26.56	28.21	
#p.Tcut2b	M01457	UwDnaseTh1	12.91	14.57	15.31	16.41	17.51	18.61	19.71	20.45	22.11	
A	C	G	T
0.31155589	0.16993958	0.1597432	0.35876133
0.09335611	0.27607514	0.0155387	0.61503005
0.04472675	0.25512362	0.06655162	0.63359801
0.01799564	0.05108985	0.03359998	0.89731453
0.09910047	0.10066246	0.03007546	0.77016161
0.94294521	0.00284955	0.04836868	0.00583656
0.97874729	0.00291878	0.00918575	0.00914818
0.01807202	0.00605619	0.97295301	0.00291878
1e-06	0.16011404	1e-06	0.83988396
0.86080089	0.00285921	0.13633889	1e-06
1e-06	0.96644593	0.01510225	0.01845082
0.00906701	0.01510065	1e-06	0.97583134
0.0124159	0.05434003	0.00601443	0.92722964
0.60656893	0.14793818	0.13972386	0.10576903
0.71298338	0.04212115	0.17636066	0.06853481
0.19344206	0.1281663	0.08992143	0.58847021
0.31155589	0.16993958	0.1597432	0.35876133
