#M01436	Crx
#p.cut	M01436	UwDnaseHrpe	0.01	0.05	0.1	0.25	0.5	0.75	0.9	0.95	0.99	
#p.Tcut2	M01436	UwDnaseHrpe	13.25	14.9	15.65	16.75	17.84	18.94	20.04	20.79	22.44	
#p.Tcut2b	M01436	UwDnaseHrpe	11.71	13.36	14.11	15.21	16.31	17.41	18.5	19.25	20.9	
A	C	G	T
0.26926006	0.19119769	0.25779622	0.28174603
0.08659981	0.40198034	0.11567904	0.39574081
0.08631841	0.228062	0.27641273	0.40920686
0.30275238	0.11353406	0.13673055	0.44698302
0.27544787	0.03602642	0.12784388	0.56068184
0.07909666	0.02358416	0.85906105	0.03825812
0.13122596	0.05610046	0.78448354	0.02819004
0.02583664	0.00225234	0.97191002	1e-06
0.00561584	0.00226767	0.99211549	1e-06
0.98991693	0.00781284	0.00226924	1e-06
0.00111938	0.00113512	1e-06	0.9977445
0.00338293	0.00226468	1e-06	0.99435139
0.98767433	1e-06	0.00669626	0.00562841
0.38457807	0.0169627	0.43580693	0.1626523
0.08612411	0.67079165	0.1248105	0.11827374
0.15672674	0.46272237	0.12948108	0.25106981
0.26926006	0.19119769	0.25779622	0.28174603
