#M01483	Dbx-1
#p.cut	M01483	UwDnaseCd4naivewb11970640	0.01	0.05	0.1	0.25	0.5	0.75	0.9	0.95	0.99	
#p.Tcut2	M01483	UwDnaseCd4naivewb11970640	21.27	22.92	23.66	24.76	25.86	26.96	28.06	28.81	30.46	
#p.Tcut2b	M01483	UwDnaseCd4naivewb11970640	8.28	9.93	10.68	11.78	12.88	13.97	15.07	15.82	17.47	
A	C	G	T
0.40361707	0.11760884	0.12681395	0.35196015
0.18577742	0.1056659	0.05496881	0.65358787
0.88903291	0.00631912	1e-06	0.10464697
0.74493072	0.00633039	0.1673263	0.0814126
0.14913595	0.00617503	0.03107199	0.81361703
0.2540243	0.08120447	0.0299553	0.63481593
0.92551882	0.03082134	0.00623334	0.0374265
0.98214429	1e-06	0.00633118	0.01152353
0.00616893	1e-06	1e-06	0.99382907
0.05468409	0.00632948	1e-06	0.93898543
0.94465568	0.00633118	0.01220085	0.03681229
0.82725232	0.01185326	1e-06	0.16089342
0.1296887	0.03146565	0.01234062	0.82650503
0.86911957	1e-06	0.04378804	0.08709139
0.88197267	0.04946498	0.04990918	0.01865317
0.27190141	0.01265256	0.02497254	0.69047349
0.42025864	0.04341487	0.06104554	0.47528095
0.61168017	0.04892141	0.20866361	0.1307348
0.40361707	0.11760884	0.12681395	0.35196015
