#M01484	Pitx1
#p.cut	M01484	EpiUwRmapDNaseMobilized.CD3.Primary.Cells.SRX089240	0.01	0.05	0.1	0.25	0.5	0.75	0.9	0.95	0.99	
#p.Tcut2	M01484	EpiUwRmapDNaseMobilized.CD3.Primary.Cells.SRX089240	16.69	18.34	19.09	20.18	21.28	22.38	23.48	24.23	25.88	
#p.Tcut2b	M01484	EpiUwRmapDNaseMobilized.CD3.Primary.Cells.SRX089240	11.83	13.48	14.23	15.33	16.43	17.53	18.62	19.37	21.02	
A	C	G	T
0.35189917	0.15022994	0.24408108	0.25378981
0.23467204	0.29147043	0.24168688	0.23217065
0.35898058	0.2338514	0.23320278	0.17396525
0.31988804	0.23350552	0.23220831	0.21439813
0.29163212	0.18511215	0.25586354	0.2673922
0.33940547	0.21563829	0.19432733	0.25062891
0.418649	0.245432	0.15433292	0.18158608
0.37779623	0.17535843	0.15765147	0.28919388
0.28351357	0.26028476	0.24351844	0.21268322
0.3484504	0.13625049	0.27302539	0.24227372
0.27223926	0.15406137	0.34064163	0.23305774
0.38860657	0.20196212	0.22348626	0.18594504
0.29884292	0.225015	0.1574133	0.31872878
0.2440443	0.17486556	0.29757323	0.28351691
0.24339892	0.20009976	0.28302653	0.2734748
0.20446103	0.12567306	0.26449656	0.40536935
0.10597906	0.10743159	0.31198867	0.47460068
0.50392451	0.06633705	0.35177177	0.07796666
0.33768509	0.12827556	0.41674811	0.11729124
0.48463643	0.00991859	0.48560963	0.01983535
0.16332541	0.00991859	0.826755	1e-06
0.00991859	0.00988864	0.98019177	1e-06
0.02957275	0.00978994	0.9408012	0.01983611
0.99078224	1e-06	0.00921576	1e-06
0.00991844	0.00991859	1e-06	0.98016197
0.02975346	0.00989328	1e-06	0.96035226
0.93057393	1e-06	0.0396713	0.02975378
0.90254359	0.01966754	0.07778787	1e-06
0.76827912	0.17431674	0.02952367	0.02788047
0.63184296	0.01983579	0.09682579	0.25149545
0.69876171	0.10588504	0.07892539	0.11642787
0.37628735	0.18492376	0.16523943	0.27354946
0.36953971	0.16518982	0.21285789	0.25241258
0.4175174	0.13521637	0.21363875	0.23362748
0.29066929	0.25253957	0.22206426	0.23472688
0.3595139	0.1740635	0.17605004	0.29037256
0.37822495	0.21509682	0.16483634	0.2418419
0.30113059	0.2531161	0.12491137	0.32084193
0.35189917	0.15022994	0.24408108	0.25378981
