#M01424	HOXB4
#p.cut	M01424	UwDgfSknshra	0.01	0.05	0.1	0.25	0.5	0.75	0.9	0.95	0.99	
#p.Tcut2	M01424	UwDgfSknshra	19.95	21.6	22.34	23.44	24.54	25.64	26.74	27.48	29.14	
#p.Tcut2b	M01424	UwDgfSknshra	11.31	12.96	13.71	14.81	15.91	17.01	18.11	18.85	20.5	
A	C	G	T
0.34888201	0.16945304	0.14840041	0.33326453
0.15068444	0.70703216	0.10653236	0.03575104
0.39606789	0.18140197	0.12082116	0.30170897
0.45546688	0.26249938	0.09443359	0.18760014
0.55286241	0.02733574	0.3262749	0.09352695
0.023263	0.04298763	0.00382664	0.92992273
0.00785519	0.00379759	0.01602214	0.97232509
0.98850365	0.00384843	0.00400775	0.00364016
0.99227028	1e-06	0.00772772	1e-06
0.01530358	0.00400775	1e-06	0.98068766
0.0036782	0.00398469	0.00400775	0.98832936
0.98040012	0.00400775	0.00400775	0.01158438
0.93384511	0.0077799	0.04299534	0.01537964
0.05043102	0.16237086	0.04333642	0.7438617
0.33297939	0.08293696	0.05876126	0.52532239
0.70777936	0.14242334	0.09467149	0.05512581
0.4666814	0.21073228	0.03139393	0.29119238
0.18301783	0.33878361	0.09143454	0.38676402
0.34888201	0.16945304	0.14840041	0.33326453
