#M01474	Esx1
#p.cut	M01474	UwDnaseTh1wb33676984	0.01	0.05	0.1	0.25	0.5	0.75	0.9	0.95	0.99	
#p.Tcut2	M01474	UwDnaseTh1wb33676984	19.8	21.45	22.2	23.3	24.39	25.49	26.59	27.34	28.99	
#p.Tcut2b	M01474	UwDnaseTh1wb33676984	11.14	12.79	13.54	14.64	15.73	16.83	17.93	18.68	20.33	
A	C	G	T
0.31932103	0.15573023	0.15516063	0.36978811
0.48829343	0.13645762	0.06470151	0.31054744
0.19450675	0.09771684	0.05948979	0.64828663
0.10433873	0.22050066	0.09169768	0.58346293
0.27968872	0.35649854	0.15694129	0.20687145
0.66929854	1e-06	0.2651798	0.06552066
1e-06	0.31249808	0.01315126	0.67434966
0.01231813	0.01953365	0.00658482	0.9615634
0.97467339	0.01316041	0.0061775	0.00598869
0.98014127	0.01322085	0.00663688	1e-06
0.00663688	0.01257121	1e-06	0.98079091
1e-06	0.00617671	0.01327277	0.98054952
0.95466542	0.0066366	0.0066358	0.03206218
0.68816116	0.01271534	0.27922501	0.0198985
1e-06	0.04573496	0.01277741	0.94148663
0.12964629	0.01294047	0.22705876	0.63035448
0.05287335	0.29245765	0.4106201	0.24404891
0.70115698	0.01258369	0.01327277	0.27298656
0.31932103	0.15573023	0.15516063	0.36978811
