#M01460	HOXB6
#p.cut	M01460	EpiUwRmapDNaseCD14.Primary.Cells.SRX040416	0.01	0.05	0.1	0.25	0.5	0.75	0.9	0.95	0.99	
#p.Tcut2	M01460	EpiUwRmapDNaseCD14.Primary.Cells.SRX040416	15.9	17.55	18.3	19.4	20.49	21.59	22.69	23.44	25.09	
#p.Tcut2b	M01460	EpiUwRmapDNaseCD14.Primary.Cells.SRX040416	10.11	11.76	12.5	13.6	14.7	15.8	16.9	17.65	19.3	
A	C	G	T
0.2948023	0.18096301	0.18765944	0.33657526
0.31192637	0.09802595	1e-06	0.59004668
0.62469718	0.05323368	0.02716441	0.29490473
0.11550088	0.00905588	0.02692357	0.84851967
0.10656074	0.01745494	0.3589099	0.51707441
0.18844328	0.17033632	0.45432916	0.18689125
0.03582499	0.05358055	0.82090226	0.0896922
0.0086283	0.07955041	1e-06	0.91182029
0.96560632	0.00842479	0.02596789	1e-06
0.99145648	1e-06	0.00854152	1e-06
0.00904646	1e-06	0.01752875	0.97342379
1e-06	1e-06	0.02715557	0.97284243
0.92774345	0.01811076	0.05414479	1e-06
0.04486316	0.9008161	1e-06	0.05431975
0.33175951	0.35520969	0.11515087	0.19787993
0.24020938	0.06208605	0.18726372	0.51044085
0.2948023	0.18096301	0.18765944	0.33657526
