#M01498	Gzf3
#p.cut	M01498	UwDgfK562Znfa41c6	0.01	0.05	0.1	0.25	0.5	0.75	0.9	0.95	0.99	
#p.Tcut2	M01498	UwDgfK562Znfa41c6	15.08	16.73	17.48	18.58	19.68	20.77	21.87	22.62	24.27	
#p.Tcut2b	M01498	UwDgfK562Znfa41c6	12.86	14.51	15.26	16.36	17.45	18.55	19.65	20.4	22.05	
A	C	G	T
0.29534024	0.19211045	0.26104536	0.25150394
0.12723324	0.0618526	0.11200834	0.69890582
0.23590698	0.20265091	0.28440957	0.27703253
0.22871987	0.29455347	0.30500034	0.17172631
0.27461005	0.29942704	0.16560962	0.26035328
0.29831334	0.09910301	0.33005485	0.2725288
0.34605894	0.02940769	0.48420811	0.14032526
0.0501301	0.91594033	0.01046455	0.02346502
0.02085582	0.02838324	0.00286894	0.947892
0.00299475	0.0028656	0.99413866	1e-06
0.98528328	0.00287514	0.00897808	0.0028635
1e-06	0.01188454	1e-06	0.98811346
0.98370814	1e-06	0.01034081	0.00595005
0.98816225	0.00298842	0.00448685	0.00436247
0.00738258	0.00584792	0.98390982	0.00285968
0.35014484	0.08996766	0.55691377	0.00297374
0.38276909	0.13667576	0.43344325	0.04711189
0.66930135	0.07595146	0.08441423	0.17033296
0.29534024	0.19211045	0.26104536	0.25150394
