#M01463	Dobox5
#p.cut	M01463	UwDnaseTh1	0.01	0.05	0.1	0.25	0.5	0.75	0.9	0.95	0.99	
#p.Tcut2	M01463	UwDnaseTh1	17.66	19.31	20.06	21.16	22.25	23.35	24.45	25.2	26.85	
#p.Tcut2b	M01463	UwDnaseTh1	12.57	14.22	14.97	16.06	17.16	18.26	19.36	20.11	21.76	
A	C	G	T
0.33086973	0.14766704	0.21567749	0.30578574
0.29741096	0.05526366	0.40056251	0.24676287
0.41980058	0.15510475	0.16138221	0.26371246
0.68607293	0.02223471	0.21514793	0.07654443
0.24323858	1e-06	0.74424249	0.01251793
0.04286184	0.00812095	0.93559775	0.01341947
0.01640001	0.00406097	0.97143044	0.00810858
0.95212236	0.0085338	0.03528286	0.00406097
1e-06	0.00889832	0.00879211	0.98230858
1e-06	0.0085338	0.0086306	0.9828346
0.95691125	0.02113548	0.00894666	0.01300661
0.90720009	0.00447381	0.07112384	0.01720226
0.03853596	0.09137893	0.04813989	0.82194523
0.22157524	0.15853792	0.03463139	0.58525545
0.40511049	0.15725591	0.15398926	0.28364435
0.23192253	0.06918692	0.06937304	0.62951751
0.3054609	0.31265607	0.11497693	0.2669061
0.33086973	0.14766704	0.21567749	0.30578574
