#M01432	HOXD8
#p.cut	M01432	UwDgfHepg2	0.01	0.05	0.1	0.25	0.5	0.75	0.9	0.95	0.99	
#p.Tcut2	M01432	UwDgfHepg2	21.12	22.77	23.51	24.61	25.71	26.81	27.91	28.66	30.31	
#p.Tcut2b	M01432	UwDgfHepg2	11.16	12.81	13.56	14.66	15.76	16.85	17.95	18.7	20.35	
A	C	G	T
0.3409611	0.14187643	0.15160183	0.36556064
0.09245786	0.04923999	0.09808322	0.76021894
0.83123767	0.01630898	0.04369843	0.10875492
0.82546052	0.01655754	0.10913164	0.0488503
0.39604528	0.01049846	0.13058887	0.46286739
0.07100735	0.06916617	1e-06	0.85982549
0.86897913	0.04875536	0.01109196	0.07117355
0.98329682	1e-06	0.01113437	0.00556781
0.01088407	0.0054296	0.00556781	0.97811852
0.02213049	1e-06	0.00533423	0.97253428
0.97289429	1e-06	0.0054296	0.02167511
0.91920474	1e-06	0.0051102	0.07568406
0.01077685	0.00556781	0.01077288	0.97288246
0.41303732	1e-06	0.32084187	0.26611981
0.26844347	0.05384898	0.53788922	0.13981833
0.28275052	0.43442328	0.03284739	0.24997881
0.15761671	0.01095674	0.02152331	0.80990324
0.3409611	0.14187643	0.15160183	0.36556064
