#M01477	Octamer
#p.cut	M01477	EpiUwRmapDNaseFetal.Brain.SRX027086	0.01	0.05	0.1	0.25	0.5	0.75	0.9	0.95	0.99	
#p.Tcut2	M01477	EpiUwRmapDNaseFetal.Brain.SRX027086	19.19	20.84	21.58	22.68	23.78	24.88	25.98	26.73	28.38	
#p.Tcut2b	M01477	EpiUwRmapDNaseFetal.Brain.SRX027086	10.65	12.3	13.05	14.15	15.25	16.35	17.45	18.19	19.84	
A	C	G	T
0.33953989	0.15011586	0.17750745	0.33283681
0.19356555	0.21111505	0.4721331	0.12318629
0.31227817	0.10335929	0.12780275	0.4565598
0.22110616	0.01904173	0.21307092	0.54678119
0.9717119	0.00479733	0.00944727	0.0140435
0.92471067	0.00959344	0.03300682	0.03268906
1e-06	0.06203346	1e-06	0.93796454
1e-06	1e-06	1e-06	0.999997
0.99076768	0.00923032	1e-06	1e-06
0.98149579	0.00441656	1e-06	0.01408665
1e-06	1e-06	1e-06	0.999997
0.00479699	1e-06	0.01871414	0.97648787
0.98120602	0.0047792	1e-06	0.01401378
0.46797875	0.00900472	0.50413601	0.01888051
0.02363461	0.08505807	0.15148911	0.73981821
0.21176437	0.11862908	0.24108025	0.4285263
0.27291303	0.21616124	0.11354668	0.39737905
0.46264267	0.06124384	0.24582695	0.23028654
0.33953989	0.15011586	0.17750745	0.33283681
