#M01433	Six-2
#p.cut	M01433	EpiUwRmapDNaseCD34.Primary.Cells.SRX026915	0.01	0.05	0.1	0.25	0.5	0.75	0.9	0.95	0.99	
#p.Tcut2	M01433	EpiUwRmapDNaseCD34.Primary.Cells.SRX026915	13.2	14.85	15.6	16.69	17.79	18.89	19.99	20.74	22.39	
#p.Tcut2b	M01433	EpiUwRmapDNaseCD34.Primary.Cells.SRX026915	10.76	12.41	13.15	14.25	15.35	16.45	17.55	18.3	19.95	
A	C	G	T
0.28775547	0.19641888	0.23530476	0.28052089
0.44234102	0.06092821	0.36248873	0.13424204
0.62856297	0.12388262	0.08349956	0.16405485
0.23744241	0.03128851	0.28700405	0.44426503
0.4219472	0.02060975	0.46625098	0.09119206
0.14316657	0.02017053	0.79481195	0.04185095
0.01046349	0.03137979	0.95815572	1e-06
0.156671	0.01045673	0.83287127	1e-06
0.01041782	0.04175056	0.03138123	0.9164504
0.92776511	1e-06	0.07223289	1e-06
0.01046328	0.01046349	0.01026647	0.96880676
1e-06	0.98953451	1e-06	0.01046349
0.96861077	0.01046345	0.02092478	1e-06
0.19306526	0.48784234	0.05108763	0.26800477
0.29050393	0.16402734	0.17328912	0.37217961
0.31715349	0.02071925	0.04185068	0.62027658
0.20481789	0.31035413	0.20808191	0.27674607
0.18522681	0.04185037	0.18597309	0.58694973
0.1254749	0.26708594	0.27817293	0.32926624
0.28775547	0.19641888	0.23530476	0.28052089
