#M01427	Nkx1-2
#p.cut	M01427	UwDgfNb4	0.01	0.05	0.1	0.25	0.5	0.75	0.9	0.95	0.99	
#p.Tcut2	M01427	UwDgfNb4	19	20.65	21.4	22.5	23.59	24.69	25.79	26.54	28.19	
#p.Tcut2b	M01427	UwDgfNb4	12.63	14.28	15.02	16.12	17.22	18.32	19.42	20.17	21.82	
A	C	G	T
0.3150267	0.17963387	0.17372235	0.33161709
0.28121891	0.2613108	0.27279184	0.18467845
0.34559396	0.19733523	0.15287478	0.30419604
0.3472275	0.14222201	0.20702261	0.30352789
0.30259575	0.17500813	0.20648627	0.31590985
0.30222105	0.21838026	0.08723837	0.39216033
0.24811121	0.25269066	0.20645061	0.29274753
0.21696543	0.23932636	0.18446561	0.35924261
0.38968988	0.15274176	0.20753757	0.2500308
0.32542826	0.05484313	0.23919186	0.38053675
0.23927547	0.16362217	0.26114296	0.33595939
0.23845912	0.23915903	0.22763016	0.29475169
0.32507595	0.2177564	0.17399804	0.28316961
0.35726479	0.06433074	0.15308049	0.42532398
0.11867245	0.07608986	0.25198593	0.55325176
0.11962487	0.1527612	0.31543092	0.41218301
0.22898581	0.58835926	0.0965082	0.08614673
0.73927358	0.0211983	0.20671238	0.03281574
0.03232796	0.38128285	0.01103761	0.57535159
0.01015728	0.07690724	0.01103761	0.90189787
0.98896087	0.01103713	1e-06	1e-06
0.97841323	1e-06	0.01054816	0.01103761
0.01025474	0.01006868	1e-06	0.97967558
1e-06	1e-06	0.0211983	0.9787997
0.86014271	0.01004177	0.12981451	1e-06
0.52091165	0.01103761	0.44597653	0.02207421
0.01103761	0.06601918	0.09852628	0.82441694
0.27069003	0.05452904	0.23917614	0.43560479
0.04406381	0.79330472	0.09755606	0.0650754
0.68499056	0.01006101	1e-06	0.30494743
0.3150267	0.17963387	0.17372235	0.33161709
