#M01479	POU6F1
#p.cut	M01479	EpiUwRmapDNaseH1.Derived.Neuronal.Progenitor.Cultured.Cells.SRX121241	0.01	0.05	0.1	0.25	0.5	0.75	0.9	0.95	0.99	
#p.Tcut2	M01479	EpiUwRmapDNaseH1.Derived.Neuronal.Progenitor.Cultured.Cells.SRX121241	14.61	16.26	17.01	18.11	19.21	20.31	21.4	22.15	23.8	
#p.Tcut2b	M01479	EpiUwRmapDNaseH1.Derived.Neuronal.Progenitor.Cultured.Cells.SRX121241	11.74	13.39	14.13	15.23	16.33	17.43	18.53	19.28	20.93	
A	C	G	T
0.29475474	0.18573219	0.24507698	0.27443609
0.32289467	0.25953644	0.38170522	0.03586367
0.65353208	0.14341023	0.04540249	0.1576552
0.38604707	0.17378016	0.22075744	0.21941533
0.17405159	0.23447651	0.5759091	0.0155628
0.47899412	0.02014277	1e-06	0.50086211
0.0051891	0.00498542	0.01003785	0.97978763
0.98450992	1e-06	0.01548808	1e-06
0.98513331	0.01007571	0.00478998	1e-06
1e-06	0.03058165	0.00973636	0.95968099
0.0102093	1e-06	0.85098946	0.13880024
0.97988068	0.00516467	0.01495365	1e-06
0.03070354	1e-06	0.96440786	0.00488761
0.03061891	0.44816941	0.48531778	0.03589391
0.09631591	0.06567393	0.0151593	0.82285086
0.11750401	0.08707748	0.34692953	0.44848898
0.28229202	0.12194558	0.4046753	0.1910871
0.38157849	0.29102356	0.09725017	0.23014778
0.29475474	0.18573219	0.24507698	0.27443609
