#M01428	Gsc
#p.cut	M01428	UwDgfK562Znfa41c6	0.01	0.05	0.1	0.25	0.5	0.75	0.9	0.95	0.99	
#p.Tcut2	M01428	UwDgfK562Znfa41c6	17	18.65	19.4	20.49	21.59	22.69	23.79	24.54	26.19	
#p.Tcut2b	M01428	UwDgfK562Znfa41c6	12.72	14.37	15.12	16.22	17.31	18.41	19.51	20.26	21.91	
A	C	G	T
0.28329579	0.24069902	0.15714383	0.31886136
0.63357811	0.09388247	0.0779151	0.19462433
0.38652917	0.18680386	0.1760271	0.25063987
0.41477803	0.0695477	0.0119571	0.50371717
0.35276472	0.33629343	0.03856713	0.27237472
0.3849419	0.10553065	0.43924374	0.0702837
0.00390089	0.3434472	0.00795586	0.64469606
0.00395321	0.01548546	0.00792364	0.97263769
0.99211707	1e-06	0.00788093	1e-06
0.98096914	0.00366367	0.01536619	1e-06
0.0076144	0.01532772	0.00399822	0.97305966
1e-06	0.96897398	0.0113307	0.01969431
1e-06	0.96472811	1e-06	0.03526989
0.02724142	0.7533979	0.08222544	0.13713524
0.01142834	0.31484761	0.01194484	0.66177921
0.18942959	0.08608533	0.14894703	0.57553805
0.22570057	0.17453416	0.08195665	0.51780861
0.34185405	0.32296657	0.22674192	0.10843747
0.28329579	0.24069902	0.15714383	0.31886136
