#M01485	Irx-3
#p.cut	M01485	EpiUwRmapDNaseCD4.Primary.Cells.SRX204404	0.01	0.05	0.1	0.25	0.5	0.75	0.9	0.95	0.99	
#p.Tcut2	M01485	EpiUwRmapDNaseCD4.Primary.Cells.SRX204404	19.73	21.38	22.13	23.23	24.33	25.42	26.52	27.27	28.92	
#p.Tcut2b	M01485	EpiUwRmapDNaseCD4.Primary.Cells.SRX204404	11.5	13.15	13.9	15	16.1	17.2	18.29	19.04	20.69	
A	C	G	T
0.35335397	0.1630547	0.15851393	0.3250774
0.34164839	0.29535034	0.16433181	0.19866946
0.52873252	1e-06	0.11683527	0.35443121
0.52956286	0.08349596	0.15258037	0.2343608
0.44656243	0.08314792	0.08197554	0.38831411
0.49540045	0.17773861	0.14003906	0.18682189
0.04698517	0.03536278	0.01205007	0.90560197
0.97697322	0.01101769	0.01200808	1e-06
0.03534368	0.96465432	1e-06	1e-06
0.999997	1e-06	1e-06	1e-06
1e-06	0.01205007	1e-06	0.98794793
0.03585779	0.01205007	0.95209114	1e-06
0.01204783	0.03427575	1e-06	0.95367542
0.94228888	1e-06	0.03407444	0.02363568
0.79009193	0.07025061	0.05858522	0.08107225
0.38997068	1e-06	0.05844947	0.55157884
0.7308069	1e-06	0.01190515	0.25728695
0.2002351	0.41293192	1e-06	0.38683198
0.29554449	0.02409333	0.04749978	0.63286239
0.35335397	0.1630547	0.15851393	0.3250774
