#M01465	Pit-1
#p.cut	M01465	UwDgfTh2wb54553204	0.01	0.05	0.1	0.25	0.5	0.75	0.9	0.95	0.99	
#p.Tcut2	M01465	UwDgfTh2wb54553204	22.09	23.74	24.49	25.59	26.69	27.78	28.88	29.63	31.28	
#p.Tcut2b	M01465	UwDgfTh2wb54553204	11.66	13.31	14.06	15.16	16.25	17.35	18.45	19.2	20.85	
A	C	G	T
0.37159074	0.14005602	0.14167772	0.34667551
0.22254166	0.21954952	0.21448534	0.34342349
0.30207989	0.18539925	0.18827913	0.32424172
0.28972341	0.18417758	0.17599747	0.35010154
0.30183659	0.20182474	0.16030116	0.3360375
0.33759956	0.16363508	0.20144837	0.29731699
0.33592575	0.24295128	0.13109641	0.29002656
0.38592956	0.1799938	0.13101621	0.30306043
0.29088011	0.1599376	0.15160807	0.39757422
0.30718541	0.17126422	0.15626491	0.36528547
0.36152894	0.19327919	0.16669415	0.27849772
0.40246277	0.14328413	0.1639718	0.2902813
0.32319489	0.18579874	0.14789504	0.34311134
0.31219512	0.15922081	0.16355514	0.36502894
0.40376083	0.15449403	0.16532771	0.27641743
0.43023479	0.13891054	0.11390202	0.31695265
0.31424412	0.14680743	0.17632184	0.3626266
0.35697622	0.12575227	0.10479362	0.41247789
0.49790761	0.05893577	0.20896513	0.23419149
0.73070588	0.08050904	0.11329856	0.07548652
0.3300258	0.10922692	0.09326645	0.46748082
0.03343922	0.02100419	0.10511455	0.84044204
0.9460235	0.03300555	0.01263858	0.00833238
0.98279413	0.00430172	0.00430172	0.00860243
0.02952157	0.00430172	1e-06	0.9661757
0.00859962	0.00860057	0.00430172	0.9784981
0.98341112	0.00428488	0.00423694	0.00806706
0.97878142	0.00430172	0.00860244	0.00831442
0.03409228	1e-06	0.0040137	0.96189303
0.01693007	0.00430164	0.01701105	0.96175724
0.93628204	0.01688496	0.00403716	0.04279585
0.68223158	0.02987587	0.09710054	0.19079201
0.35381635	0.09662068	0.16901537	0.3805476
0.17861707	0.03784713	0.09193002	0.69160579
0.17613143	0.4325393	0.1643581	0.22697117
0.42783119	0.16526997	0.10923837	0.29766047
0.26761397	0.18976131	0.16039878	0.38222594
0.32036718	0.16735326	0.173414	0.33886555
0.35602999	0.17377767	0.16361225	0.30658009
0.39053432	0.14615585	0.20640117	0.25690866
0.35958901	0.14279938	0.16431554	0.33329607
0.29925444	0.18525456	0.17986956	0.33562144
0.34741385	0.18591655	0.17233943	0.29433017
0.34020684	0.16522932	0.19139467	0.30316916
0.31059647	0.14479246	0.21837	0.32624108
0.32332797	0.16403559	0.21041713	0.30221931
0.35286171	0.15833992	0.20666142	0.28213695
0.37227914	0.13918296	0.18164839	0.30688952
0.3157158	0.18501342	0.20606724	0.29320353
0.32177535	0.15851181	0.20904335	0.31066949
0.30662038	0.24405014	0.17305786	0.27627162
0.38392087	0.18980293	0.16298762	0.26328859
0.269292	0.23106439	0.18947069	0.31017293
0.25739174	0.24639785	0.20579346	0.29041695
0.37159074	0.14005602	0.14167772	0.34667551
