#M01471	Lhx3
#p.cut	M01471	UwDgfHepg2	0.01	0.05	0.1	0.25	0.5	0.75	0.9	0.95	0.99	
#p.Tcut2	M01471	UwDgfHepg2	22.81	24.46	25.21	26.31	27.41	28.51	29.6	30.35	32	
#p.Tcut2b	M01471	UwDgfHepg2	11.42	13.07	13.82	14.92	16.01	17.11	18.21	18.96	20.61	
A	C	G	T
0.38822055	0.1336675	0.13483709	0.34327485
0.31117122	0.21873125	0.30380058	0.16629696
0.37113609	0.17079906	0.12396428	0.33410057
0.82957947	0.06175581	0.01891321	0.08975151
0.87695711	0.01384	0.09964563	0.00955726
0.01433648	0.01412476	0.01449678	0.95704197
0.02869352	0.00487861	0.02879038	0.93763748
0.97165939	0.00456067	0.01402431	0.00975563
0.97620362	0.00487861	0.00944789	0.00946987
0.0146333	0.00921874	0.00470283	0.97144514
0.01387172	0.0044295	0.01412252	0.96757625
0.97610675	0.00487826	1e-06	0.01901399
0.98582398	0.00487861	0.00442268	0.00487473
0.54223429	0.01871034	0.02848509	0.41057028
0.31342885	1e-06	0.01942242	0.66714773
0.59337437	0.17713915	0.03370857	0.1957779
0.56745139	0.15152437	0.02342226	0.25760198
0.11355468	0.10029521	0.18182295	0.60432717
0.38822055	0.1336675	0.13483709	0.34327485
