#M01451	HOXB8
#p.cut	M01451	UwDgfTh1wb33676984	0.01	0.05	0.1	0.25	0.5	0.75	0.9	0.95	0.99	
#p.Tcut2	M01451	UwDgfTh1wb33676984	19.21	20.86	21.61	22.71	23.81	24.91	26.01	26.75	28.4	
#p.Tcut2b	M01451	UwDgfTh1wb33676984	12.06	13.71	14.46	15.56	16.66	17.76	18.86	19.6	21.25	
A	C	G	T
0.37111033	0.15815064	0.1721181	0.29862093
0.56338466	0.09428021	0.04968287	0.29265225
0.22147735	0.43166112	0.28705548	0.05980605
0.31140393	0.24904721	0.06405129	0.37549757
0.31181965	0.01475183	0.26787595	0.40555257
0.03467241	1e-06	0.95523595	0.01009064
0.01513507	0.62913261	1e-06	0.35573132
0.93486385	0.0449647	0.01009063	0.01008082
0.98494154	0.00498137	0.01007609	1e-06
1e-06	0.00500441	0.00503278	0.98996181
0.07961524	0.01491669	0.00975472	0.89571335
0.97524791	0.00965613	0.01509496	1e-06
0.9654693	0.01003319	0.00504588	0.01945164
0.05980774	0.15930827	0.02456857	0.75631542
0.92037093	0.02522539	0.01478979	0.03961389
0.66207514	0.07462728	0.21922664	0.04407094
0.68385235	0.03856774	0.02459092	0.252989
0.37111033	0.15815064	0.1721181	0.29862093
