#M01414	NKX25
#p.cut	M01414	UwDnaseTh1	0.01	0.05	0.1	0.25	0.5	0.75	0.9	0.95	0.99	
#p.Tcut2	M01414	UwDnaseTh1	18.6	20.25	20.99	22.09	23.19	24.29	25.39	26.14	27.79	
#p.Tcut2b	M01414	UwDnaseTh1	13.98	15.63	16.37	17.47	18.57	19.67	20.77	21.52	23.17	
A	C	G	T
0.32754308	0.20560033	0.15376598	0.31309061
0.49588001	0.09770748	0.22945666	0.17695585
0.76477694	0.01526463	0.13915706	0.08080137
0.22030612	0.08516928	0.43127749	0.26324711
0.01554433	0.91468163	0.0543738	0.01540024
1e-06	0.98487522	1e-06	0.01512278
0.97671241	0.00374729	0.00781112	0.01172918
1e-06	0.98420114	0.00402697	0.01177089
0.00772034	0.01899899	1e-06	0.97327968
0.00775281	0.01954087	1e-06	0.97270532
0.5353126	0.0513914	0.40930827	0.00398774
0.97706099	0.00753558	0.00790984	0.00749358
0.8032004	0.10604537	0.07504995	0.01570428
0.42327814	0.05901639	0.05452612	0.46317935
0.1204488	0.10245579	0.01554555	0.76154986
0.06488061	0.19284783	0.03151193	0.71075962
0.32754308	0.20560033	0.15376598	0.31309061
