#M01431	Barx-2
#p.cut	M01431	UwDnaseTh1	0.01	0.05	0.1	0.25	0.5	0.75	0.9	0.95	0.99	
#p.Tcut2	M01431	UwDnaseTh1	21.37	23.02	23.77	24.87	25.97	27.07	28.17	28.91	30.56	
#p.Tcut2b	M01431	UwDnaseTh1	11.12	12.77	13.52	14.62	15.72	16.82	17.92	18.66	20.31	
A	C	G	T
0.34323641	0.1335335	0.15660556	0.36662453
0.08118161	0.07062764	0.06907583	0.77911492
0.79737406	0.06240339	0.04450063	0.09572193
0.87668049	1e-06	0.07063543	0.05268308
0.0528804	0.08938196	0.36767094	0.4900667
0.02637489	0.07948806	0.00906274	0.88507431
0.96534352	1e-06	0.01733688	0.0173186
0.95515509	1e-06	0.01791387	0.02693004
1e-06	0.01725015	0.00888944	0.97385941
0.00906274	0.00906274	1e-06	0.98187352
0.93020286	0.00830272	0.0528059	0.00868852
0.42517737	0.14315824	0.3177502	0.11391419
0.02629417	0.06146714	0.00905944	0.90317925
0.03622947	0.01725015	0.27527196	0.67124842
0.40023938	0.03601156	0.23875515	0.32499391
0.10669265	0.10480664	0.01812135	0.77037937
0.56676163	0.04402844	0.2740565	0.11515344
0.34323641	0.1335335	0.15660556	0.36662453
