#M01407	TGIF2
#p.cut	M01407	UwDnaseHmvecdad	0.01	0.05	0.1	0.25	0.5	0.75	0.9	0.95	0.99	
#p.Tcut2	M01407	UwDnaseHmvecdad	14.4	16.05	16.8	17.9	19	20.09	21.19	21.94	23.59	
#p.Tcut2b	M01407	UwDnaseHmvecdad	12.86	14.51	15.26	16.36	17.46	18.55	19.65	20.4	22.05	
A	C	G	T
0.30201465	0.23406593	0.22106227	0.24285714
0.58907744	0.15399361	0.09725507	0.15967389
0.70185863	0.02084574	0.13739054	0.13990509
0.21086672	0.25302289	0.2894071	0.24670329
0.11296668	0.42605575	0.16875998	0.29221759
0.92417272	0.00953349	0.05131116	0.01498263
0.03634313	0.11169268	0.7953834	0.05658078
0.00506022	0.97420547	0.00522584	0.01550847
0.00522607	0.01045108	1e-06	0.98432185
0.01014256	0.00506022	0.97443681	0.01036041
1e-06	0.01043972	0.00489625	0.98466303
0.01534636	0.96924767	0.00522603	0.01017994
0.98499438	0.00483828	0.00505834	0.005109
0.8112249	0.04555362	0.04056488	0.10265661
0.53904047	0.06602112	0.07188484	0.32305357
0.54305722	0.1685151	0.13843614	0.14999155
0.26153139	0.44538168	0.20040873	0.0926782
0.30201465	0.23406593	0.22106227	0.24285714
