#M01462	POU6F1
#p.cut	M01462	EpiUwRmapDNaseH1.Derived.Neuronal.Progenitor.Cultured.Cells.SRX121241	0.01	0.05	0.1	0.25	0.5	0.75	0.9	0.95	0.99	
#p.Tcut2	M01462	EpiUwRmapDNaseH1.Derived.Neuronal.Progenitor.Cultured.Cells.SRX121241	15.08	16.73	17.48	18.58	19.67	20.77	21.87	22.62	24.27	
#p.Tcut2b	M01462	EpiUwRmapDNaseH1.Derived.Neuronal.Progenitor.Cultured.Cells.SRX121241	11.9	13.55	14.3	15.4	16.5	17.59	18.69	19.44	21.09	
A	C	G	T
0.30584423	0.18828919	0.23779193	0.26807465
0.46712708	0.12665518	0.38097477	0.02524298
0.43342938	0.30001441	0.05663871	0.2099175
0.47714664	0.12069392	0.14093852	0.26122093
0.31846398	0.34988488	0.26225456	0.06939657
0.86138897	0.01236845	0.012534	0.11370858
1e-06	0.01849429	0.00635478	0.97514993
0.98120292	1e-06	0.01879508	1e-06
0.97457544	0.01297846	0.0124451	1e-06
1e-06	0.02577698	1e-06	0.97422102
1e-06	0.01236553	0.92981619	0.05781728
0.98764699	0.00647535	0.00587666	1e-06
0.03202827	1e-06	0.96796973	1e-06
0.08195105	0.2995852	0.58708263	0.03138113
0.11547456	0.1009208	0.0125633	0.77104134
0.09456821	0.07724174	0.31798113	0.51020892
0.15914095	0.15277694	0.37517856	0.31290356
0.24267402	0.49550306	0.11485338	0.14696953
0.30584423	0.18828919	0.23779193	0.26807465
