#M01458	Uncx-4.1
#p.cut	M01458	EpiUwRmapDNaseFetal.Renal.Pelvis.SRX201804	0.01	0.05	0.1	0.25	0.5	0.75	0.9	0.95	0.99	
#p.Tcut2	M01458	EpiUwRmapDNaseFetal.Renal.Pelvis.SRX201804	16.59	18.24	18.98	20.08	21.18	22.28	23.38	24.13	25.78	
#p.Tcut2b	M01458	EpiUwRmapDNaseFetal.Renal.Pelvis.SRX201804	9.37	11.02	11.77	12.87	13.97	15.07	16.16	16.91	18.56	
A	C	G	T
0.33783176	0.15744489	0.1934323	0.31129105
0.17998519	0.31038713	0.15189191	0.35773577
0.28247008	0.15573435	0.1244604	0.43733517
0.15451332	0.35848066	0.22894072	0.2580653
0.30704437	0.15443996	0.12947611	0.40903956
0.33499281	0.28167184	0.23107111	0.15226424
0.30864127	0.15409583	0.18004512	0.35721779
0.1300977	0.2058538	0.23239929	0.43164921
0.2312337	0.23186913	0.1816172	0.35527997
0.3094873	0.05203127	0.28024335	0.35823808
0.12928521	0.18051907	0.31076901	0.37942671
0.43696182	0.12899977	0.25589435	0.17814406
0.44010221	0.10368682	0.25353754	0.20267343
0.43763288	0.12734811	0.22925806	0.20576095
0.23174587	0.25424773	0.18138542	0.33262097
0.23034499	0.12713532	0.20493578	0.43758391
0.45910924	0.18004157	0.20634313	0.15450605
0.48697762	0.25938109	0.17836064	0.07528065
0.35842508	0.12570573	0.23112425	0.28474493
0.28131014	0.15334337	0.07685386	0.48849263
0.71534693	0.05203425	0.12992184	0.10269698
0.92605098	0.04999411	0.02395391	1e-06
1e-06	0.02530361	1e-06	0.97469439
1e-06	0.02600823	0.02602356	0.9479672
0.999997	1e-06	1e-06	1e-06
0.999997	1e-06	1e-06	1e-06
1e-06	1e-06	1e-06	0.999997
1e-06	1e-06	1e-06	0.999997
0.999997	1e-06	1e-06	1e-06
0.999997	1e-06	1e-06	1e-06
0.2313525	0.23322875	0.18151786	0.35390089
0.12770461	0.05204598	0.58960702	0.23064239
0.22967803	0.28547113	0.38111182	0.10373902
0.20788344	0.05204275	0.6640208	0.07605301
0.20320787	0.12674574	0.25926302	0.41078337
0.35747666	0.23118816	0.07802156	0.33331361
0.35960344	0.15163432	0.17992922	0.30883302
0.23126665	0.15605837	0.28422691	0.32844808
0.17852248	0.30677562	0.20555268	0.30914923
0.22996244	0.10215644	0.28384527	0.38403585
0.2793584	0.20531862	0.23295403	0.28236895
0.38656819	0.12883829	0.1780536	0.30653992
0.33243666	0.15552556	0.17951108	0.3325267
0.25553532	0.15276145	0.28352718	0.30817605
0.43448177	0.20588806	0.28396929	0.07566088
0.28284644	0.18070723	0.25742748	0.27901885
0.35865744	0.17718796	0.23260329	0.23155131
0.2019382	0.30992074	0.23375681	0.25438425
0.25686568	0.33449414	0.1771094	0.23153078
0.43689135	0.10371527	0.15337561	0.30601778
0.33529005	0.35785071	0.10371876	0.20314048
0.33783176	0.15744489	0.1934323	0.31129105
