#M01467	HOXB13
#p.cut	M01467	EpiUwRmapDNaseMobilized.CD3.Primary.Cells.SRX089240	0.01	0.05	0.1	0.25	0.5	0.75	0.9	0.95	0.99	
#p.Tcut2	M01467	EpiUwRmapDNaseMobilized.CD3.Primary.Cells.SRX089240	19.11	20.76	21.51	22.61	23.71	24.8	25.9	26.65	28.3	
#p.Tcut2b	M01467	EpiUwRmapDNaseMobilized.CD3.Primary.Cells.SRX089240	11.33	12.98	13.73	14.83	15.93	17.03	18.13	18.87	20.52	
A	C	G	T
0.39700255	0.18303571	0.16422194	0.2557398
0.23036841	0.25107669	0.25268946	0.26586544
0.30375547	0.14377835	0.28327427	0.26919191
0.1600266	0.23056346	0.26894169	0.34046826
0.46440926	0.17924363	0.14284187	0.21350523
0.28511328	0.1795855	0.24886498	0.28643624
0.32502056	0.14173148	0.2296162	0.30363175
0.41226232	0.14388582	0.19805186	0.2458
0.46533148	0.15893215	0.17790929	0.19782709
0.26885187	0.21592742	0.24963223	0.26558849
0.41017021	0.15852412	0.18063021	0.25067546
0.24990698	0.21404156	0.16198641	0.37406505
0.41261875	0.15972581	0.16068903	0.26696642
0.23068854	0.2500151	0.2330964	0.28619997
0.41119648	0.19643321	0.10674045	0.28562986
0.46664787	0.15661076	0.14383047	0.23291089
0.39146395	0.17949622	0.16207808	0.26696175
0.40640569	0.2162672	0.1608081	0.21651902
0.67762581	0.14396549	0.08996615	0.08844255
0.69469512	1e-06	0.26981616	0.03548773
0.39365554	0.3230312	0.14348601	0.13982725
1e-06	0.999997	1e-06	1e-06
0.01683122	0.71849961	1e-06	0.26466817
0.999997	1e-06	1e-06	1e-06
0.96374051	0.01814182	0.01811666	1e-06
1e-06	1e-06	1e-06	0.999997
0.96382754	1e-06	1e-06	0.03617046
0.999997	1e-06	1e-06	1e-06
0.999997	1e-06	1e-06	1e-06
0.965886	1e-06	0.034112	1e-06
0.55809661	0.05262081	0.0178229	0.37145968
0.33830157	0.10810819	1e-06	0.55358925
0.19798306	0.30223484	0.09031173	0.40947037
0.32011382	0.17834297	0.34071718	0.16082603
0.32030945	0.25043524	0.12646536	0.30278994
0.32352716	0.23368119	0.17639965	0.266392
0.39409792	0.21427272	0.10564171	0.28598765
0.35734391	0.1080833	0.17796731	0.35660549
0.33628698	0.16220129	0.14333555	0.35817618
0.33812917	0.18028062	0.19525361	0.2863366
0.26540688	0.23128044	0.19787043	0.30544224
0.35873418	0.14028261	0.23458557	0.26639765
0.26900422	0.12366012	0.37691564	0.23042002
0.30338833	0.21441809	0.23359433	0.24859924
0.26821896	0.26634788	0.17898565	0.28644751
0.32093085	0.19771049	0.21581579	0.26554288
0.26853036	0.15737079	0.25237995	0.32171889
0.32259213	0.18026388	0.25006653	0.24707746
0.23458182	0.14402196	0.31859192	0.30280429
0.17668518	0.1977336	0.30237428	0.32320694
0.2677142	0.16186697	0.34009916	0.23031967
0.39700255	0.18303571	0.16422194	0.2557398
