#M01452	HOXA5
#p.cut	M01452	EpiUwRmapDNaseFetal.Spinal.Cord.SRX201826	0.01	0.05	0.1	0.25	0.5	0.75	0.9	0.95	0.99	
#p.Tcut2	M01452	EpiUwRmapDNaseFetal.Spinal.Cord.SRX201826	15.97	17.62	18.37	19.47	20.57	21.66	22.76	23.51	25.16	
#p.Tcut2b	M01452	EpiUwRmapDNaseFetal.Spinal.Cord.SRX201826	10.87	12.52	13.27	14.37	15.47	16.57	17.67	18.41	20.06	
A	C	G	T
0.34196017	0.18346774	0.18680053	0.28777156
0.93077243	0.02102075	0.04584995	0.00235688
0.53163411	0.25833184	0.10370529	0.10632876
0.25439803	0.03465075	0.56757939	0.14337183
0.02560678	0.1175259	0.51985543	0.3370119
0.00213185	0.01624963	0.00227709	0.97934143
0.97437536	0.01384801	0.00942044	0.00235619
0.999997	1e-06	1e-06	1e-06
1e-06	0.00929029	1e-06	0.99070771
0.00213072	0.01142991	0.00699984	0.97943953
0.99303251	0.00225429	0.00235671	0.0023565
0.22010867	0.24669915	0.51214468	0.02104751
0.07115148	0.73371002	0.0206655	0.17447299
0.34031245	0.09410381	0.01826559	0.54731815
0.27989175	0.50304218	0.04432338	0.1727427
0.80065292	0.0209954	0.05324454	0.12510714
0.29022929	0.05546023	0.42211831	0.23219217
0.34196017	0.18346774	0.18680053	0.28777156
