#M01492	Ynr063w
#p.cut	M01492	OpenChromDnaseHsmmemb	0.01	0.05	0.1	0.25	0.5	0.75	0.9	0.95	0.99	
#p.Tcut2	M01492	OpenChromDnaseHsmmemb	10.12	11.77	12.52	13.61	14.71	15.81	16.91	17.66	19.31	
#p.Tcut2b	M01492	OpenChromDnaseHsmmemb	10.46	12.11	12.86	13.96	15.05	16.15	17.25	18	19.65	
A	C	G	T
0.23522838	0.30004859	0.24475219	0.21997085
0.19464017	0.22805334	0.17820771	0.39909878
0.21499443	0.30969399	0.16901007	0.30630151
0.30192096	0.2669786	0.25653921	0.17456122
0.38834067	0.20609284	0.21321226	0.19235423
0.67275825	0.01181421	0.01766764	0.2977599
0.18919445	0.01161539	0.00891129	0.79027886
0.01180146	0.96507563	0.00293816	0.02018476
1e-06	0.03759699	0.0056797	0.9567223
1e-06	0.99108857	0.00297246	0.00593797
0.01694025	0.90134669	0.00886014	0.07285292
0.07203737	0.02358599	0.90437564	1e-06
0.90265252	0.00297246	0.09143687	0.00293816
0.28807723	0.08201241	0.55529385	0.07461652
0.22772921	0.31292383	0.35434473	0.10500223
0.1705438	0.42945649	0.20421342	0.19578629
0.15345802	0.48151562	0.15827452	0.20675184
0.23522838	0.30004859	0.24475219	0.21997085
