#M01412	Msx-1
#p.cut	M01412	UwDnasePanc1	0.01	0.05	0.1	0.25	0.5	0.75	0.9	0.95	0.99	
#p.Tcut2	M01412	UwDnasePanc1	16.86	18.51	19.26	20.36	21.46	22.55	23.65	24.4	26.05	
#p.Tcut2b	M01412	UwDnasePanc1	8.92	10.57	11.32	12.41	13.51	14.61	15.71	16.46	18.11	
A	C	G	T
0.33720238	0.17738095	0.15446429	0.33095238
0.21774919	0.4151255	0.21607377	0.15105154
0.33405233	0.16711498	0.11737294	0.38145975
0.28478923	0.16569941	0.21756079	0.33195058
0.23401443	0.20015651	0.21671968	0.34910938
0.31741299	0.18264992	0.24921185	0.25072523
0.30052621	0.26526494	0.20000776	0.23420109
0.19674205	0.31799814	0.2006096	0.2846502
0.43319356	0.13318766	0.16609838	0.2675204
0.26515361	0.20024026	0.26564822	0.26895791
0.34996769	0.18395542	0.1510321	0.31504479
0.38335496	0.1510996	0.24882864	0.2167168
0.38434905	0.13313173	0.23176244	0.25075678
0.36559045	0.20043545	0.1649605	0.2690136
0.20060056	0.01686536	0.26643196	0.51610213
0.35107143	0.03318742	0.54889804	0.06684311
0.43462126	0.46577165	0.01619853	0.08340857
0.38431268	0.101052	1e-06	0.51463432
0.93430755	1e-06	0.04882555	0.01686591
0.01686591	0.58450909	0.03235777	0.36626723
1e-06	0.03373064	1e-06	0.96626736
0.98356947	1e-06	0.01642853	1e-06
0.999997	1e-06	1e-06	1e-06
1e-06	1e-06	1e-06	0.999997
1e-06	0.01683229	1e-06	0.98316571
0.98313209	1e-06	0.01686591	1e-06
0.65084482	0.06596908	0.11657975	0.16660636
0.03303442	0.04996997	0.03329605	0.88369956
0.3169261	0.14799962	0.03373064	0.50134364
0.38419495	0.44837174	0.03373016	0.13370315
0.2826254	0.21707922	0.10030894	0.39998644
0.25032321	0.11797195	0.18269793	0.44900692
0.31756416	0.18306498	0.05059542	0.44877545
0.41788989	0.20082181	0.15168864	0.22959966
0.40250493	0.26675469	0.13402758	0.1967128
0.24879668	0.30025759	0.06675962	0.38418612
0.23317981	0.19960029	0.23450208	0.33271782
0.18256215	0.28357408	0.15070906	0.38315471
0.33720238	0.17738095	0.15446429	0.33095238
