#M01443	Mox1
#p.cut	M01443	EpiUwRmapDNaseH1.BMP4.Derived.Trophoblast.Cultured.Cells.SRX121240	0.01	0.05	0.1	0.25	0.5	0.75	0.9	0.95	0.99	
#p.Tcut2	M01443	EpiUwRmapDNaseH1.BMP4.Derived.Trophoblast.Cultured.Cells.SRX121240	15.03	16.68	17.43	18.53	19.63	20.73	21.82	22.57	24.22	
#p.Tcut2b	M01443	EpiUwRmapDNaseH1.BMP4.Derived.Trophoblast.Cultured.Cells.SRX121240	11.87	13.52	14.26	15.36	16.46	17.56	18.66	19.41	21.06	
A	C	G	T
0.29826007	0.19166667	0.22710623	0.28296703
0.35374901	0.14427375	0.48634148	0.01563575
0.56965518	0.22488524	0.18030343	0.02515615
0.15934147	0.05101017	0.481637	0.30801136
0.14405913	0.04040587	0.64096292	0.17457207
0.01037201	0.05631286	0.01017644	0.92313869
0.96939418	0.00522064	0.01514701	0.01023817
0.98517243	0.0048431	0.00998348	1e-06
1e-06	0.00979243	0.01015854	0.98004803
1e-06	1e-06	0.01039369	0.98960431
0.92305635	1e-06	0.07206251	0.00488014
0.05597907	0.5254074	0.264257	0.15435652
0.25133245	0.5238211	0.03587785	0.1889686
0.09198187	0.25693904	0.01991843	0.63116066
0.16832172	0.51739969	0.13410892	0.18016967
0.95885043	1e-06	0.03079863	0.01034994
0.1270473	0.02599119	0.78519688	0.06176463
0.29826007	0.19166667	0.22710623	0.28296703
