#M01437	HOXC12
#p.cut	M01437	UwDnaseH7esDiffa14d	0.01	0.05	0.1	0.25	0.5	0.75	0.9	0.95	0.99	
#p.Tcut2	M01437	UwDnaseH7esDiffa14d	14.28	15.93	16.68	17.78	18.88	19.97	21.07	21.82	23.47	
#p.Tcut2b	M01437	UwDnaseH7esDiffa14d	10.94	12.59	13.34	14.44	15.54	16.63	17.73	18.48	20.13	
A	C	G	T
0.29996867	0.2089599	0.21569549	0.27537594
0.09836375	0.29509167	0.1434619	0.46308268
0.35633849	0.14373375	0.13398164	0.36594611
0.51733833	0.06258471	0.33130191	0.08877504
0.25720262	0.06335887	0.62519676	0.05424175
0.04463956	0.00885306	0.93758455	0.00892283
1e-06	0.0360756	1e-06	0.9639224
0.02715838	0.88542468	0.01705978	0.07035717
0.49813278	0.0181085	0.46643899	0.01731973
1e-06	0.00905475	1e-06	0.99094325
0.97359569	1e-06	0.00830971	0.01809361
0.97422184	0.01672241	0.00905475	1e-06
0.9549034	1e-06	0.03604085	0.00905475
0.55270931	0.09875786	1e-06	0.34853182
0.34693127	0.22334858	0.08989114	0.33982901
0.1249384	0.30321927	0.09016974	0.48167259
0.25658029	0.13416477	0.22450089	0.38475405
0.15079013	0.48279517	0.17848826	0.18792645
0.29996867	0.2089599	0.21569549	0.27537594
