#M01470	Nkx6-3
#p.cut	M01470	EpiUwRmapDNaseCD34.Primary.Cells.SRX026926	0.01	0.05	0.1	0.25	0.5	0.75	0.9	0.95	0.99	
#p.Tcut2	M01470	EpiUwRmapDNaseCD34.Primary.Cells.SRX026926	18.66	20.31	21.06	22.16	23.26	24.36	25.46	26.2	27.85	
#p.Tcut2b	M01470	EpiUwRmapDNaseCD34.Primary.Cells.SRX026926	10.3	11.95	12.7	13.8	14.9	16	17.1	17.84	19.49	
A	C	G	T
0.33981693	0.15636918	0.15789474	0.34591915
0.27228281	0.22870666	0.3045516	0.19445893
0.35078738	0.22895958	0.12747686	0.29277618
0.35660544	0.14286734	0.16340931	0.33711791
0.30365407	0.18449993	0.20705515	0.30479084
0.33615433	0.16423035	0.23944097	0.26017435
0.25015721	0.29431037	0.21738799	0.23814443
0.36972618	0.19628436	0.16218479	0.27180468
0.34549622	0.1749727	0.1631565	0.31637458
0.24939028	0.16252799	0.24864382	0.33943792
0.27195269	0.26142768	0.14109145	0.32552817
0.32720073	0.18318353	0.13048277	0.35913296
0.30528221	0.15264897	0.19734294	0.34472589
0.359259	0.14058972	0.16329856	0.33685272
0.3678924	0.0865176	0.14232632	0.40326367
0.27228796	0.25028844	0.11843442	0.35898918
0.29197785	0.21812723	0.1203827	0.36951222
0.39968776	0.09868773	0.16408072	0.33754378
0.37089335	0.07705153	0.40180519	0.15024993
0.67551965	0.09896965	0.12816846	0.09734225
0.47623186	0.04342141	0.15309319	0.32725354
0.6398878	0.02119438	0.04408011	0.29483772
0.80318838	1e-06	0.01001847	0.18679215
0.06588265	1e-06	1e-06	0.93411535
1e-06	1e-06	0.03302068	0.96697732
0.97788325	0.01106043	1e-06	0.01105532
0.96739431	0.02154426	0.01106043	1e-06
0.01106043	1e-06	1e-06	0.98893757
1e-06	0.01069342	0.18525223	0.80405335
0.96681871	1e-06	0.03317929	1e-06
0.46797335	0.36938787	0.10835753	0.05428125
1e-06	0.05397295	0.02211986	0.92390619
0.06421906	0.15305831	0.24022105	0.54250157
0.2043726	0.16241546	0.08763622	0.54557573
0.03202517	0.15252232	0.6200946	0.19535791
0.33981693	0.15636918	0.15789474	0.34591915
