#M01473	Brn-4
#p.cut	M01473	EpiUwRmapDNaseFetal.Thymus.SRX100968	0.01	0.05	0.1	0.25	0.5	0.75	0.9	0.95	0.99	
#p.Tcut2	M01473	EpiUwRmapDNaseFetal.Thymus.SRX100968	21.61	23.26	24.01	25.11	26.21	27.31	28.4	29.15	30.8	
#p.Tcut2b	M01473	EpiUwRmapDNaseFetal.Thymus.SRX100968	11.25	12.9	13.65	14.75	15.85	16.95	18.04	18.79	20.44	
A	C	G	T
0.35254804	0.14691491	0.13724788	0.36328918
0.2449161	0.29749216	0.17161114	0.2859806
0.33356119	0.16999663	0.20376745	0.29267474
0.27229397	0.17711965	0.12979787	0.4207885
0.33396337	0.17647644	0.13009891	0.35946129
0.34028798	0.14283882	0.17848944	0.33838376
0.36617037	0.14346131	0.22606044	0.26430788
0.24382455	0.16395084	0.12420321	0.46802141
0.31313048	0.19627613	0.1283571	0.3622363
0.43469701	0.13725518	0.12296217	0.30508563
0.4693234	0.09647621	0.17114846	0.26305192
0.25154519	0.163338	0.14486129	0.44025551
0.2795833	0.08121598	0.14352165	0.49567907
0.47020426	0.05412685	0.19765247	0.27801643
0.59055725	0.16363697	0.10298605	0.14281973
0.20620995	0.07564692	0.06093808	0.65720505
0.0674852	0.02060175	0.11623229	0.79568077
0.97951885	0.01349533	1e-06	0.00698482
0.97238113	0.00698482	0.01396757	0.00666648
0.02744562	0.01335233	0.00698292	0.95221913
0.01396864	0.00679018	0.01380107	0.96544012
0.99302264	0.00697536	1e-06	1e-06
0.99333152	1e-06	1e-06	0.00666648
0.01347798	0.00666648	1e-06	0.97985454
1e-06	0.00698482	0.02095244	0.97206174
0.9519253	0.01387007	1e-06	0.03420363
0.75998036	0.02729354	0.08238439	0.13034171
0.30739092	0.08880345	0.10938042	0.49442521
0.07442459	0.02032466	0.10974126	0.79550949
0.16961533	0.43184999	0.12233996	0.27619473
0.42788668	0.14501425	0.121068	0.30603107
0.25169318	0.19775692	0.15000751	0.40054238
0.23044061	0.20330404	0.13777492	0.42848043
0.34559091	0.19741326	0.10998474	0.34701109
0.37412565	0.14946008	0.15719722	0.31921706
0.35856328	0.15064393	0.15686585	0.33392694
0.33500262	0.16493182	0.14984696	0.35021861
0.29244768	0.23121408	0.14300772	0.33333052
0.34035716	0.15836308	0.15071327	0.35056649
0.23300621	0.1838472	0.23105163	0.35209496
0.28611944	0.19954503	0.2313846	0.28295093
0.27116989	0.23252987	0.18456699	0.31173324
0.34123922	0.18163285	0.15031392	0.326814
0.29858433	0.20426577	0.21955981	0.2775901
0.23875421	0.21769549	0.22556859	0.31798172
0.2788136	0.24548881	0.22456449	0.2511331
0.35254804	0.14691491	0.13724788	0.36328918
