#M01446	Barhl2
#p.cut	M01446	UwDnaseTh1	0.01	0.05	0.1	0.25	0.5	0.75	0.9	0.95	0.99	
#p.Tcut2	M01446	UwDnaseTh1	19.78	21.43	22.18	23.27	24.37	25.47	26.57	27.32	28.97	
#p.Tcut2b	M01446	UwDnaseTh1	11.35	13	13.75	14.85	15.95	17.05	18.14	18.89	20.54	
A	C	G	T
0.40004638	0.17764378	0.1557282	0.26658163
0.67645501	0.12907231	0.08307399	0.11139869
0.71397323	0.11708495	0.01913436	0.14980746
0.79140098	0.13722881	0.00663313	0.06473707
0.9543159	1e-06	0.0456821	1e-06
0.92175902	0.02652952	0.04508314	0.00662833
0.26022237	0.37868859	0.16803244	0.1930566
0.00635904	0.97401025	0.00663313	0.01299758
0.98738441	1e-06	0.01261359	1e-06
0.96712951	0.00663313	0.02623636	1e-06
1e-06	0.01951808	0.00663313	0.97384778
0.02651114	0.00642263	0.00650291	0.96056332
0.9805216	0.01326526	0.00621214	1e-06
0.9013647	1e-06	0.06576006	0.03287424
0.16249799	0.27291567	0.36844173	0.19614461
0.50441271	0.16226673	0.03859655	0.29472401
0.40004638	0.17764378	0.1557282	0.26658163
