#M01454	HOXC5
#p.cut	M01454	UwDnaseTh1wb54553204	0.01	0.05	0.1	0.25	0.5	0.75	0.9	0.95	0.99	
#p.Tcut2	M01454	UwDnaseTh1wb54553204	20.21	21.86	22.61	23.71	24.8	25.9	27	27.75	29.4	
#p.Tcut2b	M01454	UwDnaseTh1wb54553204	10.86	12.51	13.26	14.36	15.45	16.55	17.65	18.4	20.05	
A	C	G	T
0.35888855	0.16519623	0.13923537	0.33667985
0.16234322	0.54286216	0.14499344	0.14980118
0.31263595	0.24028016	0.3251991	0.12188479
0.72149992	0.19709869	0.03526141	0.04613998
0.75185262	0.02339263	0.19035073	0.03440402
0.04110237	0.09895747	0.0458897	0.81405046
0.01174869	0.04069778	0.0117549	0.93579863
0.9887338	0.0112642	1e-06	1e-06
0.99412005	1e-06	1e-06	0.00587795
0.01150065	0.00587795	0.0117549	0.97086651
0.00585984	0.0176318	0.023482	0.95302636
0.98255122	0.01159042	0.00585736	1e-06
0.81006947	0.05282092	0.09695028	0.04015934
0.0629197	0.13919374	0.011752	0.78613457
0.38090711	0.09246141	0.04004225	0.48658924
0.87826374	0.06912741	0.02322354	0.0293853
0.35888855	0.16519623	0.13923537	0.33667985
