#M01440	Lhx8
#p.cut	M01440	OpenChromDnaseT47dEst10nm30m	0.01	0.05	0.1	0.25	0.5	0.75	0.9	0.95	0.99	
#p.Tcut2	M01440	OpenChromDnaseT47dEst10nm30m	13.72	15.37	16.12	17.22	18.32	19.42	20.51	21.26	22.91	
#p.Tcut2b	M01440	OpenChromDnaseT47dEst10nm30m	13.03	14.68	15.43	16.53	17.63	18.73	19.83	20.57	22.22	
A	C	G	T
0.25356037	0.23931889	0.23890609	0.26821465
0.37651827	0.17779216	0.11785353	0.32783605
0.25444117	0.48765594	0.11739716	0.14050573
0.39871442	0.28280225	0.11933354	0.19914979
0.34068369	0.40603328	0.20071507	0.05256796
0.01155226	0.92962708	0.01785539	0.04096527
0.00600697	0.14845682	0.0118116	0.83372461
0.8957954	0.00559406	0.09860953	1e-06
0.98204827	1e-06	0.01794973	1e-06
1e-06	0.01739765	0.00600697	0.97659438
1e-06	0.10596532	0.00600697	0.8880267
0.83399976	1e-06	0.15439921	0.01160003
0.04617711	0.01780748	0.92400247	0.01201294
0.01175877	0.76483204	0.06004545	0.16336374
0.20500653	0.08201757	0.28894372	0.42403219
0.11541995	0.08853768	0.64194247	0.1540999
0.04721457	0.13511307	0.15821841	0.65945395
0.11759057	0.0708102	0.71077603	0.10082321
0.25356037	0.23931889	0.23890609	0.26821465
