#M01400	dlx3
#p.cut	M01400	EpiUwRmapDNaseFetal.Thymus.SRX100968	0.01	0.05	0.1	0.25	0.5	0.75	0.9	0.95	0.99	
#p.Tcut2	M01400	EpiUwRmapDNaseFetal.Thymus.SRX100968	16.33	17.98	18.73	19.83	20.93	22.02	23.12	23.87	25.52	
#p.Tcut2b	M01400	EpiUwRmapDNaseFetal.Thymus.SRX100968	11.32	12.97	13.72	14.82	15.92	17.02	18.11	18.86	20.51	
A	C	G	T
0.33594857	0.20693037	0.18982238	0.26729868
0.11667922	0.22475803	0.30452877	0.35403398
0.50843287	0.38622273	0.03763108	0.06771332
0.37208946	0.09990946	0.4104878	0.11751327
0.40320776	0.40342234	0.16817709	0.02519282
0.4585184	0.00632861	0.20696425	0.32818875
0.81221841	1e-06	0.16884887	0.01893173
1e-06	0.01264392	1e-06	0.98735408
0.98791131	1e-06	0.01208669	1e-06
0.99367719	1e-06	0.00632081	1e-06
1e-06	0.00581383	1e-06	0.99418417
0.01206311	1e-06	0.01239178	0.97554411
0.92022854	0.01265622	0.06119812	0.00591712
0.01224473	0.8393459	0.02475579	0.12365358
0.51132629	0.46423768	1e-06	0.02443503
0.18568696	0.33420321	0.41294594	0.06716388
0.54148836	0.16568416	0.02517555	0.26765193
0.37427734	0.43910349	0.0442941	0.14232506
0.33594857	0.20693037	0.18982238	0.26729868
