#M01445	Obox6
#p.cut	M01445	EpiUwRmapDNaseCD4.Primary.Cells.SRX204404	0.01	0.05	0.1	0.25	0.5	0.75	0.9	0.95	0.99	
#p.Tcut2	M01445	EpiUwRmapDNaseCD4.Primary.Cells.SRX204404	15.39	17.04	17.78	18.88	19.98	21.08	22.18	22.93	24.58	
#p.Tcut2b	M01445	EpiUwRmapDNaseCD4.Primary.Cells.SRX204404	10.95	12.6	13.35	14.45	15.54	16.64	17.74	18.49	20.14	
A	C	G	T
0.32170088	0.17419355	0.22932551	0.27478006
0.63869932	0.15204197	0.08130463	0.12795408
0.41869897	0.16966937	0.1794663	0.23216536
0.93481608	0.0082212	0.02408094	0.03288178
0.92006595	0.02439553	1e-06	0.05553753
0.53116837	0.03288178	0.30747028	0.12847956
0.283122	0.35536128	0.30590347	0.05561326
0.03248072	1e-06	0.94319761	0.02432067
0.00781876	1e-06	0.99217924	1e-06
0.98425296	1e-06	0.01574504	1e-06
1e-06	0.01543538	0.00822103	0.9763426
0.01595104	1e-06	0.01620529	0.96784266
0.95997327	0.01621011	0.01569414	0.00812248
0.48369658	0.01644139	0.01602634	0.48383568
0.38043773	0.17747349	0.00776453	0.43432425
0.10466755	0.18559594	0.38646926	0.32326725
0.32170088	0.17419355	0.22932551	0.27478006
