#M01453	CART1
#p.cut	M01453	EpiUwRmapDNaseFetal.Intestine.Small.SRX089264	0.01	0.05	0.1	0.25	0.5	0.75	0.9	0.95	0.99	
#p.Tcut2	M01453	EpiUwRmapDNaseFetal.Intestine.Small.SRX089264	18.78	20.43	21.17	22.27	23.37	24.47	25.57	26.32	27.97	
#p.Tcut2b	M01453	EpiUwRmapDNaseFetal.Intestine.Small.SRX089264	10.94	12.59	13.34	14.44	15.54	16.64	17.74	18.48	20.13	
A	C	G	T
0.33988818	0.17283594	0.15587045	0.33140544
0.14177746	0.41898598	0.11479247	0.3244441
0.55067411	0.10021726	0.30556506	0.04354358
0.39627937	0.53807588	0.00559608	0.06004867
0.51605496	0.12185887	0.16316194	0.19892423
0.01653139	0.02195406	1e-06	0.96151354
1e-06	0.01097593	0.02789785	0.96112522
0.99456387	1e-06	1e-06	0.00543413
0.98929607	0.00516883	1e-06	0.0055341
0.01093632	0.01671993	1e-06	0.97234276
1e-06	1e-06	1e-06	0.999997
0.97280097	0.01650796	1e-06	0.01069007
0.97281499	0.01066754	0.00558357	0.01093389
0.08793644	0.14964388	0.09310191	0.66931777
0.0886388	0.07759627	0.06623721	0.76752773
0.29657098	0.17030392	0.25944643	0.27367867
0.36559438	0.12196474	0.25962052	0.25282036
0.36722734	0.35802526	0.09917727	0.17557013
0.33988818	0.17283594	0.15587045	0.33140544
