#M01450	Obox1
#p.cut	M01450	UwDnaseH7esDiffa14d	0.01	0.05	0.1	0.25	0.5	0.75	0.9	0.95	0.99	
#p.Tcut2	M01450	UwDnaseH7esDiffa14d	14.48	16.13	16.88	17.98	19.07	20.17	21.27	22.02	23.67	
#p.Tcut2b	M01450	UwDnaseH7esDiffa14d	11.53	13.19	13.93	15.03	16.13	17.23	18.33	19.07	20.73	
A	C	G	T
0.30370883	0.18421053	0.26000308	0.25207756
0.7323852	0.0474962	0.15917853	0.06094007
0.59123049	0.03905411	0.32968222	0.04003318
0.3020997	0.00889133	0.65385623	0.03515273
0.07475396	1e-06	0.9211178	0.00412724
0.05737014	1e-06	0.93846108	0.00416779
0.00862212	0.00446781	0.97818699	0.00872308
0.97795394	0.00883758	0.00428941	0.00891906
1e-06	0.00892453	0.00870337	0.9823711
0.0085494	0.00416904	1e-06	0.98728055
0.97330894	1e-06	0.00439033	0.02229973
0.82424557	0.01735085	0.02232117	0.1360824
0.31164079	0.54279995	0.08330954	0.06224972
0.37374482	0.09590729	0.10994165	0.42040624
0.45531526	0.1455215	0.13647907	0.26268416
0.20979664	0.31271534	0.18032579	0.29716224
0.30370883	0.18421053	0.26000308	0.25207756
