#M01541	Ecm22
#p.cut	M01541	UwDnaseH1hesc	0.01	0.05	0.1	0.25	0.5	0.75	0.9	0.95	0.99	
#p.Tcut2	M01541	UwDnaseH1hesc	11.37	13.02	13.77	14.87	15.97	17.06	18.16	18.91	20.56	
#p.Tcut2b	M01541	UwDnaseH1hesc	7.74	9.39	10.14	11.24	12.34	13.44	14.54	15.28	16.93	
A	C	G	T
0.17014945	0.28954519	0.39050268	0.14980268
0.11064782	0.3771066	0.25693263	0.25531296
0.02616263	0.63058259	0.16106843	0.18218634
0.01317376	0.68844931	0.26091245	0.03746449
0.03188431	0.02266499	0.9287462	0.01670451
0.03599507	0.01109022	0.94910016	0.00381455
0.1512855	0.02090166	0.81828001	0.00953284
0.16692051	0.30237251	0.24968805	0.28101893
0.18030375	0.30017235	0.44094557	0.07857834
0.14065594	0.10353695	0.55345701	0.20235009
0.16138042	0.53981151	0.22269352	0.07611455
0.03011065	0.83887083	0.0431408	0.08787772
0.033599	0.02434109	0.93830596	0.00375395
0.00925541	0.01309013	0.97765346	1e-06
0.88187547	0.01103288	0.09955979	0.00753186
0.25773684	0.20017088	0.5345897	0.00750258
0.27616872	0.42526677	0.19149224	0.10707226
0.25541553	0.25725424	0.12783115	0.35949907
0.17014945	0.28954519	0.39050268	0.14980268
