#M01582	AGL9
#p.cut	M01582	UwDnaseH7esDiffa9d	0.01	0.05	0.1	0.25	0.5	0.75	0.9	0.95	0.99	
#p.Tcut2	M01582	UwDnaseH7esDiffa9d	16.83	18.48	19.23	20.33	21.42	22.52	23.62	24.37	26.02	
#p.Tcut2b	M01582	UwDnaseH7esDiffa9d	13.66	15.31	16.06	17.16	18.26	19.36	20.45	21.2	22.85	
A	C	G	T
0.33612314	0.23116883	0.2006734	0.23203463
0.16222784	0.30255219	0.2014533	0.33376667
1e-06	0.17983537	0.06430656	0.75585706
0.1833652	0.10092598	0.02112074	0.69458809
0.01532186	0.9635769	1e-06	0.02110025
0.00501092	0.98961037	1e-06	0.0053777
0.56055991	0.20659925	0.01038172	0.22245913
0.87336225	0.03148932	0.01584995	0.07929849
0.96326337	0.0156634	0.02107223	1e-06
0.98402764	0.01059239	0.00537897	1e-06
0.93138015	0.01607726	0.02103174	0.03151085
0.38652001	0.0212851	0.01573462	0.57646026
0.32908314	0.00537952	0.66553634	1e-06
0.02149414	0.00505906	0.9734458	1e-06
0.56029892	0.29150313	0.14281842	0.00537953
0.81549854	0.12567874	0.02148165	0.03734107
0.7625757	0.04196819	0.01583986	0.17961625
0.33612314	0.23116883	0.2006734	0.23203463
