#M01587	FPM315 (ZNF263)
#p.cut	M01587	EpiUwRmapDNaseMobilized.CD3.Primary.Cells.SRX089240	0.01	0.05	0.1	0.25	0.5	0.75	0.9	0.95	0.99	
#p.Tcut2	M01587	EpiUwRmapDNaseMobilized.CD3.Primary.Cells.SRX089240	18.76	20.41	21.15	22.25	23.35	24.45	25.55	26.3	27.95	
#p.Tcut2b	M01587	EpiUwRmapDNaseMobilized.CD3.Primary.Cells.SRX089240	11.68	13.33	14.08	15.18	16.28	17.37	18.47	19.22	20.87	
A	C	G	T
0.22551082	0.17402845	0.4677484	0.13271234
0.03337813	0.0184212	0.94293661	0.00526406
0.476201	0.01281989	0.49782047	0.01315864
0.03387977	1e-06	0.96352111	0.00259812
0.00263253	0.00263253	0.98947382	0.00526112
0.00504882	0.00502292	0.98992727	1e-06
0.98947089	0.00789558	1e-06	0.00263253
0.01801855	0.00526406	0.97145463	0.00526276
0.01279613	0.01052298	0.97421122	0.00246967
0.9348983	0.01315864	0.04141968	0.01052339
0.0289313	0.01513134	0.95067541	0.00526195
0.03630842	0.01575906	0.93741804	0.01051449
0.4058715	0.02086848	0.55226593	0.0209941
0.22551082	0.17402845	0.4677484	0.13271234
