#M01529	Yaf1
#p.cut	M01529	EpiUwRmapDNaseMobilized.CD3.Primary.Cells.SRX089240	0.01	0.05	0.1	0.25	0.5	0.75	0.9	0.95	0.99	
#p.Tcut2	M01529	EpiUwRmapDNaseMobilized.CD3.Primary.Cells.SRX089240	10.75	12.4	13.15	14.25	15.35	16.45	17.55	18.29	19.94	
#p.Tcut2b	M01529	EpiUwRmapDNaseMobilized.CD3.Primary.Cells.SRX089240	8.45	10.1	10.84	11.94	13.04	14.14	15.24	15.98	17.64	
A	C	G	T
0.27319631	0.22934177	0.20695681	0.29050512
0.05572966	0.17810802	0.11710718	0.64905514
0.14226681	0.26474503	0.06627006	0.5267181
0.14212812	0.18334362	0.21956503	0.45496323
0.22393594	0.25435638	0.25999958	0.26170809
0.14236429	0.38038364	0.18918811	0.28806396
0.2427651	0.06612643	0.06688077	0.6242277
0.05540379	0.02044752	0.00996786	0.91418084
0.90298595	0.01030322	0.0102989	0.07641193
0.62783672	0.01506456	0.00513502	0.35196371
0.4645621	0.16859461	0.13154578	0.23529751
0.00514551	0.11182275	0.02060532	0.86242642
0.01030322	0.97424144	0.00515211	0.01030322
0.03479483	0.87368814	0.00996756	0.08154947
0.09949899	0.02455324	0.86595135	0.00999642
0.68465542	0.00515192	0.24505129	0.06514137
0.56730656	0.07524145	0.21926395	0.13818804
0.44377144	0.25003921	0.22967418	0.07651516
0.13620143	0.20296012	0.14755762	0.51328083
0.27319631	0.22934177	0.20695681	0.29050512
