#M01532	Nhp6a
#p.cut	M01532	UwDnaseTh2wb54553204	0.01	0.05	0.1	0.25	0.5	0.75	0.9	0.95	0.99	
#p.Tcut2	M01532	UwDnaseTh2wb54553204	21.81	23.46	24.2	25.3	26.4	27.5	28.6	29.35	31	
#p.Tcut2b	M01532	UwDnaseTh2wb54553204	8.16	9.81	10.56	11.65	12.75	13.85	14.95	15.7	17.35	
A	C	G	T
0.36933462	0.13717454	0.12692864	0.3665622
0.22059636	0.21257081	0.22794558	0.33888725
0.24972062	0.13164682	0.22189226	0.3967403
0.27201858	0.18382607	0.19215759	0.35199776
0.29393253	0.22773266	0.13254379	0.34579102
0.32257466	0.15516685	0.18431906	0.33793943
0.24083683	0.2794115	0.15467085	0.32508083
0.30775945	0.15454656	0.1695747	0.3681193
0.35823502	0.14022252	0.2145333	0.28700916
0.31637584	0.17711711	0.15458477	0.35192227
0.33006587	0.15508876	0.19746833	0.31737704
0.34544156	0.14752988	0.16168908	0.34533948
0.29414827	0.16207402	0.1906455	0.35313221
0.3382401	0.13328252	0.16197869	0.36649869
0.27217656	0.17623081	0.21272763	0.33886501
0.32995209	0.17647672	0.19195003	0.30162116
0.3445375	0.1264941	0.17009963	0.35886876
0.38259008	0.13229428	0.21304658	0.27206905
0.32280639	0.1615512	0.15549551	0.36014691
0.41334577	0.11004707	0.19060463	0.28600252
0.32354583	0.11723026	0.19228631	0.3669376
0.47924283	0.21154754	0.10312227	0.20608736
0.22096107	0.10948406	0.00741079	0.66214408
0.22770347	0.08126616	0.28707282	0.40395755
0.58061996	0.05887351	0.02183804	0.33866849
0.3916684	0.17542118	0.01469003	0.4182204
0.03643406	0.48514605	1e-06	0.47841889
0.30774499	0.02232849	0.00743747	0.66248904
0.70474451	0.11041413	0.03719337	0.14764798
0.0074435	0.02171989	0.00741079	0.96342582
0.963393	0.00744222	0.02172128	0.0074435
0.0074435	0.02213701	1e-06	0.97041849
0.91975881	1e-06	0.08023919	1e-06
1e-06	0.01484003	1e-06	0.98515797
0.9702478	1e-06	1e-06	0.0297502
0.93373653	1e-06	0.0074435	0.05881898
0.65424188	0.00744348	0.05894052	0.27937412
0.44769849	0.02196826	0.02232838	0.50800486
0.62543511	0.01488472	0.0586744	0.30100576
0.2928752	0.02977099	1e-06	0.67735281
0.45625011	0.07360366	0.25783199	0.21231424
0.36933462	0.13717454	0.12692864	0.3665622
