#M01511	Yrr1
#p.cut	M01511	UwDgfK562Znfa41c6	0.01	0.05	0.1	0.25	0.5	0.75	0.9	0.95	0.99	
#p.Tcut2	M01511	UwDgfK562Znfa41c6	9.75	11.4	12.15	13.24	14.34	15.44	16.54	17.29	18.94	
#p.Tcut2b	M01511	UwDgfK562Znfa41c6	10.02	11.67	12.42	13.52	14.62	15.72	16.81	17.56	19.21	
A	C	G	T
0.27237223	0.23510125	0.30004822	0.1924783
0.34029043	0.12362648	0.53313332	0.00294977
0.03808411	0.83843151	0.0204517	0.10303268
0.07338971	0.00296895	0.90618655	0.0174548
0.01423553	0.01183598	0.97095954	0.00296895
0.94136372	0.01484071	0.04379456	1e-06
0.61523776	0.0118685	0.32584929	0.04704444
0.86495789	0.00296895	0.04696157	0.08511159
0.01755419	0.02373365	0.00890384	0.94980831
0.8411788	0.01477186	0.02968049	0.11436884
0.83193945	0.06811395	0.07953453	0.02041207
0.23253321	0.29420085	0.38240273	0.09086321
0.24567608	0.27121314	0.31853983	0.16457095
0.17286203	0.30082961	0.32846153	0.19784684
0.30329737	0.16729817	0.25285957	0.27654489
0.125954	0.35038279	0.33869027	0.18497294
0.27237223	0.23510125	0.30004822	0.1924783
