#M01550	Mbp1
#p.cut	M01550	EpiUwRmapDNaseMobilized.CD3.Primary.Cells.SRX089240	0.01	0.05	0.1	0.25	0.5	0.75	0.9	0.95	0.99	
#p.Tcut2	M01550	EpiUwRmapDNaseMobilized.CD3.Primary.Cells.SRX089240	7.53	9.18	9.93	11.03	12.12	13.22	14.32	15.07	16.72	
#p.Tcut2b	M01550	EpiUwRmapDNaseMobilized.CD3.Primary.Cells.SRX089240	8.35	10	10.75	11.85	12.95	14.04	15.14	15.89	17.54	
A	C	G	T
0.23082596	0.27636431	0.31559735	0.17721239
0.21469352	0.19030375	0.51088028	0.08412245
0.21037422	0.21244297	0.47559017	0.10159264
0.31760487	0.10568965	0.47254217	0.10416331
0.30303617	0.2650097	0.24805974	0.18389439
0.24943814	0.10358587	0.56089047	0.08608552
0.87623995	0.01772056	0.03949347	0.06654602
0.00445794	0.92464725	0.02195406	0.04894075
0.13883788	0.00642508	0.85251475	0.00222229
0.01534502	0.80481772	0.01503738	0.16479989
0.04181977	0.01332151	0.93817226	0.00668646
0.03119918	0.03784873	0.0176473	0.91330478
0.05979338	0.59482862	0.31200861	0.03336939
0.68591828	0.03756764	0.21669964	0.05981445
0.19400168	0.26364104	0.42728886	0.11506843
0.32723622	0.23925463	0.3381158	0.09539335
0.26123753	0.23030309	0.21902538	0.28943401
0.23204576	0.21915294	0.5065311	0.0422702
0.32119354	0.44379675	0.15498791	0.0800218
0.48171914	0.22357368	0.1976174	0.09708978
0.23082596	0.27636431	0.31559735	0.17721239
