#M01554	BAS1
#p.cut	M01554	UwDnaseCaco2	0.01	0.05	0.1	0.25	0.5	0.75	0.9	0.95	0.99	
#p.Tcut2	M01554	UwDnaseCaco2	10.16	11.81	12.56	13.66	14.76	15.85	16.95	17.7	19.35	
#p.Tcut2b	M01554	UwDnaseCaco2	11.92	13.57	14.31	15.41	16.51	17.61	18.71	19.46	21.11	
A	C	G	T
0.2376107	0.27831166	0.32598455	0.15809308
0.08005374	0.2293677	0.48931497	0.20126359
0.06935036	0.66089464	0.14976254	0.11999247
0.47594562	0.12711174	0.13257609	0.26436654
0.12148506	0.35481579	0.35506575	0.1686334
0.42551979	0.02249344	0.44352651	0.10846026
0.17211364	0.02852113	0.77625276	0.02311247
0.05751537	0.70575443	0.2131708	0.0235594
0.07936654	0.88646283	0.01767022	0.01650041
0.50914474	0.20297253	0.24225985	0.04562287
0.02255133	1e-06	0.97744667	1e-06
0.9605234	0.00536606	0.03410954	1e-06
0.01680421	0.00536606	0.97782872	1e-06
0.00536606	0.07497613	1e-06	0.9196568
0.0294538	0.94167758	0.01165672	0.0172119
0.89649526	0.03464064	0.05144851	0.01741559
0.31147296	0.10908897	0.53944104	0.03999703
0.20022663	0.19475725	0.48830527	0.11671085
0.31664896	0.20742087	0.16468416	0.31124601
0.2376107	0.27831166	0.32598455	0.15809308
