#M01504	Nhp6b
#p.cut	M01504	EpiUwRmapDNaseFetal.Intestine.Large.SRX204363	0.01	0.05	0.1	0.25	0.5	0.75	0.9	0.95	0.99	
#p.Tcut2	M01504	EpiUwRmapDNaseFetal.Intestine.Large.SRX204363	18.45	20.1	20.85	21.95	23.05	24.15	25.24	25.99	27.64	
#p.Tcut2b	M01504	EpiUwRmapDNaseFetal.Intestine.Large.SRX204363	6.86	8.51	9.26	10.36	11.45	12.55	13.65	14.4	16.05	
A	C	G	T
0.37866667	0.10438528	0.10431169	0.41263636
0.08574151	0.11053297	0.00824636	0.79547916
0.36127593	0.07702289	0.07758354	0.48411764
0.0178797	0.00856733	0.0039206	0.96963237
0.61020685	0.04983585	0.00675579	0.33320151
0.11649279	0.13586915	0.00720271	0.74043534
0.21078848	0.14333524	0.02841053	0.61746574
0.25709649	0.0046556	0.00334227	0.73490564
0.87793525	0.00384332	0.00596469	0.11225674
0.01321919	0.01194138	0.00103164	0.97380779
0.98208735	0.00157368	0.01089108	0.00544788
0.00656118	0.01087213	0.00157344	0.98099325
0.97573549	0.0017576	0.01007107	0.01243584
0.12303489	0.00591713	0.00542132	0.86562666
0.68430639	0.00258264	0.00821861	0.30489236
0.67309205	0.00859262	0.00981601	0.30849931
0.45928819	0.01392259	0.00855358	0.51823564
0.83341402	0.00590722	0.13336594	0.02731282
0.16730121	0.03204342	0.1532496	0.64740577
0.45528995	0.01656753	0.23573873	0.29240379
0.37866667	0.10438528	0.10431169	0.41263636
