#M01521	Ydr520c
#p.cut	M01521	EpiUwRmapDNaseMobilized.CD3.Primary.Cells.SRX089240	0.01	0.05	0.1	0.25	0.5	0.75	0.9	0.95	0.99	
#p.Tcut2	M01521	EpiUwRmapDNaseMobilized.CD3.Primary.Cells.SRX089240	10.07	11.72	12.47	13.57	14.67	15.77	16.87	17.61	19.26	
#p.Tcut2b	M01521	EpiUwRmapDNaseMobilized.CD3.Primary.Cells.SRX089240	9.13	10.78	11.53	12.63	13.73	14.83	15.92	16.67	18.32	
A	C	G	T
0.28629191	0.21913215	0.25759369	0.23698225
0.1783881	0.38511938	0.20113155	0.23536098
0.27813152	0.29592043	0.18982967	0.23611837
0.1420339	0.36737413	0.11281826	0.37777371
0.02928189	0.89339478	0.01195916	0.06536417
0.10042595	1e-06	0.87607433	0.02349872
0.01196848	0.00598645	0.98204407	1e-06
0.970943	0.00598645	0.02306954	1e-06
0.07733528	0.00598645	0.89929901	0.01737925
0.82725903	0.01197187	0.04777138	0.11299772
0.18342884	0.01190377	0.01780173	0.78686565
0.95322811	0.00598645	0.04078444	1e-06
0.58165196	0.05884803	0.10078408	0.25871593
0.26811317	0.2251705	0.11767307	0.38904326
0.28629191	0.21913215	0.25759369	0.23698225
