#M01548	Yap6
#p.cut	M01548	EpiUwRmapDNaseH1.Derived.Neuronal.Progenitor.Cultured.Cells.SRX121241	0.01	0.05	0.1	0.25	0.5	0.75	0.9	0.95	0.99	
#p.Tcut2	M01548	EpiUwRmapDNaseH1.Derived.Neuronal.Progenitor.Cultured.Cells.SRX121241	11.47	13.12	13.87	14.96	16.06	17.16	18.26	19.01	20.66	
#p.Tcut2b	M01548	EpiUwRmapDNaseH1.Derived.Neuronal.Progenitor.Cultured.Cells.SRX121241	10.6	12.25	13	14.1	15.2	16.29	17.39	18.14	19.79	
A	C	G	T
0.25357143	0.22486772	0.25873016	0.26283069
0.1435965	0.26116601	0.42110396	0.17413353
0.24419848	0.10265196	0.64513278	0.00801678
0.07800525	0.05611358	0.33513985	0.53074133
0.05529879	0.5549202	0.09506128	0.29471973
0.18204683	0.10308128	0.03154079	0.6833311
1e-06	0.15163576	0.65874916	0.18961408
0.46832751	0.49960642	0.0080172	0.02404887
0.00801647	0.00801634	1e-06	0.98396619
1e-06	1e-06	0.1271943	0.8728037
0.96806571	1e-06	0.02391872	0.00801457
0.03947207	0.43736584	0.10344808	0.41971401
0.12632837	0.01576734	0.79500711	0.06289718
0.04007348	0.04809794	0.00792221	0.90390638
0.7618789	0.19028032	0.03182787	0.01601292
0.93610037	1e-06	0.05588143	0.0080172
0.13373628	0.08792356	0.60295386	0.1753863
0.19822432	0.4758143	0.15094236	0.17501902
0.39574374	0.04769845	0.46175345	0.09480436
0.42874864	0.11861876	0.34941439	0.10321821
0.12592375	0.53968406	0.23902338	0.09536881
0.25357143	0.22486772	0.25873016	0.26283069
