#M01577	CBF1
#p.cut	M01577	OpenChromDnaseHsmm	0.01	0.05	0.1	0.25	0.5	0.75	0.9	0.95	0.99	
#p.Tcut2	M01577	OpenChromDnaseHsmm	9.82	11.47	12.22	13.32	14.42	15.52	16.61	17.36	19.01	
#p.Tcut2b	M01577	OpenChromDnaseHsmm	11.29	12.94	13.68	14.78	15.88	16.98	18.08	18.83	20.48	
A	C	G	T
0.18631469	0.32228383	0.29600611	0.19539537
0.05446125	0.19103491	0.62572668	0.12877716
0.36218152	0.28071017	0.16982396	0.18728435
0.18760938	0.32906328	0.2064543	0.27687304
0.08257981	0.6886251	0.11549632	0.11329877
0.32930097	0.24848632	0.1702902	0.25192251
0.0852831	0.05889012	0.7923975	0.06342929
0.03146088	0.23507346	0.26291123	0.47055443
0.00730103	0.99042505	1e-06	0.00227292
0.98098253	0.00232432	0.01669216	1e-06
0.00484726	0.93498655	0.00742958	0.05273661
0.07234888	0.00235555	0.92529457	1e-06
0.00497339	0.00497666	1e-06	0.99004895
0.00466657	0.00726796	0.98569845	0.00236702
0.68037055	0.12418788	0.1316467	0.06379486
0.05283812	0.82730809	0.04626379	0.07359
0.08084575	0.34708898	0.06433302	0.50773226
0.10263955	0.39552129	0.33228444	0.16955471
0.19239921	0.39711456	0.35871675	0.05176949
0.18631469	0.32228383	0.29600611	0.19539537
