#M01509	Yll054c
#p.cut	M01509	EpiUwRmapDNaseFetal.Renal.Pelvis.SRX089275	0.01	0.05	0.1	0.25	0.5	0.75	0.9	0.95	0.99	
#p.Tcut2	M01509	EpiUwRmapDNaseFetal.Renal.Pelvis.SRX089275	9.97	11.62	12.37	13.46	14.56	15.66	16.76	17.51	19.16	
#p.Tcut2b	M01509	EpiUwRmapDNaseFetal.Renal.Pelvis.SRX089275	7.31	8.96	9.71	10.81	11.9	13	14.1	14.85	16.5	
A	C	G	T
0.14494787	0.33797113	0.34474739	0.1723336
0.00235961	0.11824774	0.12123474	0.75815791
0.00235961	0.97424954	0.00936273	0.01402812
0.00931231	0.87391253	0.07952226	0.0372529
0.01589918	0.01845621	0.96093395	0.00471066
0.0439778	0.21825478	0.0535589	0.68420853
0.10884326	0.337254	0.38820548	0.16569726
0.15788826	0.35078098	0.30749761	0.18383314
0.1434515	0.38357032	0.32437141	0.14860677
0.14206365	0.37702321	0.30631512	0.17459801
0.16668756	0.2610248	0.35888628	0.21340136
0.14194494	0.33136568	0.33756062	0.18912876
0.16699259	0.35837406	0.2815625	0.19307084
0.13414229	0.32714529	0.36653652	0.1721759
0.04613761	0.4955659	0.287347	0.17094949
0.00707682	0.92799975	0.02094982	0.04397361
0.01851446	0.0673047	0.89328489	0.02089596
0.00685088	0.01150997	0.98163814	1e-06
0.64853637	0.157957	0.17701449	0.01649214
0.14494787	0.33797113	0.34474739	0.1723336
