#M01512	RDR1
#p.cut	M01512	EpiUwRmapDNaseMobilized.CD3.Primary.Cells.SRX089240	0.01	0.05	0.1	0.25	0.5	0.75	0.9	0.95	0.99	
#p.Tcut2	M01512	EpiUwRmapDNaseMobilized.CD3.Primary.Cells.SRX089240	7.92	9.57	10.32	11.42	12.52	13.62	14.71	15.46	17.11	
#p.Tcut2b	M01512	EpiUwRmapDNaseMobilized.CD3.Primary.Cells.SRX089240	8.87	10.52	11.27	12.37	13.46	14.56	15.66	16.41	18.06	
A	C	G	T
0.22251748	0.26021013	0.31445975	0.20281264
0.12193098	0.16467211	0.17049899	0.54289792
0.1569095	0.33237363	0.33169411	0.17902276
0.26945875	0.31645316	0.32930633	0.08478176
0.14149893	0.16753546	0.49412309	0.19684253
0.27901973	0.35678915	0.21442231	0.14976881
0.25225133	0.36968198	0.24952252	0.12854417
0.08927552	0.43562208	0.33579285	0.13930956
0.21198843	0.07255874	0.14262262	0.57283021
0.0148836	0.039844	0.94275802	0.00251438
0.00999786	0.91780071	0.02494952	0.04725192
0.06440507	0.00754113	0.91582172	0.01223207
0.00459124	1e-06	0.99540676	1e-06
0.89481739	0.00750161	0.09265424	0.00502676
0.52972914	0.01755888	0.01497446	0.43773752
0.86034395	0.01508105	0.12209084	0.00248416
0.1147411	0.13222721	0.23680947	0.51622221
0.15365763	0.24242493	0.46183427	0.14208317
0.2532006	0.17535584	0.40685875	0.16458482
0.27399554	0.31639623	0.23491038	0.17469785
0.13249427	0.18482993	0.30757023	0.37510557
0.05923157	0.48485958	0.32173654	0.13417231
0.22251748	0.26021013	0.31445975	0.20281264
