#M01593	Zfx
#p.cut	M01593	EpiUwRmapDNaseFetal.Muscle.Arm.SRX100980	0.01	0.05	0.1	0.25	0.5	0.75	0.9	0.95	0.99	
#p.Tcut2	M01593	EpiUwRmapDNaseFetal.Muscle.Arm.SRX100980	15.86	17.52	18.26	19.36	20.46	21.56	22.66	23.4	25.05	
#p.Tcut2b	M01593	EpiUwRmapDNaseFetal.Muscle.Arm.SRX100980	7.68	9.33	10.07	11.17	12.27	13.37	14.47	15.22	16.87	
A	C	G	T
0.11242138	0.40619946	0.3833558	0.09802336
0.02396908	0.36771337	0.59443154	0.01388601
0.07411331	0.48124467	0.36646596	0.07817606
0.01256652	0.6064923	0.37464162	0.00629956
0.01746761	0.73732488	0.18210702	0.06310049
0.68632289	0.02137413	0.28471539	0.00758759
0.00256367	0.00125325	0.99618208	1e-06
0.00253162	0.00257873	0.99110857	0.00378108
0.00129021	0.9924482	0.0025763	0.00368529
0.00386585	0.98375256	0.00487692	0.00750468
0.01506372	0.30251121	0.49644364	0.18598143
0.03768275	0.82871435	0.11200494	0.02159796
0.11563435	0.02288466	0.85153226	0.00994873
0.00862874	0.40161407	0.58589647	0.00386073
0.04428173	0.73502267	0.18303018	0.03766542
0.01363554	0.46713707	0.49414446	0.02508293
0.02512911	0.55365868	0.40879532	0.0124169
0.11242138	0.40619946	0.3833558	0.09802336
