#M01590	SMAD1
#p.cut	M01590	EpiUwRmapDNaseH1.Derived.Neuronal.Progenitor.Cultured.Cells.SRX121241	0.01	0.05	0.1	0.25	0.5	0.75	0.9	0.95	0.99	
#p.Tcut2	M01590	EpiUwRmapDNaseH1.Derived.Neuronal.Progenitor.Cultured.Cells.SRX121241	17.01	18.66	19.41	20.51	21.61	22.71	23.8	24.55	26.2	
#p.Tcut2b	M01590	EpiUwRmapDNaseH1.Derived.Neuronal.Progenitor.Cultured.Cells.SRX121241	12.02	13.67	14.41	15.51	16.61	17.71	18.81	19.56	21.21	
A	C	G	T
0.38766328	0.1946299	0.23911466	0.17859216
0.6193187	0.34638675	0.02661574	0.00767882
0.97336236	0.00383109	0.01918704	0.00361951
0.48420481	1e-06	0.43380843	0.08198575
0.97713319	0.01136337	0.01150244	1e-06
0.97340327	0.01146897	0.01512676	1e-06
0.01132842	0.97717364	0.00766993	0.00382801
0.99231916	0.00383992	0.00383992	1e-06
0.99231926	1e-06	0.00767874	1e-06
0.97726396	1e-06	0.01505927	0.00767577
0.02268962	1e-06	0.97377949	0.00352989
0.04070637	1e-06	0.95169301	0.00759962
0.77626596	0.17054999	0.04934421	0.00383984
0.38766328	0.1946299	0.23911466	0.17859216
