#M01508	Ypr015c
#p.cut	M01508	EpiUwRmapDNaseFetal.Intestine.Large.SRX055178	0.01	0.05	0.1	0.25	0.5	0.75	0.9	0.95	0.99	
#p.Tcut2	M01508	EpiUwRmapDNaseFetal.Intestine.Large.SRX055178	15.81	17.46	18.21	19.3	20.4	21.5	22.6	23.35	25	
#p.Tcut2b	M01508	EpiUwRmapDNaseFetal.Intestine.Large.SRX055178	11.32	12.97	13.72	14.82	15.92	17.01	18.11	18.86	20.51	
A	C	G	T
0.29230769	0.22136752	0.17777778	0.30854701
0.07688865	0.16202083	0.08559925	0.67549127
0.12798137	0.17854863	0.27345692	0.42001308
0.38587979	0.1523764	0.11983351	0.34191029
0.4615063	0.18813859	0.06859719	0.28175792
0.33478532	0.03463743	0.33221244	0.29836482
0.60640097	0.2143867	0.12794423	0.0512681
0.04284583	0.31587909	0.04336944	0.59790565
0.06000774	0.00867685	0.91395374	0.01736167
1e-06	0.01731261	0.00868124	0.97400516
0.97395702	0.00868134	0.01736064	1e-06
0.94799129	1e-06	0.04333648	0.00867123
0.95776045	1e-06	0.02492595	0.01731261
1e-06	0.02604099	1e-06	0.97395701
0.00795549	0.975581	1e-06	0.01646251
0.4431867	0.49708804	0.01690683	0.04281843
0.13710101	0.11994871	0.05115737	0.69179291
0.25638459	0.19725587	0.1877835	0.35857604
0.41840717	0.06906454	0.13659242	0.37593587
0.27357823	0.4526686	0.02515288	0.2486003
0.29230769	0.22136752	0.17777778	0.30854701
