#M01527	Sum1
#p.cut	M01527	UwDnaseTh2	0.01	0.05	0.1	0.25	0.5	0.75	0.9	0.95	0.99	
#p.Tcut2	M01527	UwDnaseTh2	23.86	25.51	26.26	27.36	28.46	29.56	30.65	31.4	33.05	
#p.Tcut2b	M01527	UwDnaseTh2	10.3	11.96	12.7	13.8	14.9	16	17.1	17.84	19.49	
A	C	G	T
0.40846154	0.12423077	0.12544872	0.34185897
0.46567896	0.03454884	0.31808572	0.18168648
0.31094099	0.29539659	0.01537469	0.37828773
0.63357582	0.13439565	0.0920253	0.14000323
0.60419272	0.11555212	0.15397017	0.12628499
0.7612722	0.00780242	0.03482568	0.19609971
0.6713853	0.02350496	0.01922376	0.28588598
0.97672798	0.00783326	1e-06	0.01543776
0.96532558	1e-06	1e-06	0.03467242
0.36682601	0.01171789	0.0039168	0.6175393
0.04183111	1e-06	0.00783683	0.95033105
0.94986301	0.00781605	1e-06	0.04231993
0.58919389	0.00386375	0.00391892	0.40302343
0.02732447	0.00369058	0.00391892	0.96506603
0.01552712	0.00391892	1e-06	0.98055295
0.30731871	0.01135433	0.01958538	0.66174158
0.09667163	0.13108686	0.01152821	0.7607133
0.39954031	0.02697583	0.0232374	0.55024647
0.77195846	0.01941528	0.10039432	0.10823195
0.67700779	0.02700062	0.0112116	0.28477999
0.64551461	0.24764376	0.02665935	0.08018228
0.40846154	0.12423077	0.12544872	0.34185897
