#M01574	Rph1
#p.cut	M01574	UwDnaseTh1	0.01	0.05	0.1	0.25	0.5	0.75	0.9	0.95	0.99	
#p.Tcut2	M01574	UwDnaseTh1	17.75	19.4	20.15	21.24	22.34	23.44	24.54	25.29	26.94	
#p.Tcut2b	M01574	UwDnaseTh1	12.2	13.85	14.6	15.7	16.8	17.9	19	19.74	21.39	
A	C	G	T
0.34260639	0.12960203	0.26626925	0.26152233
0.50513295	0.1787229	0.18450614	0.13163801
0.55156077	0.03676688	0.20343842	0.20823393
0.3552231	0.09869633	0.29166661	0.25441396
0.45140423	0.13546923	0.26165408	0.15147245
0.57500542	0.11251122	0.16519708	0.14728628
0.50757949	0.04802289	0.25449515	0.18990247
0.80474799	0.00348075	0.0508714	0.14089986
0.55472305	0.00645938	0.04760796	0.39120961
0.08052675	0.01343325	0.0104618	0.8955782
0.08784626	0.01690048	0.00671712	0.88853614
0.95621336	1e-06	0.04378464	1e-06
0.12601044	0.00323019	0.86727144	0.00348793
0.02033418	0.00994631	0.94975355	0.01996596
0.03030847	1e-06	0.95599954	0.01369099
0.02014937	1e-06	0.97313258	0.00671705
0.10292138	0.01018435	0.34155581	0.54533846
0.33466275	0.03047046	0.45638021	0.17848658
0.30700584	0.03737716	0.47369452	0.18192248
0.56289598	0.04078883	0.34258884	0.05372635
0.54677254	0.12627754	0.21268446	0.11426546
0.34260639	0.12960203	0.26626925	0.26152233
