#M01569	Gln3
#p.cut	M01569	UwDgfK562Znfa41c6	0.01	0.05	0.1	0.25	0.5	0.75	0.9	0.95	0.99	
#p.Tcut2	M01569	UwDgfK562Znfa41c6	14.93	16.58	17.33	18.43	19.53	20.63	21.72	22.47	24.12	
#p.Tcut2b	M01569	UwDgfK562Znfa41c6	13.08	14.73	15.48	16.58	17.68	18.78	19.88	20.62	22.27	
A	C	G	T
0.26274422	0.23641365	0.21659555	0.28424658
0.07895222	0.14777034	0.28769647	0.48558097
0.27015588	0.04164719	0.030407	0.65778993
0.39061354	0.12355554	0.15646561	0.32936531
0.34188715	0.13297576	0.15525788	0.36987921
0.17786508	0.0238849	0.71284117	0.08540885
0.02752	0.30807388	0.53125376	0.13315236
0.01359632	0.90769234	0.02726444	0.0514469
0.04038093	0.70622748	0.0514534	0.20193819
0.00665096	1e-06	0.00657468	0.98677336
1e-06	0.01041027	1e-06	0.98958773
0.98641819	0.003472	0.00663782	0.003472
1e-06	0.00966078	1e-06	0.99033722
1e-06	0.98617154	1e-06	0.01382646
0.69588637	1e-06	0.0204791	0.28363354
0.15991448	0.04449776	0.73044853	0.06513923
0.13334656	0.4558869	0.24254323	0.16822332
0.44365106	0.25792329	0.11700438	0.18142126
0.49540766	0.25546201	0.12705649	0.12207385
0.29485299	0.08917098	0.15136382	0.46461221
0.46534836	0.23954013	0.20943825	0.08567325
0.26274422	0.23641365	0.21659555	0.28424658
