#M01555	GCN4
#p.cut	M01555	EpiUwRmapDNaseFetal.Heart.SRX062366	0.01	0.05	0.1	0.25	0.5	0.75	0.9	0.95	0.99	
#p.Tcut2	M01555	EpiUwRmapDNaseFetal.Heart.SRX062366	15.99	17.64	18.39	19.49	20.59	21.69	22.79	23.53	25.18	
#p.Tcut2b	M01555	EpiUwRmapDNaseFetal.Heart.SRX062366	13.98	15.63	16.38	17.48	18.57	19.67	20.77	21.52	23.17	
A	C	G	T
0.29280961	0.21645837	0.22535303	0.265379
0.63755195	0.17604463	0.16099679	0.02540663
0.59467142	0.11662898	0.06799219	0.22070741
0.34276853	0.02718216	0.40449953	0.22554977
0.29471368	0.07966525	0.39986706	0.22575401
0.1231006	0.05534572	0.50881076	0.31274292
0.64535149	0.00402107	0.35062644	1e-06
1e-06	0.00781393	0.0019223	0.99026278
0.0056819	1e-06	0.9903406	0.0039765
0.99407789	1e-06	0.00391199	0.00200912
1e-06	0.33324146	0.66288132	0.00387622
1e-06	0.00201134	0.00201134	0.99597631
0.00401947	0.99029136	0.00183979	0.00384939
0.98856436	0.00591875	0.00551589	1e-06
0.00401947	0.35165339	0.00803892	0.63628822
0.48577609	0.27707874	0.04914731	0.18799785
0.14278995	0.46755031	0.13644419	0.25321555
0.32365021	0.19472858	0.09707479	0.38454642
0.17498303	0.19076691	0.11124244	0.52300762
0.22981238	0.4857242	0.19518751	0.08927591
0.50765764	0.06520782	0.08784893	0.33928561
0.29280961	0.21645837	0.22535303	0.265379
