#M01586	TGA2
#p.cut	M01586	EpiUwRmapDNaseFetal.Heart.SRX089242	0.01	0.05	0.1	0.25	0.5	0.75	0.9	0.95	0.99	
#p.Tcut2	M01586	EpiUwRmapDNaseFetal.Heart.SRX089242	10.52	12.17	12.92	14.02	15.12	16.22	17.32	18.06	19.71	
#p.Tcut2b	M01586	EpiUwRmapDNaseFetal.Heart.SRX089242	11.77	13.42	14.17	15.27	16.37	17.47	18.56	19.31	20.96	
A	C	G	T
0.23262211	0.27511903	0.28612238	0.20613648
0.25877969	0.08836458	0.56283947	0.09001626
0.44293389	0.08471471	0.46139622	0.01095517
0.01317734	0.0165704	0.01811773	0.95213453
0.00373363	0.01301282	0.9737962	0.00945734
0.94961365	0.01304482	0.02438461	0.01295692
0.0257204	0.83654039	0.04465558	0.09308362
0.08676407	0.0482406	0.84668232	0.01831301
0.01279444	0.02246241	0.01670829	0.94803486
0.02976606	0.95158966	0.01111794	0.00752634
0.97753985	0.00943665	0.00549667	0.00752683
0.01134653	0.0789407	0.49162644	0.41808633
0.02982605	0.90637232	0.03002725	0.03377438
0.76659279	0.08652509	0.07732712	0.069555
0.23262211	0.27511903	0.28612238	0.20613648
