#M01533	Fkh2
#p.cut	M01533	UwDnaseAg04450	0.01	0.05	0.1	0.25	0.5	0.75	0.9	0.95	0.99	
#p.Tcut2	M01533	UwDnaseAg04450	19.77	21.42	22.17	23.26	24.36	25.46	26.56	27.31	28.96	
#p.Tcut2b	M01533	UwDnaseAg04450	11.31	12.96	13.71	14.81	15.91	17	18.1	18.85	20.5	
A	C	G	T
0.40330151	0.16237072	0.19403341	0.24029435
0.30268309	0.14074275	0.13625182	0.42032234
0.37914297	0.07663982	0.23657244	0.30764477
0.53548313	0.10712254	0.17355034	0.18384399
0.85964702	0.04035348	0.040282	0.0597175
0.84023915	0.03095411	0.04774116	0.08106558
0.47017056	0.02863135	0.05749111	0.44370698
0.14601015	0.00965318	0.84433567	1e-06
0.01424387	0.00724074	1e-06	0.97851438
0.99276404	1e-06	0.00723396	1e-06
0.9975838	0.0024142	1e-06	1e-06
0.98841579	0.00225664	0.007057	0.00227058
1e-06	0.88823787	0.00474341	0.10701772
0.98334237	0.00241425	0.00963925	0.00460413
0.95926525	0.01206684	0.02384215	0.00482576
0.89341565	0.00459442	0.0354199	0.06657003
0.29238044	0.1174261	0.51637963	0.07381383
0.52321491	0.12417245	0.26663906	0.08597358
0.31307179	0.19154203	0.24939263	0.24599356
0.42518641	0.03330862	0.40335197	0.138153
0.51756359	0.16880301	0.23944486	0.07418854
0.40330151	0.16237072	0.19403341	0.24029435
