#M01542	PBF1
#p.cut	M01542	UwDnaseCaco2	0.01	0.05	0.1	0.25	0.5	0.75	0.9	0.95	0.99	
#p.Tcut2	M01542	UwDnaseCaco2	8.82	10.47	11.21	12.31	13.41	14.51	15.61	16.36	18.01	
#p.Tcut2b	M01542	UwDnaseCaco2	9.77	11.42	12.17	13.26	14.36	15.46	16.56	17.31	18.96	
A	C	G	T
0.1932198	0.33614515	0.24812987	0.22250517
0.11215532	0.21350722	0.4412881	0.23304936
0.08729487	0.35500479	0.34460816	0.21309218
0.23405941	0.41827757	0.20728194	0.14038107
0.26267942	0.18866937	0.22843359	0.32021762
0.10159792	0.5150885	0.16896763	0.21434594
0.63173139	0.02904552	0.11721435	0.22200874
0.03438361	0.40192049	0.4905896	0.0731063
0.0098082	0.84350212	0.12696971	0.01971998
0.00450147	0.02417119	0.01443419	0.95689316
0.0095484	0.97149194	0.01399935	0.00496031
0.93206605	0.01484754	0.03852216	0.01456425
0.00483746	0.03353097	0.02945146	0.9321801
1e-06	0.95210189	0.00491945	0.04297766
0.07831987	0.03405521	0.73447856	0.15314636
0.06782871	0.78720736	0.12073725	0.02422668
0.16676835	0.52316712	0.21904694	0.09101759
0.15548741	0.37027602	0.11705279	0.35718378
0.13117719	0.4032425	0.08286794	0.38271237
0.1932198	0.33614515	0.24812987	0.22250517
