#M01552	Srd1
#p.cut	M01552	UwDnaseTh1	0.01	0.05	0.1	0.25	0.5	0.75	0.9	0.95	0.99	
#p.Tcut2	M01552	UwDnaseTh1	15.89	17.54	18.29	19.38	20.48	21.58	22.68	23.43	25.08	
#p.Tcut2b	M01552	UwDnaseTh1	12.89	14.54	15.28	16.38	17.48	18.58	19.68	20.43	22.08	
A	C	G	T
0.32864385	0.20430925	0.20697085	0.26007605
0.14579615	0.17941102	0.22199653	0.4527963
0.20103187	0.21412078	0.38034013	0.20450722
0.83220006	0.00364986	0.14859035	0.01555973
0.00353871	0.00755361	0.98890668	1e-06
0.96660836	0.01514532	0.01459645	0.00364986
0.01176855	0.01895371	0.00364986	0.96562789
0.00364986	0.98904581	1e-06	0.00730333
1e-06	0.03451597	0.0039255	0.96155754
0.95818642	0.00758529	0.02665468	0.00757361
0.01163061	0.95390861	0.0039255	0.03053528
0.89054208	0.0230013	0.05618406	0.03027257
0.4558802	0.2135851	0.20547129	0.12506341
0.56555	0.11858235	0.19777049	0.11809717
0.24704595	0.25329304	0.25754768	0.24211332
0.35654229	0.13445023	0.18232748	0.32668
0.18548394	0.29422675	0.32701186	0.19327745
0.32864385	0.20430925	0.20697085	0.26007605
