#M01592	LBP9  (Tcfcp211)
#p.cut	M01592	EpiUwRmapDNaseMobilized.CD3.Primary.Cells.SRX089240	0.01	0.05	0.1	0.25	0.5	0.75	0.9	0.95	0.99	
#p.Tcut2	M01592	EpiUwRmapDNaseMobilized.CD3.Primary.Cells.SRX089240	12.22	13.87	14.61	15.71	16.81	17.91	19.01	19.76	21.41	
#p.Tcut2b	M01592	EpiUwRmapDNaseMobilized.CD3.Primary.Cells.SRX089240	12.83	14.48	15.23	16.33	17.42	18.52	19.62	20.37	22.02	
A	C	G	T
0.20963576	0.32718853	0.25986286	0.20331285
1e-06	0.97496053	0.02503747	1e-06
0.0405797	0.84241222	0.01026277	0.10674531
0.56794493	0.01525565	0.37626417	0.04053524
0.02559262	0.01519004	0.95921634	1e-06
0.14749471	0.53290359	0.02051908	0.29908262
0.10586708	0.43116663	0.08134362	0.38162267
0.20831457	0.27465543	0.22413702	0.29289298
0.27462859	0.2794864	0.42548013	0.02040488
0.86796453	0.00978429	0.12225017	1e-06
0.53680494	0.00513188	0.40194208	0.0561211
0.00995	0.96439358	0.01026277	0.01539365
0.03078217	0.82200183	0.00513188	0.14208412
0.53711774	0.00513188	0.44748761	0.01026277
0.0102357	0.00513113	0.98463217	1e-06
0.12714841	0.36595775	0.00513188	0.50176196
0.0306358	0.40608779	0.02563657	0.53763984
0.08077707	0.41671051	0.0701913	0.43232112
0.20963576	0.32718853	0.25986286	0.20331285
