#M01556	Met32
#p.cut	M01556	EpiUwRmapDNaseMobilized.CD3.Primary.Cells.SRX089240	0.01	0.05	0.1	0.25	0.5	0.75	0.9	0.95	0.99	
#p.Tcut2	M01556	EpiUwRmapDNaseMobilized.CD3.Primary.Cells.SRX089240	10.95	12.6	13.35	14.45	15.55	16.65	17.74	18.49	20.14	
#p.Tcut2b	M01556	EpiUwRmapDNaseMobilized.CD3.Primary.Cells.SRX089240	11.53	13.18	13.93	15.02	16.12	17.22	18.32	19.07	20.72	
A	C	G	T
0.18392346	0.27283808	0.30599061	0.23724785
0.41987504	0.15257641	0.18624109	0.24130747
0.70941533	0.00744952	0.22713927	0.05599587
0.05218283	0.46868708	0.44998753	0.02914256
0.00751411	0.02992196	0.00751411	0.95504982
0.02183384	0.0037481	0.97441706	1e-06
1e-06	0.0259175	0.00751203	0.96656947
0.01853329	0.00750745	0.9702017	0.00375756
0.02222354	0.01127067	0.95216806	0.01433774
0.00726408	0.94844946	0.02231873	0.02196772
0.03718117	0.01122372	0.65170208	0.29989302
1e-06	0.67286776	0.03377825	0.29335299
0.05561748	0.50300972	0.23040535	0.21096745
0.18392346	0.27283808	0.30599061	0.23724785
