#M01513	Xbp1
#p.cut	M01513	EpiUwRmapDNaseMobilized.CD3.Primary.Cells.SRX089240	0.01	0.05	0.1	0.25	0.5	0.75	0.9	0.95	0.99	
#p.Tcut2	M01513	EpiUwRmapDNaseMobilized.CD3.Primary.Cells.SRX089240	9.32	10.97	11.71	12.81	13.91	15.01	16.11	16.86	18.51	
#p.Tcut2b	M01513	EpiUwRmapDNaseMobilized.CD3.Primary.Cells.SRX089240	9.93	11.58	12.33	13.43	14.53	15.62	16.72	17.47	19.12	
A	C	G	T
0.21363073	0.2638166	0.27781908	0.24473358
0.08829203	0.29011625	0.19740605	0.42418567
0.1043027	0.48497873	0.15586917	0.2548494
0.1483214	0.1337035	0.37965474	0.33832036
0.20424273	0.30126028	0.27901832	0.21547867
0.30092561	0.17116344	0.29093002	0.23698094
0.0187592	0.41661052	0.03377927	0.53085101
0.00373937	0.78080065	1e-06	0.21545898
1e-06	0.03748659	0.02571724	0.93679517
0.01448755	0.90791343	0.01852576	0.05907326
0.05568411	0.01877022	0.91803697	0.00750869
0.96251169	0.00375484	0.03003143	0.00370203
0.21231933	0.00750869	0.76896257	0.01120941
0.60894519	0.02625756	0.35728868	0.00750857
0.27782245	0.07425474	0.47683152	0.17109129
0.35321441	0.21519331	0.38694338	0.0446489
0.02619013	0.23139496	0.10086298	0.64155193
0.05579081	0.10428311	0.57628001	0.26364608
0.22595487	0.30235802	0.19006157	0.28162553
0.20020936	0.08191856	0.52494592	0.19292616
0.21363073	0.2638166	0.27781908	0.24473358
