#M01540	Usv1
#p.cut	M01540	EpiUwRmapDNaseMobilized.CD3.Primary.Cells.SRX089240	0.01	0.05	0.1	0.25	0.5	0.75	0.9	0.95	0.99	
#p.Tcut2	M01540	EpiUwRmapDNaseMobilized.CD3.Primary.Cells.SRX089240	13.91	15.56	16.31	17.41	18.51	19.6	20.7	21.45	23.1	
#p.Tcut2b	M01540	EpiUwRmapDNaseMobilized.CD3.Primary.Cells.SRX089240	12.17	13.82	14.56	15.66	16.76	17.86	18.96	19.71	21.36	
A	C	G	T
0.24538153	0.26706827	0.19016064	0.29738956
0.26620662	0.11920933	0.21614629	0.39843777
0.2509178	0.19266473	0.25491526	0.30150222
0.18015433	0.33835324	0.18104077	0.30045165
0.2914695	0.20321713	0.26512216	0.2401912
0.26548344	0.2047666	0.23942851	0.29032144
0.30401293	0.22616461	0.18145432	0.28836815
0.29048638	0.2044194	0.22816189	0.27693233
0.27677775	0.30163574	0.15721683	0.26436968
0.16759711	0.30239571	0.15690373	0.37310346
0.26436214	0.32524048	0.14570921	0.26468817
0.17843042	0.28036289	0.18389535	0.35731134
0.30180586	0.09759453	0.18016039	0.42043922
0.19233192	0.1460107	0.32763423	0.33402315
0.27767843	0.22938365	0.15668415	0.33625377
0.2535619	0.27811118	0.13257213	0.33575478
0.05966243	0.28824805	0.08411762	0.5679719
0.10895645	0.07273936	0.08334252	0.73496167
0.18175433	0.72231105	0.03565294	0.06028167
1e-06	0.94189413	0.01226166	0.04584321
0.03572869	0.86860733	0.01226093	0.08340305
0.01110181	0.95354164	1e-06	0.03535555
0.0233282	0.94126707	1e-06	0.03540372
1e-06	0.01226166	1e-06	0.98773634
0.03673105	0.02404031	0.87820371	0.06102494
0.95235908	0.01226166	0.02401628	0.01136298
0.90365035	0.05957804	0.02452231	0.0122493
0.25334954	0.18221556	0.16825162	0.39618328
0.2900464	0.21843825	0.04904308	0.44247226
0.11980005	0.21546252	0.240768	0.42396943
0.130181	0.19305703	0.35336499	0.32339698
0.22931217	0.09698681	0.20729095	0.46641007
0.20462232	0.21889031	0.44497587	0.13151151
0.24538153	0.26706827	0.19016064	0.29738956
