#M01567	Sut2
#p.cut	M01567	EpiUwRmapDNaseMobilized.CD3.Primary.Cells.SRX089240	0.01	0.05	0.1	0.25	0.5	0.75	0.9	0.95	0.99	
#p.Tcut2	M01567	EpiUwRmapDNaseMobilized.CD3.Primary.Cells.SRX089240	10.49	12.14	12.89	13.99	15.09	16.19	17.29	18.03	19.68	
#p.Tcut2b	M01567	EpiUwRmapDNaseMobilized.CD3.Primary.Cells.SRX089240	9.73	11.38	12.13	13.23	14.32	15.42	16.52	17.27	18.92	
A	C	G	T
0.28395931	0.25258216	0.22668232	0.23677621
0.3665909	0.18332833	0.07014201	0.37993876
0.26355371	0.1966712	0.23959245	0.30018265
0.29234326	0.23412769	0.28210165	0.1914274
0.37711292	0.21552823	0.13155938	0.27579947
0.27202002	0.19163939	0.23107323	0.30526735
0.5406757	0.08363283	0.29629888	0.07939259
0.95766026	0.00470054	0.02341249	0.01422671
0.95742646	1e-06	0.03306199	0.00951055
0.00475578	0.77181418	0.21867426	0.00475578
0.00475578	0.02302145	0.01871634	0.95350644
1e-06	0.99524222	1e-06	0.00475578
0.03787357	0.85472429	0.01877539	0.08862675
0.08522134	0.00947206	0.89190175	0.01340484
0.79321	0.004714	0.19775948	0.00431652
0.46766383	0.07948303	0.36382896	0.08902418
0.28395931	0.25258216	0.22668232	0.23677621
