#M01564	PHO4
#p.cut	M01564	EpiUwRmapDNaseMobilized.CD3.Primary.Cells.SRX089240	0.01	0.05	0.1	0.25	0.5	0.75	0.9	0.95	0.99	
#p.Tcut2	M01564	EpiUwRmapDNaseMobilized.CD3.Primary.Cells.SRX089240	11.56	13.21	13.95	15.05	16.15	17.25	18.35	19.1	20.75	
#p.Tcut2b	M01564	EpiUwRmapDNaseMobilized.CD3.Primary.Cells.SRX089240	11.38	13.03	13.78	14.88	15.98	17.08	18.17	18.92	20.57	
A	C	G	T
0.22001488	0.30238095	0.27247024	0.20513393
0.14665922	0.25124661	0.46473537	0.1373588
0.47634509	0.1378127	0.07201211	0.31383011
0.18267216	0.50371151	0.19370135	0.11991499
0.25796297	0.4706873	0.06238898	0.20896076
0.6252189	0.26718656	0.09400091	0.01359363
0.52132283	0.19288252	0.22414483	0.06164983
0.01813316	0.47740711	0.49992569	0.00453404
0.00417793	0.99173687	1e-06	0.0040842
0.96889237	0.00453404	0.02657259	1e-06
0.00828508	0.89843007	0.01359442	0.07969043
0.03962871	0.01813217	0.9332349	0.00900422
1e-06	0.03100201	1e-06	0.96899599
1e-06	1e-06	0.99093092	0.00906708
1e-06	0.53655641	0.44624886	0.01719373
0.13791349	0.35839539	0.21397945	0.28971167
0.07134391	0.55755086	0.20533036	0.16577487
0.08439899	0.37226282	0.28948256	0.25385563
0.18263892	0.25337027	0.26873912	0.29525169
0.23589954	0.34806521	0.17408491	0.24195033
0.26346406	0.18771414	0.21135639	0.33746542
0.22001488	0.30238095	0.27247024	0.20513393
