#M01516	Ybr239c
#p.cut	M01516	EpiUwRmapDNaseMobilized.CD3.Primary.Cells.SRX089240	0.01	0.05	0.1	0.25	0.5	0.75	0.9	0.95	0.99	
#p.Tcut2	M01516	EpiUwRmapDNaseMobilized.CD3.Primary.Cells.SRX089240	9.58	11.23	11.98	13.07	14.17	15.27	16.37	17.12	18.77	
#p.Tcut2b	M01516	EpiUwRmapDNaseMobilized.CD3.Primary.Cells.SRX089240	10.14	11.79	12.54	13.64	14.73	15.83	16.93	17.68	19.33	
A	C	G	T
0.23962656	0.27302905	0.25318119	0.23416321
0.25927822	0.14112403	0.4338502	0.16574755
0.30272116	0.34914105	0.20753816	0.14059964
0.4637131	0.14153486	0.15782626	0.23692578
0.29531709	0.23630476	0.21210953	0.25626862
0.15730457	0.39502266	0.08694483	0.36072794
0.0041832	0.04564143	0.01250371	0.93767166
0.02507121	0.0376846	0.00418832	0.93305586
1e-06	0.97526469	0.00406308	0.02067122
0.01256297	0.90519577	0.012429	0.06981226
0.04919419	0.00418832	0.93832018	0.0082973
0.02862689	0.0250466	0.93808286	0.00824364
0.94180593	0.01251642	0.0167503	0.02892735
0.90432468	0.00837565	0.08311135	0.00418832
0.04970789	0.63802649	0.18348868	0.12877694
0.23962656	0.27302905	0.25318119	0.23416321
