#M01591	Tal-1 (Scl)
#p.cut	M01591	UwDnaseH7esDiffa9d	0.01	0.05	0.1	0.25	0.5	0.75	0.9	0.95	0.99	
#p.Tcut2	M01591	UwDnaseH7esDiffa9d	18.34	19.99	20.73	21.83	22.93	24.03	25.13	25.88	27.53	
#p.Tcut2b	M01591	UwDnaseH7esDiffa9d	13.67	15.32	16.07	17.16	18.26	19.36	20.46	21.21	22.86	
A	C	G	T
0.16007304	0.34233387	0.17136059	0.3262325
1e-06	0.98249713	0.00593143	0.01157044
0.00886788	0.03246113	0.0056161	0.95305489
1e-06	0.02336035	0.0058046	0.97083405
1e-06	0.92073796	0.04681613	0.03244492
1e-06	0.97955746	0.00875242	0.01168912
1e-06	0.02897887	1e-06	0.97101913
1e-06	0.03800517	0.00296096	0.95903287
0.33164328	0.4866622	0.00872765	0.17296687
0.0059317	0.01747202	1e-06	0.97659528
0.00565557	0.98844469	1e-06	0.00589874
0.00296635	0.01416769	1e-06	0.98286496
0.00878429	0.64601081	0.29553096	0.04967395
0.00292743	0.44232047	0.0088963	0.54585579
0.16007304	0.34233387	0.17136059	0.3262325
