#M01559	Rpn4
#p.cut	M01559	OpenChromDnaseNhek	0.01	0.05	0.1	0.25	0.5	0.75	0.9	0.95	0.99	
#p.Tcut2	M01559	OpenChromDnaseNhek	11.42	13.07	13.82	14.92	16.02	17.11	18.21	18.96	20.61	
#p.Tcut2b	M01559	OpenChromDnaseNhek	9.13	10.78	11.53	12.63	13.73	14.83	15.92	16.67	18.32	
A	C	G	T
0.19116162	0.38430135	0.25366162	0.17087542
0.46325527	0.19020563	0.24047863	0.10606047
0.01246121	0.89228995	0.01739369	0.07785515
0.0751252	0.04008972	0.86730148	0.0174836
0.00504225	0.98737146	1e-06	0.00758529
0.00761917	0.97202016	0.00770958	0.01265109
0.84218566	0.08619168	0.0587938	0.01282886
0.0023676	0.97727959	0.00513359	0.01521922
0.01271918	0.96680098	0.00513319	0.01534665
0.02481551	0.85871859	0.07390369	0.04256221
0.18176037	0.17423697	0.23308883	0.41091384
0.30957535	0.19525665	0.39417909	0.10098891
0.29943452	0.29600753	0.27831384	0.12624411
0.2458643	0.36593402	0.13565216	0.25254951
0.10864116	0.5662046	0.14926323	0.17589102
0.19116162	0.38430135	0.25366162	0.17087542
