#M01563	Hal9
#p.cut	M01563	EpiUwRmapDNaseFetal.Muscle.Arm.SRX100980	0.01	0.05	0.1	0.25	0.5	0.75	0.9	0.95	0.99	
#p.Tcut2	M01563	EpiUwRmapDNaseFetal.Muscle.Arm.SRX100980	13.37	15.02	15.77	16.87	17.97	19.07	20.16	20.91	22.56	
#p.Tcut2b	M01563	EpiUwRmapDNaseFetal.Muscle.Arm.SRX100980	7.11	8.76	9.5	10.6	11.7	12.8	13.9	14.65	16.3	
A	C	G	T
0.13789794	0.33334436	0.38731882	0.14143888
0.00963409	0.030637	0.38133256	0.57839635
0.00571789	0.96720947	0.01531401	0.01175864
0.00390762	0.92350156	0.03445219	0.03813863
0.01147241	0.02845532	0.94846776	0.01160451
0.14484438	0.15961365	0.52084815	0.17469382
0.14167325	0.33914969	0.37438912	0.14478794
0.15151027	0.32675918	0.36261603	0.15911451
0.13612904	0.34491218	0.35961385	0.15934493
0.15728386	0.38009056	0.30299043	0.15963515
0.14476461	0.28293778	0.45536159	0.11693602
0.138148	0.31074877	0.40892026	0.14218297
0.14585807	0.3707206	0.34000247	0.14341886
0.15130024	0.33477302	0.38193799	0.13198875
0.00583144	0.29521507	0.68553962	0.01341386
0.00956692	0.96173744	0.01915788	0.00953776
0.02283177	0.01710893	0.94654355	0.01351575
0.00557502	0.01128974	0.98130155	0.00183369
0.57828024	0.39077171	0.01747536	0.01347268
0.13789794	0.33334436	0.38731882	0.14143888
