#M01525	Put3
#p.cut	M01525	EpiUwRmapDNaseMobilized.CD3.Primary.Cells.SRX089240	0.01	0.05	0.1	0.25	0.5	0.75	0.9	0.95	0.99	
#p.Tcut2	M01525	EpiUwRmapDNaseMobilized.CD3.Primary.Cells.SRX089240	8.99	10.64	11.38	12.48	13.58	14.68	15.78	16.53	18.18	
#p.Tcut2b	M01525	EpiUwRmapDNaseMobilized.CD3.Primary.Cells.SRX089240	9.88	11.53	12.28	13.37	14.47	15.57	16.67	17.42	19.07	
A	C	G	T
0.2164751	0.27490421	0.2936143	0.21500639
0.40076816	0.19234443	0.21098419	0.19590322
0.09156097	0.15321499	0.13083427	0.62438977
0.14566311	0.35760769	0.24892825	0.24780094
0.2572046	0.37905795	0.22539976	0.13833769
0.29140248	0.38619451	0.16552716	0.15687585
0.26046622	0.11841987	0.31940324	0.30171066
0.57535257	0.16468746	0.12939644	0.13056353
0.01499669	0.06576828	0.04609724	0.87313778
0.00387201	0.90460348	0.00387201	0.08765251
0.00387201	0.96516906	1e-06	0.03095793
0.02276244	0.87746242	0.04593829	0.05383685
0.04523637	0.09976483	0.8396229	0.0153759
0.13349791	0.00386123	0.85133718	0.01130367
0.10752817	0.0231906	0.85795196	0.01132927
0.74274873	0.07346908	0.12207947	0.06170272
0.64327962	0.06554797	0.14575383	0.14541859
0.20695669	0.11940193	0.54697631	0.12666507
0.09183831	0.11173397	0.46681167	0.32961605
0.07659675	0.27608527	0.38684059	0.2604774
0.16798756	0.12306962	0.31505109	0.39389174
0.2164751	0.27490421	0.2936143	0.21500639
