#M01549	Cup9
#p.cut	M01549	UwDnaseHmvecdad	0.01	0.05	0.1	0.25	0.5	0.75	0.9	0.95	0.99	
#p.Tcut2	M01549	UwDnaseHmvecdad	17.3	18.95	19.7	20.8	21.9	22.99	24.09	24.84	26.49	
#p.Tcut2b	M01549	UwDnaseHmvecdad	12.7	14.35	15.1	16.19	17.29	18.39	19.49	20.24	21.89	
A	C	G	T
0.27644757	0.18912363	0.20665102	0.32777778
0.08384879	0.07959704	0.1639446	0.67260957
0.25933918	0.09834972	0.18212277	0.46018833
0.29138246	0.22596699	0.3082724	0.17437815
0.28669698	0.30494512	0.1031362	0.3052217
0.4778976	0.02835496	0.23967003	0.25407741
0.45948837	0.03271587	0.05603628	0.45175947
0.98097651	1e-06	0.01425042	0.00477208
0.00950444	0.02355358	1e-06	0.96694098
0.05547219	0.00454543	0.92581305	0.01416933
0.00447722	0.02374648	1e-06	0.97177529
0.01901185	1e-06	0.98098615	1e-06
0.00471488	0.01407985	0.00473337	0.9764719
0.00954254	0.98126844	0.00445565	0.00473337
0.98594754	1e-06	0.00931809	0.00473337
0.19869485	0.39682927	0.02727773	0.37719815
0.56717799	0.10299211	0.01871619	0.3111137
0.09457721	0.08479865	0.15277201	0.66785213
0.26307928	0.19784417	0.11247166	0.42660489
0.09834098	0.23855917	0.16489987	0.49819998
0.27644757	0.18912363	0.20665102	0.32777778
