#M01568	Yer130c
#p.cut	M01568	UwDnaseTh1	0.01	0.05	0.1	0.25	0.5	0.75	0.9	0.95	0.99	
#p.Tcut2	M01568	UwDnaseTh1	16.31	17.96	18.71	19.81	20.91	22.01	23.1	23.85	25.5	
#p.Tcut2b	M01568	UwDnaseTh1	12.51	14.16	14.91	16.01	17.11	18.21	19.31	20.05	21.7	
A	C	G	T
0.3406051	0.15196391	0.27165605	0.23577495
0.30741144	0.31613843	0.1230764	0.25337373
0.31401472	0.18298746	0.21119361	0.29180421
0.36933705	0.10785784	0.29148057	0.23132454
0.33619852	0.09797453	0.26868962	0.29713733
0.43779766	0.0479457	0.3825248	0.13173184
0.87605195	0.00301761	0.05786787	0.06306257
0.87850287	0.00301761	0.03577005	0.08270947
0.97484117	0.00628841	0.01276515	0.00610527
0.10237816	0.03186778	0.00612313	0.85963092
0.92257044	0.00630833	0.06461466	0.00650657
0.03838553	0.00630735	0.94570807	0.00959905
0.02171739	1e-06	0.96237574	0.01590587
0.03179583	0.00300273	0.95889319	0.00630825
0.04339612	0.00932494	0.93471226	0.01256669
0.07591162	0.34174975	0.26789	0.31444863
0.66286133	0.05493129	0.10928707	0.17292031
0.28334246	0.08028655	0.54765952	0.08871147
0.3406051	0.15196391	0.27165605	0.23577495
