#M01557	Rgt1
#p.cut	M01557	EpiUwRmapDNaseMobilized.CD3.Primary.Cells.SRX089240	0.01	0.05	0.1	0.25	0.5	0.75	0.9	0.95	0.99	
#p.Tcut2	M01557	EpiUwRmapDNaseMobilized.CD3.Primary.Cells.SRX089240	11.28	12.93	13.68	14.77	15.87	16.97	18.07	18.82	20.47	
#p.Tcut2b	M01557	EpiUwRmapDNaseMobilized.CD3.Primary.Cells.SRX089240	9.14	10.79	11.53	12.63	13.73	14.83	15.93	16.67	18.33	
A	C	G	T
0.30760073	0.22637363	0.21730769	0.24871795
0.27882602	0.06591934	0.25439836	0.40085628
0.1430945	0.39516438	0.24804926	0.21369185
0.26858209	0.25868486	0.09345733	0.37927572
0.16422057	0.25331688	0.19849422	0.38396833
0.1311305	0.54465992	0.04975711	0.27445247
0.02214592	0.88524118	0.0164012	0.0762117
0.0653487	0.0222063	0.87426046	0.03818454
0.027418	1e-06	0.97258	1e-06
0.97242054	1e-06	0.02757746	1e-06
0.78092074	0.01111906	0.0662092	0.141751
0.71012373	0.07095942	0.05479256	0.16412429
0.96678101	0.0165399	0.01111906	0.00556003
0.80186595	0.02745741	1e-06	0.17067564
0.08245112	0.46119019	0.01667808	0.43968061
0.27981279	0.17679351	0.03825799	0.5051357
0.1539115	0.13234602	0.14921079	0.56453169
0.30760073	0.22637363	0.21730769	0.24871795
