#M01534	TEC1
#p.cut	M01534	UwDgfHff	0.01	0.05	0.1	0.25	0.5	0.75	0.9	0.95	0.99	
#p.Tcut2	M01534	UwDgfHff	16.04	17.69	18.44	19.54	20.63	21.73	22.83	23.58	25.23	
#p.Tcut2b	M01534	UwDgfHff	13.36	15.01	15.75	16.85	17.95	19.05	20.15	20.89	22.55	
A	C	G	T
0.29098691	0.25735146	0.1776435	0.27401813
0.33246648	0.36551933	0.06374995	0.23826424
0.52600259	0.24188852	0.05700322	0.17510567
0.68388241	0.07461127	0.10601578	0.13549053
0.190843	0.38954614	0.19327161	0.22633925
0.12089743	0.625272	0.10866374	0.14516683
0.6713507	0.22625458	0.01522458	0.08717014
0.8940988	0.00295078	0.10294942	1e-06
0.01220846	0.9789241	1e-06	0.00886644
0.98187714	0.00602951	0.01209235	1e-06
1e-06	0.00305365	0.003054	0.99389135
1e-06	0.00298187	1e-06	0.99701613
0.00304439	0.99695361	1e-06	1e-06
0.00303298	0.58044157	0.00305208	0.41347337
0.00604102	0.10527849	0.003054	0.88562649
0.08225942	0.09048191	0.77581458	0.05144409
0.59258398	0.08442044	0.08726569	0.23572989
0.13573413	0.35730754	0.19309638	0.31386195
0.42011225	0.34704903	0.15704401	0.07579472
0.23519202	0.23798603	0.10618015	0.42064179
0.43149594	0.26688053	0.16539168	0.13623185
0.29098691	0.25735146	0.1776435	0.27401813
