#M01528	SFP1
#p.cut	M01528	UwDgfCd4naivewb11970640	0.01	0.05	0.1	0.25	0.5	0.75	0.9	0.95	0.99	
#p.Tcut2	M01528	UwDgfCd4naivewb11970640	22.86	24.51	25.26	26.36	27.45	28.55	29.65	30.4	32.05	
#p.Tcut2b	M01528	UwDgfCd4naivewb11970640	12.51	14.17	14.91	16.01	17.11	18.21	19.31	20.05	21.71	
A	C	G	T
0.3520998	0.13715629	0.13552348	0.37522043
0.55924813	0.04158338	0.05790401	0.34126448
0.25033802	0.1634924	0.11398722	0.47218237
0.36440322	0.05367437	0.0715245	0.51039791
0.40675805	0.08947205	0.160954	0.3428159
0.62898387	0.00589119	0.11067658	0.25444836
0.7893257	0.00194651	0.15071631	0.05801148
0.96591617	0.01209038	0.0020435	0.01994995
0.97632207	0.00797016	0.01163515	0.00407262
0.96614604	0.00799775	0.01382514	0.01203107
0.93569949	0.00991276	0.00805167	0.04633609
0.58566482	0.01188838	0.01216391	0.39028289
0.03786014	0.01385645	0.01207349	0.93620992
0.02007211	0.00598399	0.01195406	0.96198984
0.01615502	0.00379996	0.01602628	0.96401874
0.01815258	0.01584085	0.01198759	0.95401898
0.05366802	0.27808956	0.01802483	0.65021759
0.03557807	0.17438182	0.01611443	0.77392567
0.25805485	0.07334522	0.06800944	0.60059048
0.10328905	0.31907224	0.06370233	0.51393638
0.22542206	0.01819159	0.19451885	0.56186751
0.28653418	0.1280355	0.32489214	0.26053817
0.3520998	0.13715629	0.13552348	0.37522043
