#M01558	Tye7
#p.cut	M01558	OpenChromDnaseCll	0.01	0.05	0.1	0.25	0.5	0.75	0.9	0.95	0.99	
#p.Tcut2	M01558	OpenChromDnaseCll	9.77	11.42	12.17	13.27	14.36	15.46	16.56	17.31	18.96	
#p.Tcut2b	M01558	OpenChromDnaseCll	11.71	13.36	14.1	15.2	16.3	17.4	18.5	19.25	20.9	
A	C	G	T
0.19991342	0.3004329	0.31	0.18965368
0.09547589	0.36921636	0.47339683	0.06191092
0.27159391	0.32560873	0.15590036	0.246897
0.13709864	0.17478601	0.48897382	0.19914153
0.13972968	0.27838211	0.49870002	0.08318819
0.345519	0.37508942	0.20381328	0.07557829
0.35238701	0.04122707	0.58316155	0.02322437
0.01312382	0.11228501	0.00776709	0.86682408
0.00238359	0.98746571	1e-06	0.0101497
0.9874662	1e-06	0.00744924	0.00508356
0.00492348	0.89063855	0.05569308	0.04874489
0.04096309	0.07703718	0.88199874	1e-06
0.01020189	1e-06	1e-06	0.98979611
0.00263055	0.00239662	0.99497183	1e-06
0.90713638	0.00758934	0.0721267	0.01314757
1e-06	0.55369294	0.0774059	0.36890016
0.08812696	0.30491491	0.50864605	0.09831209
0.24019096	0.48500069	0.12742835	0.14738
0.19991342	0.3004329	0.31	0.18965368
