#M01506	PHO2
#p.cut	M01506	UwDnaseWerirb1	0.01	0.05	0.1	0.25	0.5	0.75	0.9	0.95	0.99	
#p.Tcut2	M01506	UwDnaseWerirb1	17.05	18.7	19.45	20.55	21.65	22.75	23.85	24.59	26.24	
#p.Tcut2b	M01506	UwDnaseWerirb1	10.93	12.58	13.33	14.43	15.53	16.63	17.73	18.47	20.12	
A	C	G	T
0.32123341	0.15765027	0.21069477	0.31042155
0.37312084	0.29426044	0.12198036	0.21063836
0.19400365	0.11000819	0.56258104	0.13340712
0.13581313	0.35613817	0.13350521	0.37454348
0.27730354	0.00929149	0.1591167	0.55428827
0.24630417	0.03266619	0.36594104	0.3550886
0.56423191	0.00473235	0.0305997	0.40043604
0.00473164	0.07514782	0.03525306	0.88486747
0.03495654	0.00709746	0.00941214	0.94853386
0.91576173	0.01629948	0.00941411	0.05852468
0.95569777	0.00709528	0.00465937	0.03254757
0.04920968	0.00473236	1e-06	0.94605697
0.06321555	0.00908625	0.00709793	0.92060027
0.92551371	0.0070135	0.00463507	0.06283773
0.8473739	0.03294707	0.11505283	0.0046262
0.39588286	0.0349683	0.0398538	0.52929504
0.08667823	0.06576373	0.54366667	0.30389137
0.19269921	0.13167137	0.54540253	0.13022689
0.13642695	0.08915899	0.71818579	0.05622827
0.36849926	0.14439553	0.45672329	0.03038193
0.56623453	0.26030826	0.07495591	0.0985013
0.32123341	0.15765027	0.21069477	0.31042155
