#M01578	Gat4
#p.cut	M01578	UwDgfA549	0.01	0.05	0.1	0.25	0.5	0.75	0.9	0.95	0.99	
#p.Tcut2	M01578	UwDgfA549	15.81	17.46	18.21	19.3	20.4	21.5	22.6	23.35	25	
#p.Tcut2b	M01578	UwDgfA549	11.75	13.4	14.15	15.25	16.34	17.44	18.54	19.29	20.94	
A	C	G	T
0.30637523	0.22021858	0.18114754	0.29225865
0.03831475	0.44369012	0.22271272	0.2952824
0.33228208	0.33552162	0.05357721	0.27861909
0.36675469	0.28574305	0.08573989	0.26176237
0.45775689	0.13229931	0.17620595	0.23373785
0.56935041	0.05466916	0.18977829	0.18620213
0.49560275	0.22936113	0.11577374	0.15926238
1e-06	0.10876019	0.02218664	0.86905217
0.92888606	1e-06	0.07111194	1e-06
0.01640905	0.00538943	0.97820053	1e-06
0.95104622	1e-06	0.03804277	0.01091001
0.03764666	0.03353363	0.00561766	0.92320206
0.00557316	0.98405813	1e-06	0.01036771
1e-06	0.05472455	1e-06	0.94527345
0.83554504	0.00563232	0.1430423	0.01578034
0.10999397	0.32118558	0.03328612	0.53553433
0.33243396	0.04900772	0.06117101	0.55738732
0.21320721	0.5189235	0.05441587	0.21345342
0.33162533	0.15862956	0.22953104	0.28021407
0.23370149	0.44511029	0.21724822	0.10394
0.30637523	0.22021858	0.18114754	0.29225865
