#M01519	Pdr1
#p.cut	M01519	EpiUwRmapDNaseMobilized.CD3.Primary.Cells.SRX089240	0.01	0.05	0.1	0.25	0.5	0.75	0.9	0.95	0.99	
#p.Tcut2	M01519	EpiUwRmapDNaseMobilized.CD3.Primary.Cells.SRX089240	10.4	12.05	12.8	13.9	15	16.1	17.2	17.94	19.59	
#p.Tcut2b	M01519	EpiUwRmapDNaseMobilized.CD3.Primary.Cells.SRX089240	9.96	11.61	12.36	13.46	14.56	15.65	16.75	17.5	19.15	
A	C	G	T
0.27572614	0.2242047	0.27372061	0.22634855
0.1748721	0.12883517	0.53872339	0.15756933
0.43223219	0.09132249	0.12426132	0.35218399
0.25311625	0.08738684	0.473003	0.1864939
0.51787961	0.02905731	0.23232148	0.2207416
0.21661646	0.4017867	0.32390853	0.05768831
0.18190499	0.32069568	0.15730148	0.34009785
0.05755245	0.09974725	0.01209093	0.83060938
0.02061052	0.03756856	0.00411869	0.93770223
0.0167458	0.85551029	0.02045091	0.10729301
0.02048016	0.91348699	0.0041482	0.06188465
0.05354481	0.02475385	0.89656704	0.02513431
0.12000397	0.01256952	0.85501174	0.01241477
0.95862072	0.00419021	0.02922204	0.00796704
0.82124003	0.00419051	0.13693747	0.03763199
0.23224373	0.2151788	0.35693425	0.19564323
0.47335486	0.04989269	0.34030755	0.1364449
0.26916374	0.4114656	0.15833018	0.16104049
0.3901969	0.08754841	0.21503335	0.30722134
0.40665062	0.14165841	0.35616888	0.0955221
0.5676985	0.03759225	0.37795297	0.01675628
0.27572614	0.2242047	0.27372061	0.22634855
