#M01536	Yml081w
#p.cut	M01536	OpenChromDnaseCerebellumoc	0.01	0.05	0.1	0.25	0.5	0.75	0.9	0.95	0.99	
#p.Tcut2	M01536	OpenChromDnaseCerebellumoc	11.67	13.32	14.07	15.17	16.27	17.36	18.46	19.21	20.86	
#p.Tcut2b	M01536	OpenChromDnaseCerebellumoc	11.09	12.74	13.49	14.59	15.69	16.79	17.88	18.63	20.28	
A	C	G	T
0.24019801	0.32044338	0.21142878	0.22792983
0.13943835	0.37429244	0.05083911	0.43543011
0.28469955	0.10571843	0.46549932	0.1440827
0.31028688	0.17186195	0.15656689	0.36128428
0.44623971	0.15671325	0.31781886	0.07922818
0.21310485	0.45001971	0.07486974	0.26200571
0.12432869	0.19364153	0.04858219	0.63344759
0.77764873	0.09463136	0.06861756	0.05910236
0.01939968	0.94807406	0.00652444	0.02600182
0.01296543	0.96727544	0.00447724	0.01528189
0.01088999	0.97419506	0.0042761	0.01063884
0.0281616	0.88095926	0.01314024	0.07773889
0.31502392	0.02390618	0.5281569	0.13291301
0.00219766	0.96505709	0.01084267	0.02190258
0.71349395	0.08974315	0.02424403	0.17251887
0.17016944	0.39378226	0.19778134	0.23826696
0.27304564	0.37496724	0.04830593	0.30368119
0.23512403	0.13404861	0.2439442	0.38688315
0.29404412	0.2153455	0.33303603	0.15757435
0.18939877	0.29346412	0.18182566	0.33531144
0.0710261	0.33035758	0.37576012	0.22285621
0.24019801	0.32044338	0.21142878	0.22792983
