#M01589	ERR2 (ESRRB)
#p.cut	M01589	UwDnaseCaco2	0.01	0.05	0.1	0.25	0.5	0.75	0.9	0.95	0.99	
#p.Tcut2	M01589	UwDnaseCaco2	16.91	18.56	19.3	20.4	21.5	22.6	23.7	24.45	26.1	
#p.Tcut2b	M01589	UwDnaseCaco2	17.53	19.18	19.92	21.02	22.12	23.22	24.32	25.07	26.72	
A	C	G	T
0.23727926	0.28120323	0.30537264	0.17614487
0.42379777	0.20696507	0.26411251	0.10512464
0.24046355	0.20643321	0.41343135	0.13967189
0.22177284	0.19488679	0.47007194	0.11326843
0.17934907	0.1945115	0.40841897	0.21772046
0.21823572	0.20733563	0.31137885	0.2630498
0.31158496	0.26866108	0.26517751	0.15457645
0.340899	0.24918054	0.24642349	0.16349697
0.21229992	0.18316547	0.43263754	0.17189706
0.16681681	0.24537088	0.27234583	0.31546647
0.21621812	0.18269267	0.40987936	0.19120985
0.40505757	0.22573759	0.25266186	0.11654298
0.15470489	0.45528936	0.18201034	0.2079954
0.10572233	0.26468871	0.18619445	0.44339451
0.19366847	0.17888487	0.19228479	0.43516187
0.14456853	0.19738778	0.51429381	0.14374988
0.08642328	0.53545337	0.18054463	0.19757872
0.00754189	0.49546741	0.00365676	0.49333394
0.00795422	0.97302749	0.00760923	0.01140905
0.98805569	1e-06	0.01194231	1e-06
0.95747346	0.01142786	0.02343522	0.00766346
0.02314758	1e-06	0.97685042	1e-06
0.00795071	1e-06	0.98441646	0.00763183
1e-06	0.01163885	0.00398144	0.98437871
1e-06	0.98445845	1e-06	0.01553955
0.98071454	1e-06	0.01928346	1e-06
0.00785656	0.86344089	0.117229	0.01147355
0.22508531	0.42432045	0.31583911	0.03475513
0.01177813	0.57557059	0.32328011	0.08937117
0.38770428	0.2028695	0.25871751	0.15070871
0.12789513	0.18054003	0.55897851	0.13258633
0.23727926	0.28120323	0.30537264	0.17614487
