#M01595	STAT3
#p.cut	M01595	UwDnaseTh17	0.01	0.05	0.1	0.25	0.5	0.75	0.9	0.95	0.99	
#p.Tcut2	M01595	UwDnaseTh17	14.24	15.89	16.64	17.74	18.83	19.93	21.03	21.78	23.43	
#p.Tcut2b	M01595	UwDnaseTh17	14.18	15.83	16.58	17.68	18.78	19.87	20.97	21.72	23.37	
A	C	G	T
0.24509063	0.24719465	0.29790678	0.20980794
0.23584285	0.16316969	0.48983871	0.11114875
0.02126502	0.70650581	0.07002305	0.20220612
0.00305361	0.02093238	0.00305361	0.9729604
1e-06	0.00590802	0.16001295	0.83407803
0.00610584	0.98473433	0.00610622	0.00305361
0.00610599	0.80466326	1e-06	0.18922975
0.57421551	0.00610622	0.37146226	0.04821601
0.00609411	0.00610622	0.98779867	1e-06
0.01219198	1e-06	0.98780602	1e-06
0.99694439	1e-06	0.00305361	1e-06
0.99100549	1e-06	0.00899251	1e-06
0.35942696	0.07859628	0.54999011	0.01198665
0.21003608	0.18229285	0.29582151	0.31184955
0.06072787	0.28764992	0.64551599	0.00610622
0.43132932	0.05778201	0.47469536	0.03619331
0.29553897	0.18100837	0.48738898	0.03606368
0.24509063	0.24719465	0.29790678	0.20980794
