#M01537	DOT6
#p.cut	M01537	UwDnaseCaco2	0.01	0.05	0.1	0.25	0.5	0.75	0.9	0.95	0.99	
#p.Tcut2	M01537	UwDnaseCaco2	8.34	9.99	10.74	11.84	12.94	14.03	15.13	15.88	17.53	
#p.Tcut2b	M01537	UwDnaseCaco2	9.3	10.95	11.69	12.79	13.89	14.99	16.09	16.83	18.49	
A	C	G	T
0.16584558	0.35611144	0.25516011	0.22288287
0.24265045	0.20851131	0.21193214	0.33690609
0.08563319	0.32721355	0.35391039	0.23324287
0.10338895	0.49740361	0.22337046	0.17583699
0.11970106	0.30310194	0.23884604	0.33835096
0.12202342	0.15793165	0.45408967	0.26595525
0.05180666	0.67706677	0.14151033	0.12961624
0.43845242	0.06989726	0.10382688	0.38782344
0.01825453	0.47331738	0.43551503	0.07291306
0.00249195	0.87022312	0.11431419	0.01297073
0.00503005	0.02328615	0.0468684	0.92481539
0.00524739	0.98191675	0.00781082	0.00502504
0.93015927	0.00776116	0.04114511	0.02093445
0.00775566	0.01271575	0.03135097	0.94817763
0.00263739	0.94852039	0.00515356	0.04368867
0.04702378	0.02303253	0.82686999	0.10307369
0.11968408	0.68773346	0.16962244	0.02296002
0.1684277	0.4553931	0.1922099	0.1839693
0.08755283	0.42790011	0.07744378	0.40710327
0.11364013	0.53098023	0.16593339	0.18944625
0.0697243	0.59912462	0.12705911	0.20409197
0.141779	0.22100741	0.21244615	0.42476744
0.16584558	0.35611144	0.25516011	0.22288287
