#M01572	MIG1
#p.cut	M01572	EpiUwRmapDNaseMobilized.CD3.Primary.Cells.SRX089240	0.01	0.05	0.1	0.25	0.5	0.75	0.9	0.95	0.99	
#p.Tcut2	M01572	EpiUwRmapDNaseMobilized.CD3.Primary.Cells.SRX089240	13.2	14.85	15.59	16.69	17.79	18.89	19.99	20.74	22.39	
#p.Tcut2b	M01572	EpiUwRmapDNaseMobilized.CD3.Primary.Cells.SRX089240	10.57	12.22	12.96	14.06	15.16	16.26	17.36	18.1	19.76	
A	C	G	T
0.28362519	0.17371461	0.32693741	0.2157228
0.23187328	0.28997272	0.19323337	0.28492064
0.26186376	0.23858464	0.23254572	0.26700589
0.22157054	0.20517407	0.34602188	0.22723351
0.24830397	0.2561053	0.26185482	0.23373591
0.29940249	0.19997685	0.21629098	0.28432968
0.26586376	0.25143441	0.24369238	0.23900945
0.26576975	0.21592333	0.26688144	0.25142549
0.29467605	0.22644186	0.22198215	0.25689994
0.27857724	0.18192576	0.2616213	0.27787569
0.29468396	0.20006513	0.27159604	0.23365487
0.35788469	0.21532013	0.25026989	0.17652529
0.31789626	0.19864318	0.26183614	0.22162441
0.28968585	0.22113642	0.26161752	0.22756021
0.23803019	0.22717347	0.27824016	0.25655618
0.26644075	0.23980691	0.27935277	0.21439957
0.28480069	0.15898415	0.32881208	0.22740308
0.2907577	0.25413508	0.23876534	0.21634188
0.24451427	0.25524186	0.25175741	0.24848646
0.33974318	0.19940015	0.23326492	0.22759176
0.33523632	0.15373212	0.29521822	0.21581334
0.28421388	0.2218362	0.30113317	0.19281675
0.32516438	0.1021503	0.30671023	0.26597509
0.4938079	0.10823837	0.23882599	0.15912774
0.65306042	0.02285942	0.16447337	0.15960678
0.49572634	0.02286843	0.32345834	0.15794689
0.46496429	0.0914263	0.25020048	0.19340893
0.75005069	0.03395482	0.13639443	0.07960007
0.79421119	0.03433183	0.14893206	0.02252492
0.1484718	0.10759557	0.12531289	0.61861975
0.03417133	0.01722519	0.94286095	0.00574253
0.02274524	0.48928393	0.02264498	0.46532585
0.05655009	0.01148408	0.8928008	0.03916504
0.01692728	1e-06	0.97213522	0.0109365
0.06161796	1e-06	0.9326385	0.00574254
0.02278146	0.00569854	0.96008159	0.0114384
0.14891308	0.00574251	0.65772283	0.18762158
0.42622316	0.05647511	0.46018368	0.05711804
0.40883062	0.21099801	0.2727428	0.10742857
0.35157928	0.19279115	0.23947488	0.21615469
0.40266744	0.09092076	0.13110489	0.37530691
0.10222511	0.03411959	0.56807661	0.29557868
0.28362519	0.17371461	0.32693741	0.2157228
