#M01544	CEP3
#p.cut	M01544	UwDnaseTh17	0.01	0.05	0.1	0.25	0.5	0.75	0.9	0.95	0.99	
#p.Tcut2	M01544	UwDnaseTh17	8.36	10.01	10.76	11.85	12.95	14.05	15.15	15.9	17.55	
#p.Tcut2b	M01544	UwDnaseTh17	9.38	11.03	11.78	12.88	13.98	15.08	16.18	16.92	18.57	
A	C	G	T
0.22982456	0.2595943	0.30778509	0.20279605
0.08858326	0.13538631	0.64896173	0.1270687
0.18103854	0.18433245	0.56612405	0.06850496
0.23028069	0.45968736	0.06275401	0.24727794
0.12794529	0.28801337	0.52794041	0.05610092
0.35908234	0.16108122	0.25966003	0.22017641
0.05250039	0.70070521	0.14430317	0.10249123
0.01977998	0.41431863	0.04925543	0.51664597
0.00998003	0.05250184	0.01983271	0.91768542
0.02313345	0.9251085	0.0258893	0.02586875
0.0590916	0.1883943	0.71989813	0.03261597
0.01631465	0.01293673	0.964237	0.00651161
0.74947862	0.04944364	0.1947319	0.00634584
0.93069957	0.00332719	0.04934229	0.01663095
0.73370199	0.1020406	0.11183934	0.05241807
0.20021747	0.38852763	0.15417263	0.25708227
0.31281799	0.34780688	0.16469821	0.17467692
0.12467267	0.16774909	0.251236	0.45634224
0.20374081	0.12447595	0.52745347	0.14432977
0.42120085	0.09808761	0.31942418	0.16128735
0.14435471	0.12252764	0.65155801	0.08155965
0.22982456	0.2595943	0.30778509	0.20279605
