#M01560	Stp2
#p.cut	M01560	EpiUwRmapDNaseFetal.Muscle.Arm.SRX121236	0.01	0.05	0.1	0.25	0.5	0.75	0.9	0.95	0.99	
#p.Tcut2	M01560	EpiUwRmapDNaseFetal.Muscle.Arm.SRX121236	11.69	13.34	14.09	15.19	16.28	17.38	18.48	19.23	20.88	
#p.Tcut2b	M01560	EpiUwRmapDNaseFetal.Muscle.Arm.SRX121236	6.69	8.34	9.09	10.18	11.28	12.38	13.48	14.23	15.88	
A	C	G	T
0.13440755	0.4054362	0.33528646	0.12486979
0.07759738	0.44031161	0.23482467	0.24726635
0.19885168	0.34157666	0.36700435	0.09256731
0.24676495	0.35121047	0.32608041	0.07594416
0.13679602	0.35211547	0.32017138	0.19091713
0.09651037	0.6260307	0.12483545	0.15262347
0.19513699	0.16417046	0.59584914	0.04484341
0.02768808	0.00994907	0.95636911	0.00599373
0.0059836	0.89494309	0.01390136	0.08517195
0.00578335	0.00794229	0.98029883	0.00597552
0.00199843	0.92758336	0.0704172	1e-06
0.00589986	0.93342761	0.05490709	0.00576544
0.00986274	0.01171409	0.96884525	0.00957792
0.00783058	0.85138579	0.00591153	0.1348721
0.35676867	0.00972328	0.61589784	0.01761021
0.05085955	0.61659694	0.21013214	0.12241137
0.13493213	0.45539314	0.3396517	0.07002303
0.17631497	0.37859059	0.31804701	0.12704742
0.13324573	0.59956068	0.1717682	0.0954254
0.07214636	0.38047269	0.37156204	0.17581892
0.2149386	0.45646568	0.16048262	0.1681131
0.13440755	0.4054362	0.33528646	0.12486979
