#M01517	Sip4
#p.cut	M01517	EpiUwRmapDNaseMobilized.CD3.Primary.Cells.SRX089240	0.01	0.05	0.1	0.25	0.5	0.75	0.9	0.95	0.99	
#p.Tcut2	M01517	EpiUwRmapDNaseMobilized.CD3.Primary.Cells.SRX089240	9.78	11.43	12.17	13.27	14.37	15.47	16.57	17.32	18.97	
#p.Tcut2b	M01517	EpiUwRmapDNaseMobilized.CD3.Primary.Cells.SRX089240	10.34	11.99	12.74	13.84	14.94	16.03	17.13	17.88	19.53	
A	C	G	T
0.21105217	0.31759505	0.24328028	0.2280725
0.02675459	0.55722964	0.11695779	0.29905798
0.16480331	0.41827379	0.28238827	0.13453463
0.20986842	0.41722798	0.22773314	0.14517045
0.09521062	0.49426677	0.10615355	0.30436906
0.33213391	0.29362659	0.09551826	0.27872123
0.19305201	0.25248257	0.10891863	0.44554678
0.02637838	0.265373	0.01337765	0.69487098
1e-06	0.05046139	0.0080271	0.94151052
0.00535173	0.97592114	1e-06	0.01872613
0.0080271	0.94944853	0.00267637	0.03984801
0.06326623	0.01599679	0.90759464	0.01314234
0.01324999	0.01049486	0.97091547	0.00533967
0.95217248	0.00802702	0.0397995	1e-06
0.76070072	0.01592534	0.1833789	0.03999504
0.47153959	0.07950181	0.28718091	0.16177769
0.19055135	0.35663668	0.2725626	0.18024937
0.21514602	0.37922036	0.0716698	0.33396382
0.16963056	0.3738492	0.11466604	0.3418542
0.12664351	0.3748796	0.20184092	0.29663597
0.10341381	0.5395158	0.19095953	0.16611086
0.21105217	0.31759505	0.24328028	0.2280725
