#M01503	UME6
#p.cut	M01503	EpiUwRmapDNaseMobilized.CD3.Primary.Cells.SRX089240	0.01	0.05	0.1	0.25	0.5	0.75	0.9	0.95	0.99	
#p.Tcut2	M01503	EpiUwRmapDNaseMobilized.CD3.Primary.Cells.SRX089240	7.88	9.54	10.28	11.38	12.48	13.58	14.68	15.42	17.07	
#p.Tcut2b	M01503	EpiUwRmapDNaseMobilized.CD3.Primary.Cells.SRX089240	8.69	10.34	11.08	12.18	13.28	14.38	15.48	16.22	17.88	
A	C	G	T
0.23135266	0.26183575	0.27289855	0.23391304
0.18274613	0.41164599	0.15366645	0.25194143
0.16238025	0.15674482	0.1626755	0.51819943
0.1624588	0.24405093	0.25225577	0.3412345
0.21725449	0.2977501	0.17402132	0.31097409
0.28161587	0.09838403	0.04078128	0.57921882
0.1308282	0.32766366	0.30727707	0.23423106
0.25008138	0.0929074	0.64533125	0.01167997
0.00292447	0.00584799	0.98260483	0.00862271
0.02292172	0.93134004	0.01434381	0.03139443
0.08340183	0.02590245	0.86454618	0.02614954
0.01437736	0.08152326	0.90409838	1e-06
1e-06	0.76318945	0.08159353	0.15521602
0.40043436	0.00877149	0.01436939	0.57642477
0.86668643	0.03484756	0.05810076	0.04036525
0.30182967	0.20274468	0.11342256	0.3820031
0.30809437	0.18261911	0.0959486	0.41333792
0.15668998	0.10211779	0.20850303	0.5326892
0.21131195	0.38637029	0.22882092	0.17349684
0.29235234	0.22950832	0.25260448	0.22553486
0.49573797	0.1974488	0.12693018	0.17988305
0.23135266	0.26183575	0.27289855	0.23391304
