#M01576	Lys14
#p.cut	M01576	EpiUwRmapDNaseMobilized.CD3.Primary.Cells.SRX089240	0.01	0.05	0.1	0.25	0.5	0.75	0.9	0.95	0.99	
#p.Tcut2	M01576	EpiUwRmapDNaseMobilized.CD3.Primary.Cells.SRX089240	10.04	11.69	12.44	13.53	14.63	15.73	16.83	17.58	19.23	
#p.Tcut2b	M01576	EpiUwRmapDNaseMobilized.CD3.Primary.Cells.SRX089240	9.4	11.05	11.8	12.9	14	15.1	16.19	16.94	18.59	
A	C	G	T
0.25030303	0.26121212	0.22265152	0.26583333
0.09074762	0.3595208	0.24170329	0.30802829
0.27656988	0.41380268	0.12345167	0.18617577
0.34994123	0.22274992	0.22345312	0.20385573
0.79964669	0.00900957	0.07755095	0.1137928
0.95867779	0.00918306	0.00914903	0.02299012
0.88195245	0.02243298	0.03622313	0.05939144
0.01379447	0.02725927	0.01362274	0.94532352
0.00919665	0.08240969	0.00459882	0.90379484
0.01377843	0.97269769	1e-06	0.01352287
1e-06	0.87279079	0.02257333	0.10463488
0.05865653	0.03151755	0.87358922	0.0362367
0.04022388	0.21370061	0.38773048	0.35834503
0.21734777	0.09585498	0.4144497	0.27234754
0.19471628	0.31821389	0.22341139	0.26365844
0.14009218	0.19990152	0.35019847	0.30980784
0.2115908	0.30598891	0.18286111	0.29955918
0.19025647	0.27835838	0.10940739	0.42197777
0.25030303	0.26121212	0.22265152	0.26583333
