#M01530	Ygr067c
#p.cut	M01530	OpenChromDnaseHsmmemb	0.01	0.05	0.1	0.25	0.5	0.75	0.9	0.95	0.99	
#p.Tcut2	M01530	OpenChromDnaseHsmmemb	13.48	15.13	15.88	16.98	18.08	19.18	20.27	21.02	22.67	
#p.Tcut2b	M01530	OpenChromDnaseHsmmemb	10.47	12.13	12.87	13.97	15.07	16.17	17.27	18.01	19.66	
A	C	G	T
0.2155914	0.2143507	0.39995864	0.17009926
0.10446198	0.09681378	0.50537169	0.29335255
0.14778334	0.06731206	0.73525874	0.04964586
0.07696912	0.271757	0.6191733	0.03210058
0.70036764	0.03792919	0.22266046	0.03904272
0.09917529	0.18406727	0.66956003	0.04719741
0.07113074	0.13240027	0.32754538	0.46892361
0.00759239	0.00253146	0.97747906	0.01239709
0.1883411	0.59987427	0.02921739	0.18256725
0.05924271	0.01245726	0.90372898	0.02457106
0.00733497	0.00253146	0.9876021	0.00253146
0.01729295	0.00484805	0.9729459	0.0049131
0.01487659	0.00995905	0.9677869	0.00737746
0.10489891	0.15247153	0.23146119	0.51116837
0.75162688	0.03209816	0.14404122	0.07223375
0.27535002	0.35939355	0.28662947	0.07862695
0.1750248	0.08463366	0.37690061	0.36344093
0.1936131	0.06686608	0.6379256	0.10159522
0.2652827	0.27083598	0.27595372	0.1879276
0.68741657	0.02953223	0.22571625	0.05733496
0.43788096	0.15901424	0.3290395	0.0740653
0.2155914	0.2143507	0.39995864	0.17009926
