#M01526	Yox1
#p.cut	M01526	UwDnaseAg09319	0.01	0.05	0.1	0.25	0.5	0.75	0.9	0.95	0.99	
#p.Tcut2	M01526	UwDnaseAg09319	17.21	18.86	19.6	20.7	21.8	22.9	24	24.75	26.4	
#p.Tcut2b	M01526	UwDnaseAg09319	8.17	9.82	10.57	11.66	12.76	13.86	14.96	15.71	17.36	
A	C	G	T
0.36717172	0.14090909	0.15707071	0.33484848
0.30014553	0.15228192	0.36509046	0.18248209
0.27408263	0.30208696	0.09138408	0.33244634
0.42390987	0.21080113	0.15227102	0.21301798
0.18268503	0.2127868	0.30443275	0.30009542
0.27154293	0.15230903	0.24138973	0.33475831
0.48460337	0.15007248	0.09120351	0.27412064
0.42379277	0.06092424	0.24342934	0.27185366
0.45433507	0.06092251	0.21099651	0.27374592
0.27392869	0.15016351	0.1195176	0.4563902
0.42405516	0.09129939	0.21111884	0.27352661
0.39592932	0.18062331	0.18044079	0.24300658
0.39384753	0.15228181	0.18229741	0.27157325
0.3045899	0.24332141	0.27401258	0.17807612
0.51499723	0.1805078	0.06092246	0.2435725
0.33456387	0.21288851	0.21111791	0.24142972
0.48450924	0.06092424	0.21111764	0.24344888
0.54378543	0.09127304	0.15227446	0.21266707
0.24350066	0.15230555	0.24334127	0.36085252
0.42416172	0.15014379	0.27390436	0.15179013
0.30209632	0.15221996	0.15229647	0.39338725
0.30215066	0.09113482	0.06092423	0.54579029
0.15016087	0.0913858	0.09113565	0.66731768
0.06092418	0.51557806	0.18058811	0.24290966
0.48708514	0.30239812	0.05884446	0.15167229
0.60626628	0.1197028	1e-06	0.27402992
0.66724712	1e-06	0.09135036	0.24140152
1e-06	0.12176177	1e-06	0.87823623
0.02831883	1e-06	1e-06	0.97167917
0.999997	1e-06	1e-06	1e-06
0.999997	1e-06	1e-06	1e-06
1e-06	1e-06	1e-06	0.999997
0.03034116	1e-06	0.03046256	0.93919528
0.96965684	1e-06	1e-06	0.03034116
0.93907381	1e-06	0.06092419	1e-06
0.5174654	0.0913413	0.03037703	0.36081626
0.24365586	0.15206193	0.15205626	0.45222594
0.60835544	0.0891206	0.0283829	0.27414106
0.54565194	0.18276893	0.0912644	0.18031473
0.09138231	0.03037068	0.36301507	0.51523194
1e-06	0.51706539	0.42204308	0.06089053
0.48693851	0.05881081	0.11933118	0.33491949
0.27199969	0.09130027	0.18239899	0.45430106
0.33427419	0.18277061	0.18069005	0.30226515
0.27154818	0.24331324	0.18056612	0.30457246
0.39302863	0.03046261	0.2131394	0.36336935
0.27372186	0.09135215	0.2107367	0.42418928
0.33451007	0.08924033	0.30423563	0.27201397
0.24325479	0.18065607	0.21306866	0.36302048
0.27384275	0.1804804	0.1827598	0.36291704
0.36505286	0.18066371	0.14991514	0.30436829
0.27414293	0.24157572	0.15230816	0.33197319
0.33495139	0.24309931	0.18042992	0.24151938
0.42581705	0.18033831	0.09137501	0.30246963
0.33481514	0.08924201	0.09130027	0.48464258
0.48444339	0.15222351	0.12182025	0.24151284
0.15209565	0.11941982	0.27167741	0.45680712
0.27164902	0.14997834	0.30431455	0.2740581
0.27147695	0.2436894	0.24147722	0.24335643
0.36717172	0.14090909	0.15707071	0.33484848
