#M01539	Ypr013c
#p.cut	M01539	UwDnaseH7esDiffa9d	0.01	0.05	0.1	0.25	0.5	0.75	0.9	0.95	0.99	
#p.Tcut2	M01539	UwDnaseH7esDiffa9d	16.97	18.62	19.37	20.46	21.56	22.66	23.76	24.51	26.16	
#p.Tcut2b	M01539	UwDnaseH7esDiffa9d	12.26	13.91	14.65	15.75	16.85	17.95	19.05	19.8	21.45	
A	C	G	T
0.31354167	0.21336806	0.1875	0.28559028
0.23789848	0.07414897	0.33407939	0.35387316
0.22886462	0.22942624	0.24143261	0.30027653
0.19942736	0.24019948	0.26816081	0.29221235
0.28909009	0.22827762	0.20941207	0.27322021
0.23085734	0.34339034	0.13445646	0.29129586
0.31329863	0.2382185	0.17854379	0.26993908
0.28135707	0.19674997	0.20015301	0.32173995
0.24943173	0.24043081	0.26069616	0.24944129
0.30312013	0.23172343	0.16698795	0.2981685
0.32492495	0.15569705	0.25938583	0.25999216
0.26086138	0.09485613	0.25189917	0.39238331
0.27148665	0.14597777	0.19873316	0.38380242
0.45367297	0.09381303	0.25144463	0.20106937
0.69789958	0.05183979	0.15783518	0.09242544
0.60352275	0.23024113	0.10373959	0.06249653
0.01066303	0.17786526	0.01065839	0.80081331
0.0615183	1e-06	0.927819	0.0106617
1e-06	0.01066139	0.01065839	0.97867922
0.96890868	0.01066321	0.02042711	1e-06
0.88365171	1e-06	0.11634629	1e-06
0.98953816	1e-06	0.01045984	1e-06
1e-06	0.02132541	1e-06	0.97867259
0.00974462	0.94850918	0.02132541	0.02042078
0.75823776	0.1997102	0.01065621	0.03139583
0.12529159	0.60644308	0.06141578	0.20684954
0.41524749	0.05156115	0.02047643	0.51271493
0.24910677	0.10261969	0.08388745	0.56438609
0.19623384	0.34407466	0.09500482	0.36468668
0.29100459	0.23842077	0.0942428	0.37633184
0.20772675	0.15720936	0.23167739	0.40338649
0.18884736	0.29109773	0.2067357	0.31331922
0.30224548	0.22744165	0.14593399	0.32437888
0.39660253	0.24844252	0.1466425	0.20831245
0.33519319	0.17500086	0.17903832	0.31076763
0.199092	0.25866801	0.24127363	0.30096636
0.27974651	0.13552791	0.26193697	0.32278861
0.25111529	0.30039392	0.24934495	0.19914584
0.25872909	0.30101445	0.17712319	0.26313328
0.25975337	0.21936284	0.20933699	0.31154679
0.27121777	0.20869397	0.25192524	0.26816301
0.25995096	0.23005685	0.20999352	0.29999868
0.26939927	0.18709064	0.25175478	0.29175531
0.28927052	0.30310568	0.21115229	0.19647151
0.3188071	0.27524676	0.15587768	0.25006846
0.27308351	0.29985619	0.16494621	0.26211409
0.30245879	0.21970834	0.21648635	0.26134652
0.39491969	0.16596853	0.30293835	0.13617343
0.31354167	0.21336806	0.1875	0.28559028
