#M01581	AGL15
#p.cut	M01581	EpiUwRmapDNaseH1.BMP4.Derived.Trophoblast.Cultured.Cells.SRX121240	0.01	0.05	0.1	0.25	0.5	0.75	0.9	0.95	0.99	
#p.Tcut2	M01581	EpiUwRmapDNaseH1.BMP4.Derived.Trophoblast.Cultured.Cells.SRX121240	17.84	19.49	20.24	21.34	22.44	23.54	24.64	25.38	27.03	
#p.Tcut2b	M01581	EpiUwRmapDNaseH1.BMP4.Derived.Trophoblast.Cultured.Cells.SRX121240	12.54	14.19	14.94	16.03	17.13	18.23	19.33	20.08	21.73	
A	C	G	T
0.3954767	0.19580157	0.20717231	0.20154942
0.23253676	0.24547707	0.18368289	0.33830328
0.27764347	0.18534366	0.23176156	0.30525131
0.30963855	0.1920775	0.23309536	0.26518859
0.33679788	0.20565253	0.23185856	0.22569103
0.31837516	0.23200756	0.21141773	0.23819956
0.32417059	0.17955962	0.23801316	0.25825663
0.28951242	0.27298391	0.19856004	0.23894363
0.303854	0.19221552	0.18550436	0.31842612
0.27742591	0.25768069	0.2120836	0.25280981
0.28191418	0.28650117	0.18017486	0.25140979
0.26928121	0.26707787	0.22664249	0.23699842
0.27165477	0.30001379	0.17057548	0.25775595
0.41831916	0.1517242	0.21888736	0.21106928
0.35803824	0.13856671	0.21243329	0.29096176
0.35719407	0.1933921	0.17910147	0.27031235
0.24569851	0.21820618	0.2316829	0.30441241
0.13132859	0.86866941	1e-06	1e-06
0.01299132	0.96061061	1e-06	0.02639707
0.94670905	0.03313754	0.02015241	1e-06
0.96088052	0.01324672	0.02587177	1e-06
0.99368316	1e-06	0.00631484	1e-06
0.8471419	0.01333131	0.03285854	0.10666826
0.76781066	0.0064242	0.15324208	0.07252306
0.45843785	0.01318479	0.31714196	0.21123539
0.2718821	0.01287674	0.69582314	0.01941802
0.03362608	1e-06	0.96637192	1e-06
0.95399952	0.00629347	1e-06	0.03970601
0.98038087	0.00615274	0.01346539	1e-06
0.95360018	0.01324676	0.02655415	0.00659891
0.34962056	0.22574107	0.26556887	0.1590695
0.41595811	0.15164404	0.24681478	0.18558307
0.35145695	0.17264899	0.27207519	0.20381888
0.3909744	0.21217621	0.2195601	0.17728929
0.35936857	0.16439856	0.23829838	0.23793449
0.41757388	0.12643342	0.21123789	0.24475482
0.29896037	0.20450628	0.21826652	0.27826682
0.36476118	0.19181983	0.15947299	0.28394601
0.25200782	0.23689297	0.21208661	0.2990126
0.28488767	0.25815934	0.24472735	0.21222564
0.35834267	0.18515539	0.20664582	0.24985613
0.29690395	0.2002165	0.25049954	0.25238001
0.29844944	0.25120008	0.21074128	0.2396092
0.37618334	0.1455649	0.27225616	0.2059956
0.30540044	0.17251663	0.25195499	0.27012794
0.29200265	0.19976299	0.2114351	0.29679926
0.26460624	0.16584462	0.27764664	0.2919025
0.21693126	0.23202848	0.23918822	0.31185203
0.3954767	0.19580157	0.20717231	0.20154942
