#M01500	Asg1
#p.cut	M01500	EpiUwRmapDNaseFetal.Muscle.Arm.SRX121244	0.01	0.05	0.1	0.25	0.5	0.75	0.9	0.95	0.99	
#p.Tcut2	M01500	EpiUwRmapDNaseFetal.Muscle.Arm.SRX121244	15.36	17.01	17.76	18.86	19.96	21.06	22.15	22.9	24.55	
#p.Tcut2b	M01500	EpiUwRmapDNaseFetal.Muscle.Arm.SRX121244	6.95	8.6	9.34	10.44	11.54	12.64	13.74	14.49	16.14	
A	C	G	T
0.12398241	0.35868566	0.37516413	0.1421678
0.08793956	0.53409351	0.11034485	0.26762208
0.01652473	0.90995193	0.02764464	0.04587871
0.02390492	0.83831958	0.1064931	0.0312824
0.02566296	0.1317521	0.81122487	0.03136007
0.04361855	0.09193464	0.84024902	0.02419779
0.08804928	0.48880688	0.38993671	0.03320713
0.20881188	0.60742676	0.08278919	0.10097217
0.03482961	0.07526078	0.76143306	0.12847655
0.28400942	0.0942072	0.47454623	0.14723715
0.03666732	0.08635475	0.77912516	0.09785277
0.29919479	0.13599424	0.14118304	0.42362793
0.04431569	0.53161115	0.18355049	0.24052268
0.01288955	0.86508375	0.08522257	0.03680413
0.02395121	0.83879492	0.1113764	0.02587747
0.02547914	0.07503399	0.86106584	0.03842102
0.03669621	0.02946225	0.92270058	0.01114097
0.12398241	0.35868566	0.37516413	0.1421678
