#M01510	MCM1
#p.cut	M01510	UwDnaseTh1	0.01	0.05	0.1	0.25	0.5	0.75	0.9	0.95	0.99	
#p.Tcut2	M01510	UwDnaseTh1	19.13	20.78	21.52	22.62	23.72	24.82	25.92	26.67	28.32	
#p.Tcut2b	M01510	UwDnaseTh1	14.47	16.12	16.87	17.97	19.07	20.16	21.26	22.01	23.66	
A	C	G	T
0.30558333	0.18608333	0.17966667	0.32866667
0.2165785	0.06548883	0.01980217	0.6981305
0.06424654	0.26027785	0.31652583	0.35894978
0.07534369	0.10480709	0.01464338	0.80520584
0.00514972	0.02547731	0.03048894	0.93888402
0.05011369	0.00517536	0.05372578	0.89098517
0.06478767	0.90123754	1e-06	0.03397379
0.00505235	0.82026242	1e-06	0.17468424
0.12802314	0.46939527	0.06067832	0.34190326
0.81308269	0.00517556	0.09050351	0.09123824
0.72809763	1e-06	0.0101121	0.26178927
0.25140868	0.02014893	1e-06	0.72844139
0.15412885	0.1006928	0.05588331	0.68929504
0.33042152	0.21649543	0.27312155	0.1799615
0.22408158	0.01035008	0.7608427	0.00472563
0.02975762	0.00477906	0.90579575	0.05966757
0.92961754	0.01544344	0.0449854	0.00995363
0.80059393	0.13385721	0.0205628	0.04498606
0.80050768	0.00995363	0.11987577	0.06966292
0.11883506	0.23799781	0.04606193	0.5971052
0.30558333	0.18608333	0.17966667	0.32866667
