#M01523	Phd1
#p.cut	M01523	EpiUwRmapDNaseFetal.Intestine.Small.SRX055168	0.01	0.05	0.1	0.25	0.5	0.75	0.9	0.95	0.99	
#p.Tcut2	M01523	EpiUwRmapDNaseFetal.Intestine.Small.SRX055168	11.48	13.13	13.87	14.97	16.07	17.17	18.27	19.02	20.67	
#p.Tcut2b	M01523	EpiUwRmapDNaseFetal.Intestine.Small.SRX055168	11.58	13.23	13.98	15.08	16.18	17.27	18.37	19.12	20.77	
A	C	G	T
0.26169532	0.23840464	0.30557777	0.19432227
0.46771195	0.05556032	0.42861029	0.04811744
0.29337564	0.06153576	0.55953914	0.08554946
0.12114674	0.09793939	0.64663387	0.13428
0.17014502	0.11610299	0.53616881	0.17758318
0.65914343	0.09135731	0.14558765	0.10391161
0.30408616	0.1643602	0.47666943	0.05488421
0.01231946	0.82319121	0.14609441	0.01839492
0.5657618	0.3305886	0.05444939	0.04920021
1e-06	0.0303752	0.0123518	0.95727201
0.03047974	0.00617639	0.94494688	0.01839699
0.01154426	0.95794565	0.0181583	0.01235179
0.96310724	0.0061764	0.03071536	1e-06
0.01810994	0.01844492	0.328336	0.63510914
0.20800355	0.6772184	0.10885268	0.00592536
0.78704315	0.03647085	0.01840704	0.15807896
0.33657494	0.23741013	0.32885806	0.09715687
0.23853045	0.19010363	0.51059763	0.06076829
0.20142283	0.2070131	0.55490233	0.03666174
0.42699359	0.2440704	0.08574376	0.24319226
0.30026197	0.12246172	0.40747664	0.16979966
0.08542535	0.05551014	0.79199561	0.0670689
0.26169532	0.23840464	0.30557777	0.19432227
