#M01515	Ndt80
#p.cut	M01515	UwDnaseTh1	0.01	0.05	0.1	0.25	0.5	0.75	0.9	0.95	0.99	
#p.Tcut2	M01515	UwDnaseTh1	16.61	18.26	19.01	20.11	21.21	22.3	23.4	24.15	25.8	
#p.Tcut2b	M01515	UwDnaseTh1	13.18	14.83	15.58	16.68	17.78	18.87	19.97	20.72	22.37	
A	C	G	T
0.34965952	0.24721311	0.18179067	0.2213367
0.31210784	0.22947931	0.07014018	0.38827266
0.20995089	0.2851351	0.09465346	0.41026054
0.12602078	0.25322621	0.08985997	0.53089303
0.23033856	0.44152428	0.10268537	0.22545179
0.29832175	0.34994298	0.12877633	0.22295893
0.16024184	0.03773583	0.44300201	0.35902032
0.18090015	0.00915735	0.7478441	0.0620984
0.41168083	0.54849948	0.02424764	0.01557206
0.01575461	0.95647228	0.002981	0.02479211
0.96598225	0.01239771	0.01557311	0.00604693
0.00861259	0.96744545	1e-06	0.02394096
0.96330413	0.01270246	0.02093639	0.00305701
0.96963294	0.01480367	0.00952649	0.0060369
0.98508501	0.00574206	0.00317639	0.00599654
0.8027715	0.00891746	0.17969845	0.00861259
0.57856021	0.1794766	0.07746265	0.16450053
0.11594105	0.66370223	0.0715388	0.14881792
0.23391473	0.37879716	0.24987002	0.1374181
0.46276374	0.29977721	0.16467488	0.07278417
0.50698812	0.2233421	0.11015508	0.15951471
0.61047112	0.13929124	0.13958116	0.11065647
0.34965952	0.24721311	0.18179067	0.2213367
