#M01565	Ypr196w
#p.cut	M01565	UwDnaseCaco2	0.01	0.05	0.1	0.25	0.5	0.75	0.9	0.95	0.99	
#p.Tcut2	M01565	UwDnaseCaco2	12.97	14.63	15.37	16.47	17.57	18.67	19.77	20.51	22.16	
#p.Tcut2b	M01565	UwDnaseCaco2	9.1	10.75	11.5	12.6	13.7	14.8	15.9	16.64	18.29	
A	C	G	T
0.26660183	0.21658794	0.19922201	0.31758822
0.66271219	0.08351521	0.09168957	0.16208304
0.40665024	0.13523236	0.11895847	0.33915893
0.26987413	0.29679816	0.17856292	0.25476478
0.11802062	0.05898633	0.07671914	0.74627391
0.10934903	0.33159362	0.17809939	0.38095795
0.44955179	0.07606377	0.11021273	0.36417172
0.8718277	0.01643467	0.04277421	0.06896342
0.23734748	0.00841926	0.008648	0.74558525
0.02507958	0.008648	1e-06	0.96627143
1e-06	0.03430995	1e-06	0.96568805
0.08642289	0.5337463	1e-06	0.37982981
0.09289037	0.34693909	1e-06	0.56016954
1e-06	0.96593368	0.01687145	0.01719387
0.05060945	0.88353924	0.00864448	0.05720683
0.13568409	0.07455536	0.67115201	0.11860854
0.54088893	0.11113456	0.30612123	0.04185527
0.39649044	0.10232384	0.2545081	0.24667762
0.23667339	0.14518574	0.34773414	0.27040672
0.55268846	0.05897164	0.03331578	0.35502413
0.27926739	0.18598924	0.1622553	0.37248807
0.09384125	0.18790813	0.12709997	0.59115065
0.26660183	0.21658794	0.19922201	0.31758822
