#M01561	GAL4
#p.cut	M01561	UwDnaseH7esDiffa2d	0.01	0.05	0.1	0.25	0.5	0.75	0.9	0.95	0.99	
#p.Tcut2	M01561	UwDnaseH7esDiffa2d	16.45	18.1	18.85	19.95	21.05	22.14	23.24	23.99	25.64	
#p.Tcut2b	M01561	UwDnaseH7esDiffa2d	7.47	9.12	9.87	10.97	12.07	13.17	14.26	15.01	16.66	
A	C	G	T
0.12806026	0.33857502	0.40511613	0.12824859
0.0055525	0.69580717	0.0239064	0.27473392
0.01115282	0.93513524	0.02041154	0.03330041
0.02567221	0.03712759	0.91871632	0.01848388
0.00745001	0.01093643	0.98161256	1e-06
0.01846251	0.01122361	0.97031288	1e-06
0.20960018	0.3322897	0.31878751	0.13932261
0.16494224	0.33841517	0.34300061	0.15364199
0.13895206	0.33320787	0.37678758	0.1510525
0.12006375	0.35918944	0.36281672	0.15793009
0.1260391	0.32472139	0.39210523	0.15713428
0.15928028	0.31989384	0.39847701	0.12234887
0.15014131	0.28674487	0.44316265	0.11995116
0.13968237	0.27570627	0.4379302	0.14668115
0.16322949	0.31948255	0.35764879	0.15963917
0.13650829	0.20350617	0.4724108	0.18757474
0.01113267	0.97235884	0.01105172	0.00545677
0.02376707	0.91923541	0.034828	0.02216952
0.02730361	0.03120852	0.93585927	0.00562859
0.2458229	0.02027989	0.72098268	0.01291452
0.12806026	0.33857502	0.40511613	0.12824859
