#M01573	RAP1
#p.cut	M01573	UwDnaseHmvecdad	0.01	0.05	0.1	0.25	0.5	0.75	0.9	0.95	0.99	
#p.Tcut2	M01573	UwDnaseHmvecdad	11.4	13.05	13.8	14.9	16	17.09	18.19	18.94	20.59	
#p.Tcut2b	M01573	UwDnaseHmvecdad	10.17	11.82	12.56	13.66	14.76	15.86	16.96	17.71	19.36	
A	C	G	T
0.20909864	0.20986395	0.3577381	0.22329932
0.11637752	0.1213517	0.51184967	0.25042112
0.14894304	0.16756805	0.54697472	0.13651418
0.14228687	0.20851431	0.3126526	0.33654622
0.06629857	0.33216848	0.3116112	0.28992174
0.41767896	0.06105727	0.38756624	0.13369753
0.0403893	0.01545368	0.73519341	0.20896361
0.01018826	0.02552069	0.94400245	0.0202886
0.05150058	0.01034391	0.93298305	0.00517246
0.01009945	0.01003409	0.05136344	0.92850302
0.04614478	0.01032712	0.92806417	0.01546392
0.00517246	0.29008124	0.00989338	0.69485292
0.86684616	0.00495842	0.09245272	0.0357427
0.07670647	0.73576033	0.08630962	0.10122358
0.17900084	0.07723086	0.60152635	0.14224195
0.06131964	0.04615992	0.83125288	0.06126756
0.31686989	0.09205829	0.50988114	0.08119068
0.22974464	0.08128084	0.16723556	0.52173896
0.3221213	0.19821976	0.29656365	0.1830953
0.14431573	0.16266049	0.26506982	0.42795396
0.20909864	0.20986395	0.3577381	0.22329932
