#M01598	ZBED6
#p.cut	M01598	OpenChromDnaseGm10248	0.01	0.05	0.1	0.25	0.5	0.75	0.9	0.95	0.99	
#p.Tcut2	M01598	OpenChromDnaseGm10248	15.33	16.98	17.73	18.83	19.93	21.03	22.12	22.87	24.52	
#p.Tcut2b	M01598	OpenChromDnaseGm10248	12.75	14.4	15.15	16.24	17.34	18.44	19.54	20.29	21.94	
A	C	G	T
0.15987199	0.33199746	0.2993311	0.20879945
0.01804185	0.73233965	0.19127507	0.05834342
0.63452986	0.02120369	0.33833788	0.00592857
0.10973783	0.00610134	0.87238416	0.01177667
0.01328026	0.01807037	0.96420945	0.00443992
0.00447684	0.98061398	0.00890261	0.00600657
0.01045032	0.01056699	0.00457626	0.97440644
0.00152609	0.81973935	0.14303911	0.03569545
0.05937055	0.01484765	0.71391691	0.21186489
0.00287217	0.97620321	0.01208684	0.00883778
0.01340495	0.79833225	0.0120683	0.1761945
0.0390687	0.17785564	0.20825395	0.57482171
0.01655793	0.32715955	0.5796158	0.07666672
0.15987199	0.33199746	0.2993311	0.20879945
