#M01551	Rsc3
#p.cut	M01551	EpiUwRmapDNaseFetal.Stomach.SRX055162	0.01	0.05	0.1	0.25	0.5	0.75	0.9	0.95	0.99	
#p.Tcut2	M01551	EpiUwRmapDNaseFetal.Stomach.SRX055162	14.68	16.33	17.08	18.18	19.28	20.38	21.48	22.22	23.87	
#p.Tcut2b	M01551	EpiUwRmapDNaseFetal.Stomach.SRX055162	7.11	8.76	9.51	10.61	11.71	12.81	13.9	14.65	16.3	
A	C	G	T
0.14604419	0.36486101	0.33734854	0.15174626
0.13993458	0.59974207	0.05155032	0.20877302
0.32061146	0.26939792	0.1911875	0.21880312
0.25289551	0.08679959	0.32492185	0.33538305
0.2747687	0.58597136	0.08709119	0.05216876
0.29211971	0.38353325	0.21202273	0.11232432
0.11788661	0.20829412	0.54646385	0.12735541
0.37868703	0.2823596	0.2868071	0.05214628
0.13921919	0.31289459	0.50924469	0.03864152
0.04302649	0.76913308	0.13962375	0.04821668
0.02571001	0.03929085	0.91738962	0.01760952
0.00882344	0.96998548	0.01688504	0.00430604
0.00876548	0.02155013	0.96968339	1e-06
0.0044107	0.97804901	0.00874767	0.00879262
0.01725115	0.01323458	0.96951327	1e-06
0.03493469	0.83485112	0.10850774	0.02170645
0.04407966	0.22450745	0.35696468	0.37444821
0.13060025	0.54264757	0.21819114	0.10856104
0.19707536	0.33038481	0.23378855	0.23875127
0.1085709	0.29110496	0.36487371	0.23545044
0.06996397	0.12525771	0.3555704	0.44920791
0.14604419	0.36486101	0.33734854	0.15174626
