#M01583	GL1
#p.cut	M01583	EpiUwRmapDNaseMobilized.CD3.Primary.Cells.SRX089240	0.01	0.05	0.1	0.25	0.5	0.75	0.9	0.95	0.99	
#p.Tcut2	M01583	EpiUwRmapDNaseMobilized.CD3.Primary.Cells.SRX089240	10.73	12.38	13.13	14.22	15.32	16.42	17.52	18.27	19.92	
#p.Tcut2b	M01583	EpiUwRmapDNaseMobilized.CD3.Primary.Cells.SRX089240	10.74	12.39	13.14	14.24	15.34	16.44	17.54	18.28	19.93	
A	C	G	T
0.23691116	0.22554042	0.33275022	0.2047982
0.11343465	0.43738283	0.06718115	0.38200138
0.03358688	0.35546762	0.57744182	0.03350367
0.91403258	0.01318219	0.03297912	0.03980611
0.0060974	0.02015793	0.97374367	1e-06
0.02015204	0.00672002	0.96022714	0.01290079
0.07334277	0.10038544	0.04002467	0.78624712
0.07922369	0.85372143	0.03355061	0.03350428
0.19668141	0.03289521	0.72523356	0.04518982
0.95343565	0.01996737	0.01987696	0.00672002
0.04614883	0.00671932	0.9276431	0.01948874
0.09963545	0.02015806	0.11977526	0.76043122
0.10619703	0.04013586	0.83408674	0.01958038
0.47723365	0.27835269	0.22493193	0.01948174
0.23691116	0.22554042	0.33275022	0.2047982
