#M01538	Aro80
#p.cut	M01538	EpiUwRmapDNaseMobilized.CD3.Primary.Cells.SRX089240	0.01	0.05	0.1	0.25	0.5	0.75	0.9	0.95	0.99	
#p.Tcut2	M01538	EpiUwRmapDNaseMobilized.CD3.Primary.Cells.SRX089240	9.36	11.01	11.76	12.85	13.95	15.05	16.15	16.9	18.55	
#p.Tcut2b	M01538	EpiUwRmapDNaseMobilized.CD3.Primary.Cells.SRX089240	9.49	11.14	11.88	12.98	14.08	15.18	16.28	17.02	18.68	
A	C	G	T
0.24494853	0.23757784	0.27716355	0.24031008
0.0770408	0.0974597	0.63937641	0.18612309
0.34122481	0.16313492	0.32232538	0.17331489
0.11658625	0.18991925	0.41062296	0.28287154
0.45667906	0.21406426	0.24435611	0.08490057
0.39552283	0.20473939	0.27975999	0.11997779
0.28932492	0.17512373	0.09755207	0.43799928
0.03475136	0.09681706	0.34553875	0.52289282
0.00379423	0.90746567	0.00391696	0.08482313
1e-06	0.1710223	0.01171775	0.81725895
0.01514981	0.90006844	0.0114782	0.07330356
0.07682211	0.01926042	0.87302093	0.03089655
0.01548697	0.00783283	0.96921407	0.00746612
0.00765521	0.2979663	0.38481804	0.30956045
0.82297898	0.00752793	0.03491039	0.1345827
0.8222389	0.01566483	0.07310775	0.08898852
0.10458208	0.18596702	0.47620977	0.23324113
0.30628501	0.08194596	0.15161256	0.46015647
0.34798911	0.2056569	0.23690487	0.20944912
0.27077879	0.19013839	0.14377955	0.39530327
0.24494853	0.23757784	0.27716355	0.24031008
