#M01571	Rds2
#p.cut	M01571	EpiUwRmapDNaseMobilized.CD3.Primary.Cells.SRX089240	0.01	0.05	0.1	0.25	0.5	0.75	0.9	0.95	0.99	
#p.Tcut2	M01571	EpiUwRmapDNaseMobilized.CD3.Primary.Cells.SRX089240	10.33	11.98	12.73	13.83	14.93	16.03	17.13	17.87	19.52	
#p.Tcut2b	M01571	EpiUwRmapDNaseMobilized.CD3.Primary.Cells.SRX089240	9.57	11.22	11.97	13.07	14.17	15.26	16.36	17.11	18.76	
A	C	G	T
0.29541653	0.24108397	0.25259284	0.21090666
0.24877493	0.11016888	0.54297093	0.09808526
0.76387456	0.02434262	0.17545254	0.03633028
0.92651384	0.00413288	0.04480759	0.0245457
0.95528002	0.00814277	0.01208049	0.02449672
0.69414712	0.06143124	0.03250729	0.21191434
0.01652621	0.64469814	0.02057543	0.31820022
0.00377965	0.98408929	0.00386652	0.00826454
0.0199534	0.89090387	0.02892415	0.06021859
0.07668095	0.03242713	0.87876775	0.01212417
0.9436411	0.01215423	0.02812633	0.01607833
0.20839153	0.12724093	0.54249306	0.12187449
0.35520791	0.12767953	0.3711643	0.14594826
0.26135424	0.2566585	0.29783041	0.18415685
0.33838723	0.2898351	0.15582299	0.21595468
0.17095881	0.26803657	0.28332575	0.27767887
0.1588975	0.18831607	0.19603762	0.4567488
0.29541653	0.24108397	0.25259284	0.21090666
