#M01652	p53
#p.cut	M01652	UwDnaseSaec	0.01	0.05	0.1	0.25	0.5	0.75	0.9	0.95	0.99	
#p.Tcut2	M01652	UwDnaseSaec	12.54	14.19	14.94	16.04	17.14	18.24	19.33	20.08	21.73	
#p.Tcut2b	M01652	UwDnaseSaec	12.37	14.02	14.77	15.87	16.97	18.07	19.16	19.91	21.56	
A	C	G	T
0.23160875	0.25259974	0.25936937	0.25642214
0.31705441	0.01086369	0.55040808	0.12167381
0.24875347	0.04647636	0.67928424	0.02548593
0.39541172	0.07574468	0.44801647	0.08082713
0.00077938	0.9907509	0.00077938	0.00769034
0.66872419	0.11047535	0.00923552	0.21156494
0.33533541	0.00304904	0.08956506	0.5720505
0.00077938	1e-06	0.99921862	1e-06
0.05550497	0.5542931	0.03453976	0.35566217
0.04732795	0.8479237	0.01548972	0.08925862
0.0478116	0.32910117	0.02947996	0.59360728
0.23954897	0.11137137	0.54587638	0.10320327
0.29906129	0.02542904	0.66856783	0.00694185
0.38014529	0.02613347	0.58448116	0.00924008
0.00151385	0.9884371	0.00077938	0.00926968
0.44849962	0.13431333	0.02472477	0.39246228
0.19236396	0.02685175	0.04781557	0.73296872
0.00841592	0.00155764	0.98614365	0.00388279
0.02000001	0.41977298	0.00309723	0.55712979
0.03233587	0.54396536	0.04788161	0.37581717
0.0239163	0.30567675	0.07933603	0.59107092
0.23160875	0.25259974	0.25936937	0.25642214
