#M01691	RME1
#p.cut	M01691	EpiUwRmapDNaseIMR90.Cell.Line.SRX012426	0.01	0.05	0.1	0.25	0.5	0.75	0.9	0.95	0.99	
#p.Tcut2	M01691	EpiUwRmapDNaseIMR90.Cell.Line.SRX012426	16.46	18.11	18.86	19.95	21.05	22.15	23.25	24	25.65	
#p.Tcut2b	M01691	EpiUwRmapDNaseIMR90.Cell.Line.SRX012426	14.1	15.75	16.5	17.6	18.69	19.79	20.89	21.64	23.29	
A	C	G	T
0.33832134	0.20623501	0.21625899	0.23918465
1e-06	0.02882683	0.00713998	0.96403219
0.00243019	0.9830794	0.00728787	0.00720254
0.00728596	0.96379403	0.00727587	0.02164414
0.98068783	0.00482216	0.01448901	1e-06
0.95208567	0.00705534	0.04085799	1e-06
0.98569459	1e-06	0.01187391	0.0024305
0.02136077	0.00486001	0.96913007	0.00464914
0.02877502	0.01169398	0.95726482	0.00226618
0.98079511	0.00243048	0.01457663	0.00219778
0.98599658	1e-06	0.01158534	0.00241708
0.33832134	0.20623501	0.21625899	0.23918465
