#M01672	ASH1
#p.cut	M01672	OpenChromDnaseGm10248	0.01	0.05	0.1	0.25	0.5	0.75	0.9	0.95	0.99	
#p.Tcut2	M01672	OpenChromDnaseGm10248	13.86	15.51	16.26	17.36	18.46	19.56	20.66	21.4	23.05	
#p.Tcut2b	M01672	OpenChromDnaseGm10248	13.18	14.83	15.58	16.67	17.77	18.87	19.97	20.72	22.37	
A	C	G	T
0.20916933	0.27846645	0.31830671	0.19405751
0.00325026	0.95990576	0.0111451	0.02569888
0.01268867	0.93293073	0.01281958	0.04156102
0.42605576	0.02574884	0.53685788	0.01133753
0.08152424	0.1008451	0.80979113	0.00783953
0.62214183	0.00636012	0.37149705	1e-06
0.00324917	0.04658833	0.02907671	0.92108579
0.01750296	0.94742107	0.01270503	0.02237094
0.65182101	0.00633219	0.31160934	0.03023746
0.00942585	0.00956472	0.97311349	0.00789594
0.01737529	0.0096941	0.96818247	0.00474814
0.20916933	0.27846645	0.31830671	0.19405751
