#M01655	p53
#p.cut	M01655	UwDnaseCaco2	0.01	0.05	0.1	0.25	0.5	0.75	0.9	0.95	0.99	
#p.Tcut2	M01655	UwDnaseCaco2	11.07	12.72	13.47	14.57	15.67	16.77	17.86	18.61	20.26	
#p.Tcut2b	M01655	UwDnaseCaco2	12.54	14.19	14.94	16.03	17.13	18.23	19.33	20.08	21.73	
A	C	G	T
0.2098234	0.27715232	0.27527594	0.23774834
0.27689117	0.02617771	0.47081589	0.22611523
0.19329748	0.00662349	0.69379016	0.10628887
0.51701337	0.05155857	0.41803313	0.01339493
0.01320471	0.84738965	0.02687307	0.11253256
0.575607	0.04704621	0.02531672	0.35203006
0.05360173	0.03868761	0.10675996	0.8009507
0.01924724	0.05159598	0.90223337	0.02692341
0.01913392	0.48413322	0.02648531	0.47024755
0.02018678	0.59665326	1e-06	0.38315896
0.11865061	0.59772984	0.07173282	0.21188673
0.39087124	0.06648869	0.35704645	0.18559362
0.033093	0.02020492	0.90669139	0.04001069
0.49103262	0.01984963	0.45570352	0.03341424
0.02631544	0.89575657	0.03931066	0.03861733
0.59077048	0.07853326	0.01337481	0.31732145
0.11277627	0.06699504	0.04610197	0.77412673
1e-06	0.03331164	0.93301317	0.03367419
0.01342145	0.44227985	0.00668195	0.53761676
0.13247202	0.42294449	0.02612564	0.41845786
0.0134702	0.45602064	0.15339765	0.37711151
0.2098234	0.27715232	0.27527594	0.23774834
