#M01683	Ixr1
#p.cut	M01683	UwDnaseTh17	0.01	0.05	0.1	0.25	0.5	0.75	0.9	0.95	0.99	
#p.Tcut2	M01683	UwDnaseTh17	11.58	13.23	13.98	15.07	16.17	17.27	18.37	19.12	20.77	
#p.Tcut2b	M01683	UwDnaseTh17	10.46	12.11	12.86	13.96	15.06	16.16	17.25	18	19.65	
A	C	G	T
0.24254144	0.22832747	0.36921145	0.15991964
0.8899008	0.04715958	0.05475434	0.00818528
0.77637298	0.04150309	0.05270579	0.12941813
0.32000738	0.03067031	0.57439354	0.07492877
0.04397085	0.8730823	0.06352164	0.01942521
0.46075802	0.47855335	0.03288253	0.02780611
0.16505725	0.02777017	0.79343672	0.01373586
0.07477819	0.01112789	0.8757565	0.03833741
0.62455411	0.02153249	0.3455408	0.00837259
0.74596428	0.03330846	0.08874743	0.13197983
0.02481865	0.00558018	0.96172898	0.00787219
0.04413512	0.79008858	0.03574035	0.13003596
0.18437598	0.02471273	0.72755454	0.06335675
0.01367693	0.00837367	0.96131551	0.01663389
0.03312217	0.03008532	0.62996072	0.30683179
0.03295473	0.02178731	0.86522448	0.08003348
0.24254144	0.22832747	0.36921145	0.15991964
