#M01657	GLI3
#p.cut	M01657	EpiUwRmapDNaseMobilized.CD3.Primary.Cells.SRX089240	0.01	0.05	0.1	0.25	0.5	0.75	0.9	0.95	0.99	
#p.Tcut2	M01657	EpiUwRmapDNaseMobilized.CD3.Primary.Cells.SRX089240	14.23	15.88	16.62	17.72	18.82	19.92	21.02	21.76	23.42	
#p.Tcut2b	M01657	EpiUwRmapDNaseMobilized.CD3.Primary.Cells.SRX089240	11.52	13.17	13.92	15.02	16.11	17.21	18.31	19.06	20.71	
A	C	G	T
0.1985803	0.17613132	0.37258208	0.2527063
0.0087285	0.01758236	0.96090991	0.01277923
0.00882511	0.01741521	0.01267736	0.96108233
0.00853718	0.00441305	0.98287072	0.00417905
0.02536505	1e-06	0.97463295	1e-06
0.00882511	0.00441305	0.98237467	0.00438717
1e-06	0.01285395	1e-06	0.98714405
0.00882511	0.00397516	0.98719873	1e-06
0.00397516	0.00404689	0.98315284	0.00882511
0.00398829	0.02620389	0.01320273	0.9566051
0.18126206	0.0951695	0.43548553	0.2880829
0.25474784	0.18718835	0.33586524	0.22219857
0.22061148	0.24038004	0.30377921	0.23522927
0.20065064	0.16102405	0.35772571	0.2805996
0.27003456	0.16143333	0.3344015	0.23413061
0.23901743	0.22511485	0.28354861	0.25231911
0.23070309	0.1952676	0.33182899	0.24220032
0.20875633	0.22278973	0.27433941	0.29411452
0.22450522	0.24376908	0.32272796	0.20899774
0.26050922	0.23968152	0.28299553	0.21681373
0.2915037	0.24324914	0.2480001	0.21724706
0.23876842	0.21580364	0.31895228	0.22647566
0.22175274	0.25729772	0.29168309	0.22926645
0.27258235	0.29270516	0.20866269	0.2260498
0.1985803	0.17613132	0.37258208	0.2527063
