#M01637	RAP1
#p.cut	M01637	UwDgfTh1wb33676984	0.01	0.05	0.1	0.25	0.5	0.75	0.9	0.95	0.99	
#p.Tcut2	M01637	UwDgfTh1wb33676984	15.28	16.93	17.68	18.78	19.88	20.98	22.08	22.82	24.47	
#p.Tcut2b	M01637	UwDgfTh1wb33676984	13.14	14.79	15.53	16.63	17.73	18.83	19.93	20.68	22.33	
A	C	G	T
0.29717073	0.30439024	0.17053659	0.22790244
0.01483279	0.95594441	0.00495507	0.02426774
0.96068379	0.01486317	0.02445203	1e-06
1e-06	0.6364209	0.00489252	0.35868558
0.03398803	0.94663624	0.00981192	0.00956381
0.00449083	0.94193416	0.01486191	0.03871311
0.84879193	0.01442752	0.12715797	0.00962259
0.00489252	0.0488259	0.01466849	0.93161309
0.93209734	0.00987909	0.03405695	0.02396663
0.02384838	0.92727526	0.01424998	0.03462638
0.94625053	0.01947379	0.02442196	0.00985373
0.29717073	0.30439024	0.17053659	0.22790244
