#M01666	STAT4
#p.cut	M01666	EpiUwRmapDNaseH1.Derived.Neuronal.Progenitor.Cultured.Cells.SRX121241	0.01	0.05	0.1	0.25	0.5	0.75	0.9	0.95	0.99	
#p.Tcut2	M01666	EpiUwRmapDNaseH1.Derived.Neuronal.Progenitor.Cultured.Cells.SRX121241	15.97	17.62	18.37	19.47	20.57	21.67	22.77	23.51	25.16	
#p.Tcut2b	M01666	EpiUwRmapDNaseH1.Derived.Neuronal.Progenitor.Cultured.Cells.SRX121241	14.01	15.66	16.41	17.51	18.6	19.7	20.8	21.55	23.2	
A	C	G	T
0.31094104	0.25	0.21003401	0.22902494
1e-06	0.01025589	0.0048268	0.98491631
1e-06	0.01559124	0.0051978	0.97920996
1e-06	0.96966962	0.00504197	0.0252874
0.07667282	0.90844646	1e-06	0.01487972
0.44909538	0.4433062	0.09200721	0.01559121
0.97960142	1e-06	0.02039658	1e-06
1e-06	0.00473815	0.97979585	0.015465
0.97932941	0.01039223	0.01027735	1e-06
0.98982171	0.00519312	1e-06	0.00498418
0.35103283	0.01027089	0.50075248	0.1379438
0.49379832	0.29685526	0.00990505	0.19944138
0.44870192	0.48541268	0.06088415	0.00500125
0.5759969	0.40329481	0.00511744	0.01559085
0.94415011	0.01552592	0.02526736	0.01505662
0.31094104	0.25	0.21003401	0.22902494
