#M01695	REX1
#p.cut	M01695	EpiUwRmapDNaseH1.Derived.Neuronal.Progenitor.Cultured.Cells.SRX121241	0.01	0.05	0.1	0.25	0.5	0.75	0.9	0.95	0.99	
#p.Tcut2	M01695	EpiUwRmapDNaseH1.Derived.Neuronal.Progenitor.Cultured.Cells.SRX121241	13.89	15.54	16.29	17.39	18.48	19.58	20.68	21.43	23.08	
#p.Tcut2b	M01695	EpiUwRmapDNaseH1.Derived.Neuronal.Progenitor.Cultured.Cells.SRX121241	13.72	15.38	16.12	17.22	18.32	19.42	20.52	21.26	22.91	
A	C	G	T
0.26727273	0.26320856	0.23144385	0.23807487
0.03090949	0.0109015	0.94729605	0.01089296
0.02722523	0.69516252	0.01037264	0.26723961
0.98490205	1e-06	0.01509595	1e-06
0.02624408	0.0054427	0.96831222	1e-06
0.01089917	0.98364935	0.00545048	1e-06
1e-06	0.99454719	0.00545081	1e-06
0.96271859	0.01057864	0.02670176	1e-06
1e-06	0.01028373	0.01087516	0.97884011
0.00545127	0.03778995	1e-06	0.95675778
0.97349363	0.02106267	1e-06	0.0054427
0.26727273	0.26320856	0.23144385	0.23807487
