#M01675	ZAP1
#p.cut	M01675	UwDnaseCaco2	0.01	0.05	0.1	0.25	0.5	0.75	0.9	0.95	0.99	
#p.Tcut2	M01675	UwDnaseCaco2	11.45	13.1	13.85	14.95	16.05	17.15	18.25	18.99	20.64	
#p.Tcut2b	M01675	UwDnaseCaco2	11.88	13.53	14.27	15.37	16.47	17.57	18.67	19.42	21.07	
A	C	G	T
0.25151515	0.24242424	0.27525253	0.23080808
0.87380941	0.01416673	0.08430157	0.02772229
0.02831806	0.9298645	0.04181644	1e-06
0.01305215	0.93188875	1e-06	0.0550581
0.01416673	0.56975733	1e-06	0.41607494
0.01416673	0.08258921	0.02790105	0.87534301
0.50012891	0.47260461	0.02726547	1e-06
0.89262877	0.02765074	1e-06	0.07971949
0.52647067	0.05547709	0.39099414	0.0270581
0.0140951	0.02826108	0.95764282	1e-06
0.04157607	1e-06	0.9442562	0.01416673
0.02831434	0.06957948	0.02830835	0.87379783
0.05524218	0.45898418	0.2892129	0.19656073
0.66965597	0.04162278	0.24648035	0.0422409
0.12520572	0.06956231	0.098207	0.70702496
0.18063119	1e-06	0.73437392	0.08499388
0.25287004	0.17998233	0.38528634	0.18186128
0.23780464	0.238329	0.28937894	0.23448742
0.36204598	0.22150623	0.19577695	0.22067084
0.16434329	0.19327053	0.46088752	0.18149865
0.25151515	0.24242424	0.27525253	0.23080808
