#M01656	p63
#p.cut	M01656	UwDnaseHffmyc	0.01	0.05	0.1	0.25	0.5	0.75	0.9	0.95	0.99	
#p.Tcut2	M01656	UwDnaseHffmyc	12.83	14.48	15.22	16.32	17.42	18.52	19.62	20.37	22.02	
#p.Tcut2b	M01656	UwDnaseHffmyc	12.51	14.16	14.91	16.01	17.11	18.2	19.3	20.05	21.7	
A	C	G	T
0.24704251	0.24728897	0.24131238	0.26435613
0.36533989	0.10975402	0.406859	0.11804709
0.39005883	0.0127896	0.40277939	0.19437218
0.57327303	0.01106149	0.33806691	0.07759857
0.00938319	0.94268697	0.00915238	0.03877746
0.70810703	0.00169455	0.11259706	0.17760136
0.33950545	1e-06	0.0203724	0.64012115
0.00372322	0.00749958	0.97391264	0.01486455
0.00734266	0.32279901	0.00737858	0.66247975
0.02239003	0.6738637	0.02400234	0.27974392
0.14566746	0.32626661	0.10287732	0.42518861
0.30042555	0.12018818	0.47392886	0.10545741
0.24750488	0.01474897	0.60794986	0.12979628
0.67520197	0.00750939	0.29883237	0.01845627
0.00375521	0.97951281	0.00548974	0.01124225
0.65152276	0.06477402	0.03345178	0.25025145
0.01126164	0.04465782	0.05369919	0.89038135
0.0130727	0.01271323	0.96687643	0.00733765
0.00187811	0.39055276	0.0109507	0.59661844
0.02207699	0.62060849	0.01280385	0.34451068
0.12746386	0.4351938	0.03866668	0.39867565
0.24704251	0.24728897	0.24131238	0.26435613
