#M01670	SPT2
#p.cut	M01670	EpiUwRmapDNaseMobilized.CD34.Primary.Cells.SRX040374	0.01	0.05	0.1	0.25	0.5	0.75	0.9	0.95	0.99	
#p.Tcut2	M01670	EpiUwRmapDNaseMobilized.CD34.Primary.Cells.SRX040374	17.36	19.01	19.76	20.86	21.96	23.05	24.15	24.9	26.55	
#p.Tcut2b	M01670	EpiUwRmapDNaseMobilized.CD34.Primary.Cells.SRX040374	9.06	10.72	11.46	12.56	13.66	14.76	15.86	16.6	18.26	
A	C	G	T
0.40163043	0.14923913	0.17293478	0.27619565
0.98897898	1e-06	1e-06	0.01101902
0.96207227	0.01101902	0.00530659	0.02160211
0.00547831	0.00534377	1e-06	0.98917691
0.01058415	1e-06	0.00530659	0.98410826
0.97796159	0.011019	0.01101841	1e-06
0.98897898	1e-06	0.01101902	1e-06
0.95085085	0.00550999	0.03262019	0.01101898
1e-06	1e-06	0.40885405	0.59114395
0.98897898	1e-06	0.01101902	1e-06
0.99448799	1e-06	0.00551001	1e-06
0.40163043	0.14923913	0.17293478	0.27619565
