#M01662	PDR1
#p.cut	M01662	EpiUwRmapDNaseFetal.Thymus.SRX100968	0.01	0.05	0.1	0.25	0.5	0.75	0.9	0.95	0.99	
#p.Tcut2	M01662	EpiUwRmapDNaseFetal.Thymus.SRX100968	10.42	12.07	12.82	13.92	15.02	16.11	17.21	17.96	19.61	
#p.Tcut2b	M01662	EpiUwRmapDNaseFetal.Thymus.SRX100968	11.97	13.62	14.37	15.47	16.57	17.66	18.76	19.51	21.16	
A	C	G	T
0.22867405	0.27821012	0.2706525	0.22246333
0.09755857	0.06191292	0.17581901	0.66470951
0.00589305	0.02162561	0.00971867	0.96276267
0.00984385	0.19537328	0.05058437	0.7441985
0.011424	0.94794978	0.02114589	0.01948033
0.02163296	0.95496044	0.00392301	0.01948359
0.5907582	0.0546806	0.31197854	0.04258265
0.05613902	0.81594128	0.04488742	0.08303227
0.09620971	0.01570682	0.83562415	0.05245932
0.01963537	0.00766032	0.95920587	0.01349844
0.95293996	0.02744402	0.01178616	0.00782986
0.6740039	0.03287746	0.28131113	0.01180751
0.64663435	0.16806976	0.06443295	0.12086294
0.22867405	0.27821012	0.2706525	0.22246333
