#M01663	CAT8
#p.cut	M01663	EpiUwRmapDNaseMobilized.CD3.Primary.Cells.SRX089240	0.01	0.05	0.1	0.25	0.5	0.75	0.9	0.95	0.99	
#p.Tcut2	M01663	EpiUwRmapDNaseMobilized.CD3.Primary.Cells.SRX089240	8.28	9.93	10.67	11.77	12.87	13.97	15.07	15.82	17.47	
#p.Tcut2b	M01663	EpiUwRmapDNaseMobilized.CD3.Primary.Cells.SRX089240	8.71	10.36	11.11	12.21	13.3	14.4	15.5	16.25	17.9	
A	C	G	T
0.22246154	0.25579487	0.35015385	0.17158974
0.02127943	0.88289828	0.02683419	0.06898809
0.0825399	0.01879724	0.86910644	0.02955643
0.02394536	0.01337102	0.957375	0.00530862
0.48090333	0.29550744	0.08816709	0.13542214
0.03485321	0.48015405	0.24349071	0.24150203
0.1411287	0.28827442	0.45902679	0.11157008
0.90138913	0.01066373	0.08794614	1e-06
0.79242675	0.07415083	0.125509	0.00791341
0.14936987	0.1469533	0.0134362	0.69024063
0.01874886	0.01068398	0.95216925	0.01839792
0.02380881	0.01064849	0.9655417	1e-06
0.64490144	0.20030406	0.13355199	0.0212425
0.22246154	0.25579487	0.35015385	0.17158974
