#M01651	P53
#p.cut	M01651	UwDnaseNhdfad	0.01	0.05	0.1	0.25	0.5	0.75	0.9	0.95	0.99	
#p.Tcut2	M01651	UwDnaseNhdfad	13.63	15.28	16.02	17.12	18.22	19.32	20.42	21.17	22.82	
#p.Tcut2b	M01651	UwDnaseNhdfad	13.28	14.93	15.68	16.78	17.87	18.97	20.07	20.82	22.47	
A	C	G	T
0.2543573	0.24350036	0.24001452	0.26212781
0.43008916	0.02388447	0.38548629	0.16054009
0.23514039	0.05026053	0.61743207	0.09716701
0.68119017	1e-06	0.29478276	0.02402607
0.00613291	0.98505688	0.00220319	0.00660702
0.76693995	1e-06	0.02615808	0.20690096
0.20695144	0.00869586	0.0658963	0.7184564
0.00200896	1e-06	0.99138645	0.00660359
0.05870824	0.53052366	0.00220319	0.4085649
0.10039776	0.59362026	0.01541613	0.29056585
0.14760968	0.38393053	0.10697054	0.36148925
0.42830711	0.00440503	0.40584531	0.16144255
0.09560733	0.00440538	0.83717532	0.06281196
0.62291433	1e-06	0.36848928	0.00859539
1e-06	0.99580602	1e-06	0.00419198
0.48312578	0.0238243	0.02195898	0.47109094
0.16576377	0.01758378	0.00880234	0.8078501
0.02589493	0.00215104	0.96542855	0.00652548
0.07850933	0.41821308	0.01948146	0.48379613
0.13524377	0.39732353	0.0174476	0.44998511
0.11517361	0.395355	0.10638336	0.38308803
0.2543573	0.24350036	0.24001452	0.26212781
