#M01629	LEU3
#p.cut	M01629	UwDnaseH1hesc	0.01	0.05	0.1	0.25	0.5	0.75	0.9	0.95	0.99	
#p.Tcut2	M01629	UwDnaseH1hesc	8.48	10.14	10.88	11.98	13.08	14.18	15.28	16.02	17.67	
#p.Tcut2b	M01629	UwDnaseH1hesc	7.75	9.4	10.14	11.24	12.34	13.44	14.54	15.28	16.94	
A	C	G	T
0.15657407	0.34969136	0.33103395	0.16270062
0.00303975	0.98613818	0.00388577	0.0069363
0.01232976	0.95685881	0.01305418	0.01775725
0.0154003	0.02395349	0.69258309	0.26806312
0.02457394	0.02243157	0.56367342	0.38932106
0.12205621	0.575753	0.01547242	0.28671837
0.70149359	0.03016814	0.05686394	0.21147434
0.00155933	0.66429894	0.33180323	0.00233849
0.00544616	0.95621298	0.0114185	0.02692236
0.0321466	0.01845224	0.92931572	0.02008544
0.00849446	0.05243884	0.936739	0.0023277
0.15657407	0.34969136	0.33103395	0.16270062
