#M01650	PNR
#p.cut	M01650	UwDgfK562Znfa41c6	0.01	0.05	0.1	0.25	0.5	0.75	0.9	0.95	0.99	
#p.Tcut2	M01650	UwDgfK562Znfa41c6	14.71	16.36	17.11	18.21	19.31	20.4	21.5	22.25	23.9	
#p.Tcut2b	M01650	UwDgfK562Znfa41c6	13.79	15.44	16.19	17.28	18.38	19.48	20.58	21.33	22.98	
A	C	G	T
0.29412373	0.20468653	0.29024415	0.21094558
0.34877733	0.06120709	0.56757332	0.02244226
0.71129855	0.00275826	0.28052658	0.00541661
0.08391154	0.03829869	0.84990042	0.02788935
0.16200228	0.00564703	0.80432148	0.02802921
1e-06	0.0197659	1e-06	0.9802321
0.00285087	0.95247024	0.00284164	0.04183725
0.98581217	1e-06	0.01418583	1e-06
0.66139443	1e-06	0.31029616	0.02830841
0.97767741	1e-06	0.01690033	0.00542125
0.15534753	0.00284336	0.82230857	0.01950054
0.11826784	0.00555758	0.8320261	0.04414848
1e-06	0.01970602	1e-06	0.98029198
0.00830222	0.93320786	0.01114353	0.04734639
0.98881704	0.00273176	0.0084502	1e-06
0.29412373	0.20468653	0.29024415	0.21094558
