#M01692	LTF
#p.cut	M01692	UwDnaseTh1	0.01	0.05	0.1	0.25	0.5	0.75	0.9	0.95	0.99	
#p.Tcut2	M01692	UwDnaseTh1	13.94	15.59	16.34	17.44	18.54	19.63	20.73	21.48	23.13	
#p.Tcut2b	M01692	UwDnaseTh1	14.14	15.79	16.53	17.63	18.73	19.83	20.93	21.68	23.33	
A	C	G	T
0.21825694	0.26644585	0.26673078	0.24856644
0.34254503	0.08356109	0.30656318	0.26733071
0.03637668	0.00177445	0.95129366	0.01055521
0.02278668	0.00704003	0.96145896	0.00871434
0.0105242	0.96195588	0.01048194	0.01703798
0.95822573	0.01034608	0.02433328	0.00709491
0.00354207	0.97218308	0.00519092	0.01908393
0.00354567	0.02797154	0.00515915	0.96332364
0.00354795	0.02645796	0.00532059	0.9646735
0.01773376	0.02284199	0.95064851	0.00877573
0.01225214	0.96134807	0.00516666	0.02123312
0.26663762	0.26551819	0.08984231	0.37800189
0.21825694	0.26644585	0.26673078	0.24856644
