#M01621	SOK2
#p.cut	M01621	UwDnaseCaco2	0.01	0.05	0.1	0.25	0.5	0.75	0.9	0.95	0.99	
#p.Tcut2	M01621	UwDnaseCaco2	11.43	13.08	13.83	14.93	16.03	17.12	18.22	18.97	20.62	
#p.Tcut2b	M01621	UwDnaseCaco2	12.77	14.42	15.16	16.26	17.36	18.46	19.56	20.31	21.96	
A	C	G	T
0.20156098	0.32360976	0.318	0.15682927
0.97084906	0.01222448	0.01195235	0.00497411
0.00721603	0.97347164	0.00492419	0.01438814
0.13572871	0.8593631	1e-06	0.00490719
0.00248727	0.0122553	0.01471698	0.97054045
0.00716592	0.00248755	0.98785897	0.00248755
0.00977523	0.97563176	0.00497406	0.00961896
0.97547886	0.00980741	0.01222617	0.00248755
0.00745697	0.00245965	0.9852775	0.00480587
0.00248755	0.00986442	0.98516056	0.00248746
0.38621321	0.58672427	0.0122571	0.01480542
0.20156098	0.32360976	0.318	0.15682927
