#M01725	TR4
#p.cut	M01725	EpiUwRmapDNaseMobilized.CD3.Primary.Cells.SRX089240	0.01	0.05	0.1	0.25	0.5	0.75	0.9	0.95	0.99	
#p.Tcut2	M01725	EpiUwRmapDNaseMobilized.CD3.Primary.Cells.SRX089240	14.91	16.56	17.31	18.41	19.51	20.61	21.71	22.45	24.1	
#p.Tcut2b	M01725	EpiUwRmapDNaseMobilized.CD3.Primary.Cells.SRX089240	13.97	15.62	16.37	17.47	18.57	19.67	20.76	21.51	23.16	
A	C	G	T
0.19167217	0.31923331	0.22758317	0.26151135
0.34826814	0.21231772	0.28152309	0.15789105
0.28209333	0.2724055	0.17510779	0.27039338
0.24779049	0.34781319	0.22504024	0.17935609
0.26131386	0.24445322	0.23772643	0.25650648
0.26970946	0.25859637	0.25856289	0.21313128
0.15966256	0.3121564	0.27173795	0.25644309
0.28150255	0.29233587	0.21237072	0.21379086
0.21043711	0.3161131	0.2469798	0.22646998
0.11301157	0.36965006	0.30388312	0.21345524
0.24779017	0.28117539	0.20068343	0.27035101
0.21293723	0.27738111	0.26021401	0.24946765
0.23622168	0.24576346	0.33853202	0.17948284
0.21344228	0.20213159	0.31473683	0.26968929
0.19867887	0.35764877	0.25138153	0.19229082
0.22257762	0.33639737	0.21469649	0.22632853
0.24604025	0.28193489	0.23772969	0.23429517
0.29507423	0.26643797	0.27097986	0.16750795
0.2570485	0.2468407	0.22664271	0.2694681
0.21162915	0.34102165	0.1676559	0.27969329
0.32611867	0.29200196	0.17889691	0.20298245
1e-06	0.94555344	0.01092202	0.04352354
1e-06	0.83005909	0.14761736	0.02232255
1e-06	0.01143746	0.02287392	0.96568761
1e-06	1e-06	0.999997	1e-06
0.93170612	0.0228739	0.04541898	1e-06
0.02235223	0.97764577	1e-06	1e-06
1e-06	0.9681951	1e-06	0.0318029
1e-06	0.02181717	0.03429788	0.94388395
0.01142496	0.4256536	1e-06	0.56292044
0.02207111	0.01142496	0.01143746	0.95506647
0.01142967	0.22594232	0.75133619	0.01129182
0.19167217	0.31923331	0.22758317	0.26151135
