#M01782	TR4
#p.cut	M01782	EpiUwRmapDNaseMobilized.CD3.Primary.Cells.SRX089240	0.01	0.05	0.1	0.25	0.5	0.75	0.9	0.95	0.99	
#p.Tcut2	M01782	EpiUwRmapDNaseMobilized.CD3.Primary.Cells.SRX089240	14.17	15.82	16.57	17.67	18.77	19.86	20.96	21.71	23.36	
#p.Tcut2b	M01782	EpiUwRmapDNaseMobilized.CD3.Primary.Cells.SRX089240	13.55	15.2	15.95	17.05	18.14	19.24	20.34	21.09	22.74	
A	C	G	T
0.27773585	0.21584906	0.29856604	0.20784906
0.56599803	1e-06	0.40960488	0.02439609
0.04000384	0.00792383	0.90518917	0.04688315
0.01632314	0.01545308	0.94393408	0.0242897
0.00802148	0.05597004	0.02448349	0.911525
0.02442353	0.87890503	0.05586882	0.04080262
0.94453815	0.02351901	0.01632314	0.0156197
0.75989228	0.03172203	0.16009567	0.04829003
0.95110105	0.00812264	0.02447032	0.01630599
0.03145373	0.01620686	0.94417734	0.00816207
0.0077105	0.00816207	0.95148216	0.03264527
0.0160211	0.04054798	0.047867	0.89556392
0.01595803	0.91398725	0.04688523	0.02316949
0.92784969	0.02383164	0.03199798	0.01632069
0.27773585	0.21584906	0.29856604	0.20784906
