#M01770	XBP1
#p.cut	M01770	UwDnaseCaco2	0.01	0.05	0.1	0.25	0.5	0.75	0.9	0.95	0.99	
#p.Tcut2	M01770	UwDnaseCaco2	8.46	10.11	10.86	11.96	13.06	14.15	15.25	16	17.65	
#p.Tcut2b	M01770	UwDnaseCaco2	10.56	12.21	12.96	14.05	15.15	16.25	17.35	18.1	19.75	
A	C	G	T
0.20022993	0.33403589	0.29022163	0.17551255
0.80153794	0.00974013	0.04229375	0.14642818
0.33589174	0.14293095	0.42066642	0.10051089
0.20596236	0.13731965	0.3475657	0.30915228
0.01621427	0.01633518	0.96414959	0.00330096
0.30914587	0.67108553	0.01316768	0.00660091
0.01318144	0.96402372	0.00660093	0.01619391
0.96390089	0.00330096	0.02621663	0.00658152
0.00307891	0.93175356	0.01976038	0.04540716
0.05516044	0.016323	0.92198011	0.00653645
1e-06	0.03587921	0.01292333	0.95119646
0.00330096	0.99013621	0.00326186	0.00330096
0.20022993	0.33403589	0.29022163	0.17551255
