#M01788	MCM1
#p.cut	M01788	UwDnaseTh1	0.01	0.05	0.1	0.25	0.5	0.75	0.9	0.95	0.99	
#p.Tcut2	M01788	UwDnaseTh1	19.49	21.14	21.89	22.99	24.09	25.19	26.28	27.03	28.68	
#p.Tcut2b	M01788	UwDnaseTh1	14.77	16.42	17.17	18.27	19.36	20.46	21.56	22.31	23.96	
A	C	G	T
0.34451872	0.20762032	0.17286096	0.275
0.0361557	0.32445224	1e-06	0.63939106
0.00723501	0.00748655	1e-06	0.98527744
0.0073609	0.01462697	0.01496413	0.96304799
0.02952131	0.94116486	0.00748656	0.02182727
0.00712771	0.9854044	1e-06	0.00746689
0.44139232	0.38830005	0.01461326	0.15569437
0.98572008	0.01427792	1e-06	1e-06
0.9783554	0.00707164	0.01457196	1e-06
0.64906963	1e-06	0.00748656	0.34344281
0.38377173	0.13118061	0.0742424	0.41080526
0.80910851	0.02993964	0.07288605	0.08806581
0.34560038	1e-06	0.65439762	1e-06
0.31577842	1e-06	0.68421958	1e-06
0.80853733	0.00747993	0.02954222	0.15444052
0.93383226	0.00699325	0.03676079	0.02241371
0.48653845	0.11679332	0.23543135	0.16123688
0.34451872	0.20762032	0.17286096	0.275
