#M01703	GLI2
#p.cut	M01703	UwDgfHepg2	0.01	0.05	0.1	0.25	0.5	0.75	0.9	0.95	0.99	
#p.Tcut2	M01703	UwDgfHepg2	12.65	14.3	15.05	16.15	17.24	18.34	19.44	20.19	21.84	
#p.Tcut2b	M01703	UwDgfHepg2	12.29	13.94	14.69	15.79	16.89	17.98	19.08	19.83	21.48	
A	C	G	T
0.23128485	0.33915931	0.26761887	0.16193698
0.25172612	0.12304046	0.31676907	0.30846435
0.02561672	0.00979813	0.96458414	1e-06
0.66709133	0.18869247	0.13474799	0.0094682
1e-06	0.9777891	0.01257362	0.00963627
1e-06	0.98437248	1e-06	0.01562552
0.96488451	1e-06	0.02885711	0.00625738
0.00305654	0.95842458	0.01932951	0.01918936
0.0930338	0.87461653	0.0127632	0.01958646
1e-06	0.93320193	0.00652546	0.06027162
0.92928537	0.0128054	0.04811268	0.00979655
0.53449274	0.23299278	0.17267324	0.05984123
0.03210821	0.1725946	0.7156904	0.07960679
0.23128485	0.33915931	0.26761887	0.16193698
