#M01732	MIG1
#p.cut	M01732	EpiUwRmapDNaseMobilized.CD3.Primary.Cells.SRX089240	0.01	0.05	0.1	0.25	0.5	0.75	0.9	0.95	0.99	
#p.Tcut2	M01732	EpiUwRmapDNaseMobilized.CD3.Primary.Cells.SRX089240	15.07	16.72	17.47	18.57	19.67	20.76	21.86	22.61	24.26	
#p.Tcut2b	M01732	EpiUwRmapDNaseMobilized.CD3.Primary.Cells.SRX089240	12.6	14.25	15	16.1	17.2	18.29	19.39	20.14	21.79	
A	C	G	T
0.25294349	0.27708006	0.17346939	0.29650706
0.29696972	0.11269308	0.19107543	0.39926177
0.01019834	0.96916805	1e-06	0.02063261
1e-06	0.92773556	0.02065691	0.05160653
1e-06	0.94918024	0.01985421	0.03096456
0.01032898	0.96901301	1e-06	0.02065701
0.72396501	0.02058012	0.25545387	1e-06
0.02060059	0.73476797	0.23430244	0.01032901
0.91753556	0.02062508	0.03098502	0.03085435
1e-06	0.03098502	1e-06	0.96901298
0.14282068	0.04055469	0.02065701	0.79596762
0.15331114	0.03093558	1e-06	0.81575229
0.14371226	1e-06	0.01032901	0.84595774
0.23366341	0.29622113	0.23411979	0.23599567
0.31790195	0.23636719	0.1914055	0.25432536
0.28422336	0.20456596	0.16505866	0.34615202
0.22360048	0.22497332	0.23469575	0.31673045
0.27434413	0.22519246	0.21499993	0.28546349
0.27533477	0.18346013	0.19290824	0.34829686
0.265747	0.25472396	0.19610586	0.28342319
0.21517209	0.32548461	0.19486797	0.26447533
0.27618166	0.20380051	0.1632036	0.35681424
0.2259722	0.20488473	0.26678374	0.30235933
0.25540344	0.22247647	0.13346176	0.38865833
0.31788083	0.23422869	0.1327586	0.31513188
0.25593904	0.20408559	0.19326989	0.34670548
0.19455694	0.25488395	0.26688172	0.28367739
0.32495873	0.24491279	0.1949021	0.23522638
0.36763722	0.20325488	0.25579941	0.1733085
0.25294349	0.27708006	0.17346939	0.29650706
