#M01784	UPC2
#p.cut	M01784	UwDnaseCaco2	0.01	0.05	0.1	0.25	0.5	0.75	0.9	0.95	0.99	
#p.Tcut2	M01784	UwDnaseCaco2	10.54	12.19	12.94	14.04	15.14	16.24	17.33	18.08	19.73	
#p.Tcut2b	M01784	UwDnaseCaco2	8.36	10.01	10.76	11.86	12.96	14.06	15.15	15.9	17.55	
A	C	G	T
0.2592539	0.22064777	0.21717756	0.30292076
0.05257918	0.02283371	0.00752661	0.9170605
0.02976581	0.5799167	0.3829821	0.00733539
0.19748946	0.02271593	0.02980469	0.74998993
0.00701811	0.90967666	0.00768041	0.07562482
0.13243085	0.03037362	0.79934066	0.03785487
1e-06	0.01515922	1e-06	0.98483878
0.46240719	1e-06	0.47657539	0.06101643
1e-06	0.03038013	0.0069761	0.96264278
0.95484703	0.0074945	0.02300296	0.01465551
0.37475593	0.25745356	0.18083593	0.18695458
0.58991438	0.05889362	0.03065468	0.32053732
0.2592539	0.22064777	0.21717756	0.30292076
