#M01714	KLF15
#p.cut	M01714	EpiUwRmapDNaseCD4.Primary.Cells.SRX204404	0.01	0.05	0.1	0.25	0.5	0.75	0.9	0.95	0.99	
#p.Tcut2	M01714	EpiUwRmapDNaseCD4.Primary.Cells.SRX204404	15.9	17.55	18.3	19.39	20.49	21.59	22.69	23.44	25.09	
#p.Tcut2b	M01714	EpiUwRmapDNaseCD4.Primary.Cells.SRX204404	10.23	11.88	12.63	13.72	14.82	15.92	17.02	17.77	19.42	
A	C	G	T
0.17146947	0.20213356	0.46679597	0.159601
0.02744007	0.01483307	0.93782509	0.01990176
0.62169892	0.01756716	0.35079062	0.0099433
0.06952217	0.02265058	0.87759646	0.0302308
0.05745024	0.20637801	0.60164507	0.13452668
0.379484	0.09037848	0.22679813	0.30333939
0.01259291	0.01005152	0.97232018	0.00503538
0.0125918	0.00252022	0.97990259	0.00498539
0.00997686	0.00468569	0.97779006	0.00754739
0.00749556	0.00994065	0.98004363	0.00252017
0.46760325	0.40564675	0.04981718	0.07693282
0.01003501	0.01759889	0.96735225	0.00501385
0.01507345	0.04238549	0.22232185	0.72021922
0.06741971	0.01250965	0.75316569	0.16690494
0.07474402	0.06478801	0.84038076	0.02008721
0.17146947	0.20213356	0.46679597	0.159601
