#M01747	BRF-1
#p.cut	M01747	EpiUwRmapDNaseCD56.Primary.Cells.SRX204402	0.01	0.05	0.1	0.25	0.5	0.75	0.9	0.95	0.99	
#p.Tcut2	M01747	EpiUwRmapDNaseCD56.Primary.Cells.SRX204402	25.66	27.31	28.06	29.16	30.26	31.35	32.45	33.2	34.85	
#p.Tcut2b	M01747	EpiUwRmapDNaseCD56.Primary.Cells.SRX204402	26.14	27.79	28.53	29.63	30.73	31.83	32.93	33.67	35.33	
A	C	G	T
0.19198458	0.29679108	0.26965983	0.24156452
0.43160124	0.16639842	0.24815514	0.15384519
0.20371414	0.18300165	0.35069178	0.26259243
0.12312884	0.46072543	0.20452821	0.21161751
0.2774199	0.36542219	0.15970643	0.19745147
0.2474077	0.25544903	0.31303297	0.1841103
0.2701678	0.21837619	0.37172823	0.13972778
0.35823468	0.18136324	0.29336532	0.16703676
0.2620786	0.2244854	0.40385115	0.10958486
0.18053311	0.16135241	0.46815965	0.18995483
0.21032918	0.1609178	0.34183502	0.286918
0.08661726	0.56999648	0.13875328	0.20463299
0.11725443	0.46583636	0.3015206	0.11538861
0.05074533	0.28572452	0.1540631	0.50946705
0.08853425	0.01476788	0.8310019	0.06569596
0.07214904	1e-06	0.92046552	0.00738444
1e-06	0.00738444	0.98523012	0.00738444
0.00699212	0.02927554	0.00738444	0.9563479
1e-06	0.00699212	1e-06	0.99300588
1e-06	0.95654686	0.00738444	0.0360677
0.43419907	1e-06	0.56579893	1e-06
0.999997	1e-06	1e-06	1e-06
0.62705825	0.05867528	0.2261938	0.08807267
0.01453498	0.20531693	1e-06	0.78014708
1e-06	0.99292927	1e-06	0.00706873
0.00690618	0.91344215	1e-06	0.07965067
0.05064216	0.76635172	0.07357117	0.10943496
0.41461592	0.10130496	0.40362534	0.08045378
0.13056159	0.29904222	0.39390053	0.17649566
0.08739473	0.58364438	0.11699165	0.21196924
0.13959079	0.30004408	0.13209702	0.42826812
0.10308256	0.43602106	0.18367514	0.27722125
0.13823262	0.29195635	0.22883018	0.34098085
0.15316526	0.1456046	0.59865688	0.10257326
0.11579626	0.49673841	0.24902802	0.13843731
0.15305165	0.51955066	0.10846751	0.21893018
0.36562021	0.18246802	0.24175072	0.21016105
0.14540941	0.38615623	0.2210914	0.24734297
0.13843436	0.26397326	0.1900023	0.40759007
0.19198458	0.29679108	0.26965983	0.24156452
