#M01796	BDP1
#p.cut	M01796	UwDnaseSknshra	0.01	0.05	0.1	0.25	0.5	0.75	0.9	0.95	0.99	
#p.Tcut2	M01796	UwDnaseSknshra	26.61	28.26	29	30.1	31.2	32.3	33.4	34.15	35.8	
#p.Tcut2b	M01796	UwDnaseSknshra	26.81	28.46	29.2	30.3	31.4	32.5	33.6	34.35	36	
A	C	G	T
0.24764521	0.26164312	0.28165882	0.20905285
0.27895871	0.19052265	0.43535616	0.09516249
0.19128468	0.42926121	0.20342517	0.17602894
0.16371544	0.34632079	0.15675522	0.33320856
0.38814067	0.18437368	0.22458957	0.20289608
0.24583329	0.19782624	0.41321781	0.14312266
0.20412291	0.21860844	0.26570884	0.31155981
0.51080142	0.16974422	0.18283096	0.13662341
0.52428289	0.12954356	0.17721234	0.16896121
0.21640546	0.17132625	0.47487113	0.13739716
0.14397184	0.25209207	0.18285438	0.42108171
0.230141	0.08816422	0.52502259	0.15667219
0.14392418	0.1435658	0.57576814	0.13674188
0.12256256	0.46502824	0.18268058	0.22972863
0.42057894	0.14324342	0.29345027	0.14272737
0.18330616	0.21156213	0.55735582	0.04777588
0.5350633	0.08943266	0.25215021	0.12335384
0.18463826	0.10170292	0.6658696	0.04778923
0.15584068	0.50867017	0.21970903	0.11578012
0.06796635	0.42921979	0.08191212	0.42090174
0.31357653	0.05447196	0.50338437	0.12856715
0.01373757	0.01377176	0.96569176	0.00679892
0.01319969	1e-06	0.98679831	1e-06
0.85589508	0.00681545	1e-06	0.13728847
0.04064742	0.30015373	0.00680996	0.65238888
0.00680996	1e-06	1e-06	0.99318804
0.00680996	0.39740454	1e-06	0.5957845
0.01368068	1e-06	0.98631732	1e-06
0.99311162	1e-06	0.00688638	1e-06
0.98720525	1e-06	0.01279275	1e-06
1e-06	0.95266454	0.00688638	0.04044808
1e-06	0.72655321	1e-06	0.27344479
0.02754253	0.93871271	1e-06	0.03374376
0.60470831	0.08847888	0.17090391	0.1359089
0.15027868	0.17804162	0.59089842	0.08078129
0.2524237	0.12969237	0.49586871	0.12201522
0.21298152	0.30549932	0.12895133	0.35256784
0.15000671	0.51693328	0.14278667	0.19027335
0.13612636	0.30148011	0.18274659	0.37964694
0.20313137	0.31378062	0.20457303	0.27851498
0.1296822	0.33337682	0.19169097	0.34525
0.14348176	0.37619994	0.22364514	0.25667316
0.18925443	0.19147916	0.38179914	0.23746727
0.22465147	0.25944571	0.3465523	0.16935053
0.31149824	0.35450386	0.16332286	0.17067503
0.15721352	0.29208036	0.17726719	0.37343893
0.24764521	0.26164312	0.28165882	0.20905285
