#M01786	TBF1
#p.cut	M01786	EpiUwRmapDNaseMobilized.CD3.Primary.Cells.SRX089240	0.01	0.05	0.1	0.25	0.5	0.75	0.9	0.95	0.99	
#p.Tcut2	M01786	EpiUwRmapDNaseMobilized.CD3.Primary.Cells.SRX089240	12.46	14.11	14.85	15.95	17.05	18.15	19.25	20	21.65	
#p.Tcut2b	M01786	EpiUwRmapDNaseMobilized.CD3.Primary.Cells.SRX089240	11.75	13.4	14.15	15.25	16.35	17.44	18.54	19.29	20.94	
A	C	G	T
0.26843137	0.23901961	0.23176471	0.26078431
0.10537009	0.22387372	0.15461558	0.51614061
0.08238353	0.3193033	0.08228649	0.51602667
0.11871322	0.22174389	0.0713618	0.5881811
0.8475227	0.03555291	0.0702947	0.04662969
0.08164109	0.02378792	0.88267655	0.01189445
0.11781123	0.0117885	0.81203172	0.05836855
0.09501561	0.0463492	0.82373735	0.03489784
0.02378748	0.79041029	0.02275459	0.16304763
0.14068536	0.05923795	0.03568143	0.76439527
0.64733074	0.09434399	0.05946838	0.19885689
0.15346563	0.42430752	0.10593455	0.3162923
0.84725891	0.02378301	0.05918569	0.06977238
0.2486882	0.04757343	0.67997418	0.02376419
0.15192082	0.71828909	0.05885813	0.07093195
0.03568142	0.82429686	0.04629486	0.09372686
0.082359	0.78901518	0.02378794	0.10483787
0.0117187	0.25861911	0.02378795	0.70587424
0.69477745	0.0475749	0.1399184	0.11772924
0.42227514	0.08277082	0.24730236	0.24765168
0.11701475	0.28371383	0.03568142	0.56359
0.26843137	0.23901961	0.23176471	0.26078431
