#M01778	PLAG1
#p.cut	M01778	EpiUwRmapDNaseFetal.Muscle.Leg.SRX121279	0.01	0.05	0.1	0.25	0.5	0.75	0.9	0.95	0.99	
#p.Tcut2	M01778	EpiUwRmapDNaseFetal.Muscle.Leg.SRX121279	15.25	16.9	17.65	18.75	19.85	20.94	22.04	22.79	24.44	
#p.Tcut2b	M01778	EpiUwRmapDNaseFetal.Muscle.Leg.SRX121279	10.29	11.94	12.69	13.79	14.89	15.98	17.08	17.83	19.48	
A	C	G	T
0.19123096	0.21768217	0.44915603	0.14193084
0.0202404	0.00292181	0.96812862	0.00870918
0.16683362	1e-06	0.83316438	1e-06
0.01729384	0.00878629	0.97391887	1e-06
0.0087278	0.00878757	0.9795712	0.00291344
0.01725755	0.95639679	0.0058466	0.02049907
0.28630737	0.42390524	0.1072282	0.18255919
0.11222189	0.31790486	0.37465132	0.19522192
0.29301681	0.3833975	0.04949997	0.27408573
0.40894671	0.15055245	0.42036378	0.02013707
0.09162501	0.02000963	0.83037522	0.05799014
0.47748874	0.08615852	0.36711958	0.06923317
0.25887629	0.03474068	0.69769917	0.00868386
0.34325348	0.02047094	0.62773368	0.0085419
0.02014948	0.00850677	0.95963944	0.0117043
0.02312618	0.0115045	0.93710426	0.02826506
0.03177617	0.01462752	0.89941597	0.05418034
0.19123096	0.21768217	0.44915603	0.14193084
