#M01745	EBNA1
#p.cut	M01745	UwDnaseTh1	0.01	0.05	0.1	0.25	0.5	0.75	0.9	0.95	0.99	
#p.Tcut2	M01745	UwDnaseTh1	14.77	16.42	17.17	18.26	19.36	20.46	21.56	22.31	23.96	
#p.Tcut2b	M01745	UwDnaseTh1	14.65	16.3	17.05	18.15	19.25	20.34	21.44	22.19	23.84	
A	C	G	T
0.24921573	0.24577703	0.24565637	0.25935087
0.32348879	0.10186658	0.2136847	0.36095993
0.05055594	0.01012358	0.91869849	0.02062199
0.56222529	0.00343939	0.43433433	1e-06
0.20944859	0.3432107	0.00687756	0.44046315
0.96328147	0.00666576	0.02680525	0.00324752
0.04642734	0.01011059	0.94002268	0.00343939
0.09039094	0.34943233	0.32303274	0.23714399
0.57219116	0.32237656	0.08153408	0.0238982
0.31648711	0.12538574	0.05434355	0.5037836
0.268275	0.25043329	0.39333732	0.08795439
0.02665634	0.08174335	0.01012429	0.88147602
0.08391047	0.06445175	0.85163677	1e-06
0.00663148	0.89267277	0.00343939	0.09725636
1e-06	0.03743865	0.00683815	0.9557222
0.24540123	0.0236645	0.32275597	0.4081783
1e-06	0.86272694	0.00343929	0.13383277
0.01356237	0.85448271	0.00687777	0.12507715
0.24921573	0.24577703	0.24565637	0.25935087
