#M01790	IFH1:FHL1
#p.cut	M01790	EpiUwRmapDNaseFetal.Intestine.Small.SRX055168	0.01	0.05	0.1	0.25	0.5	0.75	0.9	0.95	0.99	
#p.Tcut2	M01790	EpiUwRmapDNaseFetal.Intestine.Small.SRX055168	10.68	12.34	13.08	14.18	15.28	16.38	17.48	18.22	19.88	
#p.Tcut2b	M01790	EpiUwRmapDNaseFetal.Intestine.Small.SRX055168	10.93	12.59	13.33	14.43	15.53	16.63	17.73	18.47	20.12	
A	C	G	T
0.23748074	0.23786595	0.27176425	0.25288906
0.56579725	0.05677747	0.12499978	0.2524255
0.20541069	0.10355229	0.05600214	0.63503488
0.05747016	0.15995872	0.04449729	0.73807382
0.76257881	0.01152543	0.20399404	0.02190172
0.03439995	0.02305084	0.89644806	0.04610115
0.06877027	0.06730382	0.79579628	0.06812963
0.02128434	0.01152641	0.9105378	0.05665145
1e-06	0.67048334	0.0345771	0.29493857
0.04534074	0.09004364	0.02169665	0.84291897
0.2589321	0.06832221	0.36593106	0.30681463
0.09215954	0.25905865	0.06882041	0.57996139
0.7373569	0.04590138	0.08028329	0.13645844
0.12549099	0.02304832	0.81805407	0.03340662
0.12424539	0.76241102	0.06803127	0.04531232
0.06797184	0.80715597	0.02289475	0.10197743
0.02305182	0.85142129	0.03395359	0.0915733
0.02265705	0.07907368	0.05699355	0.84127573
0.55796895	0.07757685	0.14833454	0.21611966
0.38686562	0.04610265	0.52138246	0.04564928
0.18264275	0.23866097	0.43068771	0.14800857
0.23748074	0.23786595	0.27176425	0.25288906
