#M01792	HMO1
#p.cut	M01792	UwDnaseCaco2	0.01	0.05	0.1	0.25	0.5	0.75	0.9	0.95	0.99	
#p.Tcut2	M01792	UwDnaseCaco2	18.54	20.2	20.94	22.04	23.14	24.24	25.34	26.08	27.74	
#p.Tcut2b	M01792	UwDnaseCaco2	13.28	14.93	15.68	16.78	17.88	18.98	20.07	20.82	22.47	
A	C	G	T
0.24054983	0.43076612	0.17828987	0.15039418
1e-06	0.99503608	1e-06	0.00496192
0.00518822	0.94292406	0.00524263	0.04664509
0.88634971	0.07759475	0.03605454	1e-06
0.0100298	0.97435706	0.0104407	0.00517244
0.00502499	0.96920834	1e-06	0.02576567
0.9118982	0.03638077	0.04646652	0.00525451
0.00515471	0.97942113	1e-06	0.01542316
1e-06	0.98953152	0.00521297	0.00525451
0.94380266	0.03044217	0.01524719	0.01050798
0.01023442	0.97407008	0.00525451	0.01044099
0.00517266	0.96357632	1e-06	0.03125001
0.35452829	0.27986379	0.14556351	0.22004441
0.16515042	0.39317309	0.19491389	0.2467626
0.16457396	0.41288086	0.24804298	0.17450219
0.24186911	0.27829345	0.31119028	0.16864716
0.18561164	0.43395343	0.20491964	0.17551529
0.20053466	0.37057917	0.21213176	0.21675442
0.22090347	0.30465532	0.28812014	0.18632107
0.22434004	0.36790334	0.21146692	0.1962897
0.20578055	0.39759685	0.23256642	0.16405619
0.28391513	0.30339716	0.23126213	0.18142558
0.21509618	0.34705697	0.2169483	0.22089855
0.2533242	0.38154402	0.19558884	0.16954294
0.28133996	0.24901656	0.26387453	0.20576894
0.24054983	0.43076612	0.17828987	0.15039418
