#M01744	REX1
#p.cut	M01744	OpenChromDnaseHelas3	0.01	0.05	0.1	0.25	0.5	0.75	0.9	0.95	0.99	
#p.Tcut2	M01744	OpenChromDnaseHelas3	17.58	19.23	19.98	21.07	22.17	23.27	24.37	25.12	26.77	
#p.Tcut2b	M01744	OpenChromDnaseHelas3	17.08	18.73	19.47	20.57	21.67	22.77	23.87	24.62	26.27	
A	C	G	T
0.18666098	0.27487748	0.37396122	0.16450032
0.14033863	0.51328325	0.26070732	0.0856708
0.95879759	1e-06	0.04120041	1e-06
0.96402735	0.0027816	0.02775099	0.00544006
0.14328272	0.16317082	0.68798439	0.00556207
0.99721653	1e-06	0.00278147	1e-06
1e-06	0.01060979	1e-06	0.98938821
1e-06	1e-06	0.999997	1e-06
1e-06	0.00274369	0.99725431	1e-06
1e-06	0.99455093	1e-06	0.00544707
0.01112327	0.01112339	0.71884807	0.25890527
0.02206474	1e-06	0.97793326	1e-06
0.00556213	0.96675883	0.01107893	0.0166001
0.01112339	0.33124127	0.48611866	0.17151668
0.10685814	0.30533955	0.43013471	0.1576676
0.12975389	0.54909487	0.14423697	0.17691427
0.18666098	0.27487748	0.37396122	0.16450032
