#M01736	REB1
#p.cut	M01736	EpiUwRmapDNaseMobilized.CD3.Primary.Cells.SRX089240	0.01	0.05	0.1	0.25	0.5	0.75	0.9	0.95	0.99	
#p.Tcut2	M01736	EpiUwRmapDNaseMobilized.CD3.Primary.Cells.SRX089240	9.03	10.68	11.43	12.53	13.63	14.73	15.82	16.57	18.22	
#p.Tcut2b	M01736	EpiUwRmapDNaseMobilized.CD3.Primary.Cells.SRX089240	9.48	11.13	11.88	12.98	14.08	15.18	16.28	17.02	18.67	
A	C	G	T
0.24316984	0.2483298	0.32502308	0.18347727
0.0378234	0.54619242	0.40205342	0.01393075
0.17512384	0.75309382	0.02743174	0.04435059
0.06895457	0.0223515	0.90310464	0.00558928
0.01676652	0.00545606	0.97777642	1e-06
0.01384494	0.01107692	0.96948863	0.00558951
0.00279526	0.02756429	0.03073042	0.93891003
0.73907238	1e-06	0.25534174	0.00558488
0.92511082	0.0082443	0.06391085	0.00273403
0.071767	0.64098106	0.12177014	0.16548179
0.65878959	0.06110848	0.2103904	0.06971153
0.42394451	0.01673916	0.5345345	0.02478182
0.24316984	0.2483298	0.32502308	0.18347727
