#M01737	ROX1
#p.cut	M01737	UwDnaseCaco2	0.01	0.05	0.1	0.25	0.5	0.75	0.9	0.95	0.99	
#p.Tcut2	M01737	UwDnaseCaco2	18.18	19.83	20.57	21.67	22.77	23.87	24.97	25.72	27.37	
#p.Tcut2b	M01737	UwDnaseCaco2	11.61	13.26	14.01	15.11	16.2	17.3	18.4	19.15	20.8	
A	C	G	T
0.24347992	0.19284219	0.16619075	0.39748715
1e-06	0.02857161	0.01904335	0.95238403
0.00993283	0.01919229	1e-06	0.97087389
1e-06	0.38119795	0.00993283	0.60886822
0.01908727	0.9419521	0.00993283	0.02902779
1e-06	1e-06	1e-06	0.999997
0.93145459	0.00992922	0.03970254	0.01891366
0.00898183	0.00987904	1e-06	0.98113814
0.00905403	0.00980361	1e-06	0.98114136
0.00978475	0.00993044	0.97035198	0.00993283
1e-06	0.04870075	1e-06	0.95129725
0.00915801	1e-06	1e-06	0.99083999
0.24347992	0.19284219	0.16619075	0.39748715
