#M01729	GCR1
#p.cut	M01729	EpiUwRmapDNaseCD19.Primary.Cells.SRX055171	0.01	0.05	0.1	0.25	0.5	0.75	0.9	0.95	0.99	
#p.Tcut2	M01729	EpiUwRmapDNaseCD19.Primary.Cells.SRX055171	14.64	16.29	17.04	18.14	19.24	20.34	21.44	22.18	23.83	
#p.Tcut2b	M01729	EpiUwRmapDNaseCD19.Primary.Cells.SRX055171	12.18	13.83	14.58	15.67	16.77	17.87	18.97	19.72	21.37	
A	C	G	T
0.3231203	0.19605263	0.27218045	0.20864662
0.86257864	0.04724016	0.02664324	0.06353795
0.54754934	0.01035945	0.15186493	0.29022627
0.9586646	0.01035945	0.02610538	0.00487057
0.26277454	0.17229073	0.53376643	0.0311683
0.50626745	1e-06	0.01544836	0.47828319
0.01603145	1e-06	0.98396655	1e-06
0.01031726	0.01027101	0.97418071	0.00523102
0.98408772	0.00534594	0.01056534	1e-06
0.96402821	1e-06	0.0100269	0.02594388
0.02611895	0.00534593	0.95800867	0.01052645
1e-06	0.89538701	0.00534594	0.09926605
0.12700489	0.47411077	0.01069087	0.38819346
0.1899687	0.37311744	0.42115616	0.0157577
0.66975716	0.01545275	0.26305206	0.05173803
0.58286462	0.10059337	0.24265613	0.07388588
0.75641329	0.11665121	0.02630357	0.10063193
0.3231203	0.19605263	0.27218045	0.20864662
