#M01748	NF-AT2
#p.cut	M01748	EpiUwRmapDNaseMobilized.CD3.Primary.Cells.SRX089240	0.01	0.05	0.1	0.25	0.5	0.75	0.9	0.95	0.99	
#p.Tcut2	M01748	EpiUwRmapDNaseMobilized.CD3.Primary.Cells.SRX089240	16.59	18.24	18.99	20.09	21.18	22.28	23.38	24.13	25.78	
#p.Tcut2b	M01748	EpiUwRmapDNaseMobilized.CD3.Primary.Cells.SRX089240	11.53	13.18	13.92	15.02	16.12	17.22	18.32	19.06	20.72	
A	C	G	T
0.35839234	0.1547272	0.20574761	0.28113286
0.19385899	0.17411071	0.3030281	0.32900219
0.32717241	0.11266069	0.224334	0.3358329
0.31634407	0.14153937	0.20290812	0.33920845
0.39947421	0.19391617	0.18481285	0.22179676
0.30447872	0.18408902	0.17392303	0.33750923
0.25463379	0.15301314	0.23479174	0.35756133
0.29782325	0.20225505	0.19383905	0.30608265
0.31488841	0.18571401	0.16378028	0.3356173
0.27547235	0.21530498	0.1925419	0.31668077
0.32406269	0.19496386	0.21590532	0.26506814
0.357127	0.19503689	0.19539265	0.25244345
0.34774272	0.19520161	0.17360686	0.2834488
0.97920861	1e-06	0.02078939	1e-06
0.01003877	0.00955158	1e-06	0.98040865
1e-06	1e-06	0.999997	1e-06
0.01039528	1e-06	0.97920853	0.01039519
0.999997	1e-06	1e-06	1e-06
0.98960272	1e-06	1e-06	0.01039528
0.98960272	1e-06	1e-06	0.01039528
0.98995923	1e-06	1e-06	0.01003877
0.01039528	1e-06	0.02075107	0.96885265
0.3158249	0.08181429	0.24479507	0.35756574
0.37775999	0.19610882	0.15261128	0.27351992
0.35833601	0.2046763	0.19284361	0.24414407
0.36774403	0.24385865	0.16257761	0.22581972
0.37718685	0.16333033	0.236083	0.22339982
0.26512479	0.16331984	0.18502558	0.38652979
0.2944904	0.19417246	0.22571687	0.28562027
0.32558572	0.11068661	0.24853019	0.31519748
0.29446958	0.19204787	0.21597478	0.29750777
0.32542752	0.21611586	0.13368656	0.32477007
0.32648527	0.21623146	0.16190472	0.29537855
0.32553642	0.16308631	0.18378016	0.32759712
0.18492944	0.23483642	0.26642164	0.31381249
0.35839234	0.1547272	0.20574761	0.28113286
