#M01702	GLI1
#p.cut	M01702	OpenChromDnaseStellate	0.01	0.05	0.1	0.25	0.5	0.75	0.9	0.95	0.99	
#p.Tcut2	M01702	OpenChromDnaseStellate	14.03	15.69	16.43	17.53	18.63	19.73	20.83	21.57	23.22	
#p.Tcut2b	M01702	OpenChromDnaseStellate	12.89	14.54	15.29	16.39	17.48	18.58	19.68	20.43	22.08	
A	C	G	T
0.22980715	0.3492294	0.24578391	0.17517954
0.27776748	0.12824621	0.23527245	0.35871386
0.01218305	0.01243513	0.97116601	0.00421581
0.79198852	0.10825346	0.09975702	1e-06
0.00413855	0.98360371	0.00421581	0.00804193
0.0038177	0.98396953	0.00422215	0.00799062
0.90511497	0.0496082	0.04527583	1e-06
0.00822083	0.97080233	1e-06	0.02097584
0.09371221	0.89427734	0.00778829	0.00422216
0.01211133	0.98404835	1e-06	0.00383932
0.92561361	0.0118473	0.05831693	0.00422215
0.16693868	0.52813849	0.19802163	0.1069012
0.0247846	0.1789339	0.66888675	0.12739475
0.22980715	0.3492294	0.24578391	0.17517954
