#M01749	NF-AT2 dimer
#p.cut	M01749	UwDnaseH1hesc	0.01	0.05	0.1	0.25	0.5	0.75	0.9	0.95	0.99	
#p.Tcut2	M01749	UwDnaseH1hesc	14.6	16.25	17	18.09	19.19	20.29	21.39	22.14	23.79	
#p.Tcut2b	M01749	UwDnaseH1hesc	13.62	15.27	16.02	17.12	18.21	19.31	20.41	21.16	22.81	
A	C	G	T
0.2818212	0.23130608	0.23197075	0.25490196
0.13535772	0.22020737	0.40696241	0.2374725
0.18691195	0.26809671	0.25485814	0.29013321
0.26989101	0.16911016	0.30800542	0.25299341
0.35471527	0.15309905	0.33999274	0.15219294
0.23951427	0.25305661	0.11813909	0.38929003
1e-06	0.03426808	1e-06	0.96572992
0.01713874	0.01582646	1e-06	0.96703381
1e-06	0.9839591	1e-06	0.0160389
1e-06	0.98431045	1e-06	0.01568755
0.968485	1e-06	0.01568755	0.01582646
1e-06	0.05004877	1e-06	0.94994923
1e-06	1e-06	0.999997	1e-06
0.01713717	1e-06	0.98286083	1e-06
0.999997	1e-06	1e-06	1e-06
0.999997	1e-06	1e-06	1e-06
0.78092536	0.10143239	1e-06	0.11764125
0.22077827	0.37580615	0.28563828	0.1177773
0.2818212	0.23130608	0.23197075	0.25490196
