#M01728	EAR2
#p.cut	M01728	EpiUwRmapDNaseH1.Derived.Neuronal.Progenitor.Cultured.Cells.SRX121241	0.01	0.05	0.1	0.25	0.5	0.75	0.9	0.95	0.99	
#p.Tcut2	M01728	EpiUwRmapDNaseH1.Derived.Neuronal.Progenitor.Cultured.Cells.SRX121241	14.31	15.96	16.71	17.81	18.9	20	21.1	21.85	23.5	
#p.Tcut2b	M01728	EpiUwRmapDNaseH1.Derived.Neuronal.Progenitor.Cultured.Cells.SRX121241	13.23	14.88	15.63	16.73	17.82	18.92	20.02	20.77	22.42	
A	C	G	T
0.17239583	0.30815972	0.22546296	0.29398148
0.00633054	0.07173804	0.00633365	0.91559777
0.0246435	0.04389363	0.88193742	0.04952545
0.56588381	0.23752248	0.07210144	0.12449227
0.0626811	0.79367336	0.01582786	0.12781768
1e-06	0.99375885	1e-06	0.00623915
1e-06	0.01895463	1e-06	0.98104337
1e-06	0.16556083	1e-06	0.83443717
1e-06	0.00949991	1e-06	0.99049809
0.00631546	0.00286382	0.9876534	0.00316732
0.25709777	0.58442383	0.03720248	0.12127591
0.00945976	0.97217869	1e-06	0.01836054
0.00316732	0.94671906	0.00313218	0.04698144
0.00633054	0.12539493	0.00613033	0.8621442
0.02834815	0.09967504	0.25325386	0.61872295
0.17239583	0.30815972	0.22546296	0.29398148
