#M01799	AMS
#p.cut	M01799	OpenChromDnaseStellate	0.01	0.05	0.1	0.25	0.5	0.75	0.9	0.95	0.99	
#p.Tcut2	M01799	OpenChromDnaseStellate	13.57	15.22	15.97	17.07	18.17	19.27	20.37	21.11	22.76	
#p.Tcut2b	M01799	OpenChromDnaseStellate	13.63	15.28	16.03	17.12	18.22	19.32	20.42	21.17	22.82	
A	C	G	T
0.20103226	0.27668817	0.27307527	0.2492043
0.01061674	0.93569532	0.00852834	0.0451596
0.00646721	0.03397457	0.22989613	0.72966209
0.00634835	0.9827778	1e-06	0.01087285
0.97143319	1e-06	0.02649422	0.00207159
0.00821032	0.01302064	0.55629651	0.42247253
0.01277981	0.00858662	0.9699235	0.00871007
0.0022041	0.00213446	0.00220522	0.99345623
0.00635999	0.0064587	0.98497221	0.0022091
0.01916221	0.01693653	0.54629161	0.41760964
1e-06	0.97447762	0.0107675	0.01475387
0.25270029	0.33921997	0.08023052	0.32784923
0.20103226	0.27668817	0.27307527	0.2492043
