#M01707	MIG2
#p.cut	M01707	EpiUwRmapDNaseMobilized.CD3.Primary.Cells.SRX089240	0.01	0.05	0.1	0.25	0.5	0.75	0.9	0.95	0.99	
#p.Tcut2	M01707	EpiUwRmapDNaseMobilized.CD3.Primary.Cells.SRX089240	13.03	14.68	15.43	16.53	17.63	18.72	19.82	20.57	22.22	
#p.Tcut2b	M01707	EpiUwRmapDNaseMobilized.CD3.Primary.Cells.SRX089240	10.52	12.17	12.91	14.01	15.11	16.21	17.31	18.05	19.71	
A	C	G	T
0.30439815	0.18568122	0.32060185	0.18931878
0.71780128	0.00909322	0.19050143	0.08260407
0.14382389	0.133503	0.27855198	0.44412112
0.60157224	0.06880597	0.21821744	0.11140435
0.62155379	0.08270339	0.22175782	0.07398501
0.82929645	0.03256006	0.11537314	0.02277034
0.8938238	0.00938851	0.07805295	0.01873474
0.72086094	0.02322722	0.21438773	0.04152411
0.07441951	0.05095527	0.19649639	0.67812883
0.01825197	0.01877526	0.94466558	0.01830719
0.05945852	0.7002448	0.12547867	0.114818
0.06457446	0.02791163	0.80686323	0.10065068
0.03248542	0.004693	0.93536124	0.02746035
0.03726401	1e-06	0.95334647	0.00938852
0.03241456	0.05042092	0.907776	0.00938852
0.58752333	0.07842232	0.27861868	0.05543567
0.49360278	0.04675648	0.33938621	0.12025453
0.30439815	0.18568122	0.32060185	0.18931878
