#M01708	MIG1
#p.cut	M01708	EpiUwRmapDNaseMobilized.CD3.Primary.Cells.SRX089240	0.01	0.05	0.1	0.25	0.5	0.75	0.9	0.95	0.99	
#p.Tcut2	M01708	EpiUwRmapDNaseMobilized.CD3.Primary.Cells.SRX089240	13.99	15.64	16.38	17.48	18.58	19.68	20.78	21.53	23.18	
#p.Tcut2b	M01708	EpiUwRmapDNaseMobilized.CD3.Primary.Cells.SRX089240	10.66	12.31	13.05	14.15	15.25	16.35	17.45	18.2	19.85	
A	C	G	T
0.32002801	0.17635387	0.30135387	0.20226424
0.22282116	0.32135805	0.2207126	0.23510819
0.22974053	0.2484574	0.28062972	0.24117235
0.2872292	0.26885772	0.22818276	0.21573033
0.33943396	0.25597376	0.18950073	0.21509155
0.28055059	0.24188912	0.21535881	0.26220147
0.34679316	0.18923625	0.22307728	0.24089331
0.23466035	0.20258458	0.30111478	0.26164028
0.30082883	0.20172545	0.2815699	0.21587582
0.31196178	0.1962181	0.28280026	0.20901985
0.29333858	0.22189603	0.26215862	0.22260676
0.27981777	0.24275174	0.27583775	0.20159274
0.29810518	0.26422727	0.24277621	0.19489134
0.32042011	0.22893042	0.19579024	0.25485923
0.29423949	0.24718453	0.26206	0.19651599
0.31963591	0.24208196	0.22926915	0.20901298
0.30802826	0.18320803	0.30681672	0.20194699
0.28225945	0.17624639	0.28631228	0.25518189
0.38456718	0.15754731	0.26968564	0.18819986
0.35359862	0.23469489	0.22928438	0.18242211
0.73748753	0.00653184	0.17163514	0.08434548
0.09216768	0.08599619	0.26131424	0.56052189
0.68681818	0.08345308	0.11222281	0.11750593
0.78342729	0.03924582	0.1310203	0.0463066
0.8744544	0.01988693	0.07914641	0.02651226
0.84929259	0.02620738	0.09175394	0.03274609
0.7564604	0.03284029	0.17820295	0.03249637
0.09262343	0.04523158	0.17891935	0.68322564
0.03230997	0.0198883	0.93454067	0.01326105
0.06477205	0.59060075	0.11824083	0.22638637
0.04555429	0.02651913	0.90902533	0.01890125
0.06526971	0.00662686	0.84964149	0.07846194
0.03773289	1e-06	0.89656996	0.06569615
0.03805321	0.0457288	0.87088027	0.04533773
0.65527391	0.02563874	0.26108304	0.05800431
0.55566258	0.05238976	0.30130559	0.09064208
0.32002801	0.17635387	0.30135387	0.20226424
