#M01704	GLI3
#p.cut	M01704	OpenChromDnaseStellate	0.01	0.05	0.1	0.25	0.5	0.75	0.9	0.95	0.99	
#p.Tcut2	M01704	OpenChromDnaseStellate	14.28	15.93	16.68	17.78	18.88	19.98	21.08	21.82	23.47	
#p.Tcut2b	M01704	OpenChromDnaseStellate	13.35	15	15.74	16.84	17.94	19.04	20.14	20.89	22.54	
A	C	G	T
0.24517974	0.33937908	0.23521242	0.18022876
0.33650371	0.0798183	0.22534421	0.35833379
0.01218251	0.00423222	0.97931481	0.00427046
0.87791785	0.00847481	0.11360633	1e-06
0.00411903	0.987338	0.00427046	0.00427252
1e-06	0.98355735	0.0042697	0.01217195
0.94583278	0.0205762	0.03359002	1e-06
0.00427253	0.97452683	1e-06	0.02119964
0.11598028	0.86738173	0.00809394	0.00854405
0.0083112	0.98388372	1e-06	0.00780408
0.93353162	0.00813808	0.05405777	0.00427253
0.28194356	0.42193788	0.20417973	0.09193883
0.02549529	0.28086257	0.56457961	0.12906253
0.24517974	0.33937908	0.23521242	0.18022876
