#M01731	MAL63
#p.cut	M01731	UwDgfTh1wb33676984	0.01	0.05	0.1	0.25	0.5	0.75	0.9	0.95	0.99	
#p.Tcut2	M01731	UwDgfTh1wb33676984	13.46	15.11	15.86	16.95	18.05	19.15	20.25	21	22.65	
#p.Tcut2b	M01731	UwDgfTh1wb33676984	12.39	14.04	14.79	15.89	16.99	18.09	19.19	19.93	21.58	
A	C	G	T
0.24522893	0.19910141	0.29409499	0.26157467
0.52510893	0.23590811	0.03908865	0.19989431
0.50192858	0.17594018	0.04655392	0.27557732
0.02199109	0.45062632	0.30532768	0.22205491
0.02208485	0.42964297	0.20974953	0.33852265
0.11776064	0.31981327	0.47484531	0.08758078
0.74131415	0.19774967	0.03905893	0.02187724
0.22696823	0.01967706	0.58534765	0.16800706
0.53617586	0.01204934	0.03168917	0.42008563
0.01468056	0.01232179	0.71975076	0.2532469
0.00492931	0.01203634	0.00978754	0.97324681
0.00485923	0.01455433	0.02215352	0.95843292
0.00739347	0.01706092	0.00985214	0.96569346
0.46552027	0.19341319	0.18036353	0.160703
0.22990939	0.00739148	0.74572188	0.01697725
0.02199978	0.22685727	0.72438018	0.02676277
0.03672882	0.08308552	0.85344576	0.0267399
0.14134828	0.00979307	0.83407287	0.01478579
0.24522893	0.19910141	0.29409499	0.26157467
