#M01742	Zfp206
#p.cut	M01742	EpiUwRmapDNaseFetal.Kidney.Right.SRX100976	0.01	0.05	0.1	0.25	0.5	0.75	0.9	0.95	0.99	
#p.Tcut2	M01742	EpiUwRmapDNaseFetal.Kidney.Right.SRX100976	16.04	17.69	18.44	19.54	20.63	21.73	22.83	23.58	25.23	
#p.Tcut2b	M01742	EpiUwRmapDNaseFetal.Kidney.Right.SRX100976	10.26	11.91	12.66	13.76	14.86	15.96	17.06	17.8	19.45	
A	C	G	T
0.14297771	0.35583148	0.35067518	0.15051563
0.35233313	0.18872029	0.21318665	0.24575993
0.0920558	0.43652213	0.33790333	0.13351874
0.00114894	0.25456707	0.04103905	0.70324494
0.0283845	1e-06	0.96993222	0.00168228
1e-06	0.999997	1e-06	1e-06
1e-06	0.00114672	0.99885128	1e-06
1e-06	0.9988721	0.00054723	0.00057967
0.88027454	0.04285288	0.07395912	0.00291346
0.03312053	0.12942926	0.35545396	0.48199625
1e-06	0.00177681	0.99762763	0.00059456
0.00059473	0.97287322	0.00059499	0.02593706
1e-06	0.00177422	0.93343195	0.06479284
1e-06	0.91746049	0.00111662	0.08142189
0.27889374	0.26966897	0.34400114	0.10743615
0.16823579	0.30302758	0.3954377	0.13329892
0.19903734	0.27201556	0.24670123	0.28224587
0.14297771	0.35583148	0.35067518	0.15051563
