#M01793	CBF1
#p.cut	M01793	OpenChromDnaseHsmmemb	0.01	0.05	0.1	0.25	0.5	0.75	0.9	0.95	0.99	
#p.Tcut2	M01793	OpenChromDnaseHsmmemb	10	11.65	12.4	13.5	14.59	15.69	16.79	17.54	19.19	
#p.Tcut2b	M01793	OpenChromDnaseHsmmemb	11.83	13.48	14.22	15.32	16.42	17.52	18.62	19.37	21.02	
A	C	G	T
0.18848701	0.2918577	0.31359314	0.20606215
0.16943227	0.05536806	0.6631382	0.11206147
0.16965076	0.00657016	0.82377808	1e-06
1e-06	0.00891333	0.01076641	0.98031926
1e-06	0.99331171	0.00222949	0.00445779
0.98689536	0.00222949	0.00428519	0.00658995
1e-06	0.97185737	0.00222745	0.02591418
0.06595075	0.00222949	0.93181876	1e-06
1e-06	0.00668323	0.00222704	0.99108872
0.0021978	1e-06	0.99352346	0.00427775
0.46022734	0.41637661	0.11465886	0.00873719
0.14791811	0.36310851	0.03757412	0.45139926
0.17944213	0.33810321	0.12368244	0.35877222
0.18848701	0.2918577	0.31359314	0.20606215
