#M01724	T3RALPHA
#p.cut	M01724	OpenChromDnaseRwpe1	0.01	0.05	0.1	0.25	0.5	0.75	0.9	0.95	0.99	
#p.Tcut2	M01724	OpenChromDnaseRwpe1	15.42	17.07	17.82	18.91	20.01	21.11	22.21	22.96	24.61	
#p.Tcut2b	M01724	OpenChromDnaseRwpe1	14.95	16.6	17.35	18.45	19.55	20.64	21.74	22.49	24.14	
A	C	G	T
0.24227318	0.21841143	0.30169492	0.23762047
0.02427348	0.23546289	0.71944921	0.02081441
0.02050263	0.41207091	0.00681376	0.5606127
0.00347595	0.01017812	0.01019456	0.97615136
0.01389673	0.12450146	0.86160081	1e-06
0.96585805	1e-06	0.03413995	1e-06
0.02376072	1e-06	0.97276233	0.00347595
0.01317976	0.00343986	0.97992397	0.00345641
1e-06	0.01388917	1e-06	0.98610883
1e-06	0.99002122	0.00661535	0.00336243
0.97971896	0.00347354	0.0168065	1e-06
0.02341509	0.12584655	0.84409502	0.00664335
0.24227318	0.21841143	0.30169492	0.23762047
