#M01789	IFH1
#p.cut	M01789	UwDnaseHmvecdad	0.01	0.05	0.1	0.25	0.5	0.75	0.9	0.95	0.99	
#p.Tcut2	M01789	UwDnaseHmvecdad	15.29	16.94	17.69	18.79	19.89	20.99	22.08	22.83	24.48	
#p.Tcut2b	M01789	UwDnaseHmvecdad	11.54	13.19	13.94	15.04	16.14	17.24	18.34	19.08	20.73	
A	C	G	T
0.30289562	0.15973064	0.25925926	0.27811448
0.71155874	0.02167742	0.19327691	0.07348692
0.60725474	0.00753789	0.19405696	0.19115041
0.80733391	0.00706952	0.18559557	1e-06
0.00753791	0.02205894	0.16269271	0.80771044
0.03757662	0.00753791	0.93982691	0.01505857
1e-06	0.20041008	0.0075379	0.79205103
0.85939017	1e-06	0.08106177	0.05954707
0.05942666	0.25911527	0.01503205	0.66642602
0.1769838	0.00753791	0.778689	0.03678929
0.00753789	1e-06	0.97739315	0.01506797
0.60709105	0.0146268	0.37074424	0.00753791
1e-06	0.0226006	0.00753791	0.96986049
0.03014861	0.02190211	0.70151047	0.2464388
0.16093631	0.17869664	0.05876324	0.60160381
0.65851065	1e-06	0.04453366	0.29695469
0.30289562	0.15973064	0.25925926	0.27811448
