#M01723	SATB1
#p.cut	M01723	EpiUwRmapDNaseCD3.Cord.Blood.Primary.Cells.SRX055190	0.01	0.05	0.1	0.25	0.5	0.75	0.9	0.95	0.99	
#p.Tcut2	M01723	EpiUwRmapDNaseCD3.Cord.Blood.Primary.Cells.SRX055190	18.2	19.85	20.6	21.7	22.8	23.9	25	25.74	27.39	
#p.Tcut2b	M01723	EpiUwRmapDNaseCD3.Cord.Blood.Primary.Cells.SRX055190	9.93	11.58	12.32	13.42	14.52	15.62	16.72	17.47	19.12	
A	C	G	T
0.36828147	0.15823904	0.17309052	0.30038897
0.40439791	0.29680374	0.09024544	0.20855291
0.87048907	1e-06	0.03018382	0.09932611
0.04970546	0.02012321	0.36610463	0.56406669
0.55289832	0.0201236	0.00929129	0.41768679
0.87166484	1e-06	0.0197446	0.10858956
0.76238803	1e-06	1e-06	0.23760997
0.00970925	1e-06	0.0100623	0.98022746
0.99072396	1e-06	0.00927404	1e-06
0.9899357	1e-06	0.0100623	1e-06
0.21734692	0.03018486	1e-06	0.75246723
0.0100623	0.00929129	0.98064541	1e-06
0.83208489	1e-06	0.15820486	0.00970925
0.04024619	0.48303618	1e-06	0.47671664
0.85118308	0.14881492	1e-06	1e-06
0.08939442	0.45636504	0.09912544	0.3551151
0.4562456	0.03018451	1e-06	0.51356889
0.51363447	1e-06	0.01918683	0.46717769
0.25728798	0.15816688	0.24717435	0.33737079
0.26629737	0.22938385	0.20709432	0.29722446
0.348106	0.19910578	0.16452552	0.2882627
0.41488273	0.168554	0.13842369	0.27813958
0.32785967	0.17874945	0.2065754	0.28681548
0.28604117	0.20853078	0.15890829	0.34651976
0.27749474	0.22578222	0.16869549	0.32802754
0.26668525	0.19487178	0.13029912	0.40814385
0.29739366	0.20657606	0.22888982	0.26714046
0.32666893	0.16854898	0.1983496	0.30643249
0.30739944	0.18010117	0.23528981	0.27720958
0.2489221	0.18898098	0.19724391	0.36485302
0.28950391	0.23723834	0.19636014	0.27689761
0.30638581	0.22892052	0.19905823	0.26563544
0.32678337	0.12912819	0.22382899	0.32025945
0.36850796	0.12798366	0.31538851	0.18811987
0.36828147	0.15823904	0.17309052	0.30038897
