#M01801	ERalpha
#p.cut	M01801	UwDgfT47d	0.01	0.05	0.1	0.25	0.5	0.75	0.9	0.95	0.99	
#p.Tcut2	M01801	UwDgfT47d	13.98	15.63	16.38	17.48	18.58	19.68	20.77	21.52	23.17	
#p.Tcut2b	M01801	UwDgfT47d	13.95	15.6	16.35	17.45	18.55	19.64	20.74	21.49	23.14	
A	C	G	T
0.25485467	0.24551639	0.25333952	0.24628942
0.87217216	0.00333961	0.122766	0.00172223
0.07566897	0.00172223	0.83924648	0.08336231
0.01842434	0.00172223	0.97468876	0.00516467
0.03067373	0.05385545	0.04537273	0.87009808
1e-06	0.89836484	0.01356267	0.08807149
0.9306701	0.00661673	0.04894852	0.01376464
0.11046851	0.47050974	0.25373806	0.16528369
0.42423169	0.04424744	0.27835556	0.2531653
0.09676764	0.22808289	0.62602511	0.04912436
0.01866826	1e-06	0.00516312	0.97616762
0.00172208	0.01720363	0.97763082	0.00344346
0.88310355	0.10173399	1e-06	0.01516147
0.02895606	0.9108257	0.05369027	0.00652796
0.02537457	0.95933503	0.00343999	0.01185041
0.05807279	0.24177804	0.01027108	0.68987809
0.25485467	0.24551639	0.25333952	0.24628942
