#M01830	MAX
#p.cut	M01830	OpenChromDnaseEcc1Dm002p1h	0.01	0.05	0.1	0.25	0.5	0.75	0.9	0.95	0.99	
#p.Tcut2	M01830	OpenChromDnaseEcc1Dm002p1h	13.33	14.98	15.73	16.83	17.92	19.02	20.12	20.87	22.52	
#p.Tcut2b	M01830	OpenChromDnaseEcc1Dm002p1h	11.73	13.38	14.13	15.23	16.33	17.43	18.53	19.27	20.92	
A	C	G	T
0.18063895	0.3445678	0.29743967	0.17735357
0.00881236	0.7984785	0.15476145	0.03794768
0.15375726	0.65315958	0.06383651	0.12924665
0.24880329	0.07714264	0.53010148	0.14395258
0.09729737	0.1776025	0.72062451	0.00447563
0.17017406	0.7947417	0.02046492	0.01461932
0.0043841	0.98673045	0.00447954	0.00440591
0.97223569	0.0088029	0.01597981	0.0029816
0.01464046	0.89515236	0.01300536	0.07720182
0.04643185	0.01161207	0.94046223	0.00149385
0.00149265	0.02206105	1e-06	0.9764453
0.00729386	0.00298656	0.98971858	1e-06
0.22105118	0.49749597	0.26694711	0.01450574
0.18063895	0.3445678	0.29743967	0.17735357
