#M01869	C/EBPgamma
#p.cut	M01869	EpiUwRmapDNaseFetal.Lung.SRX062368	0.01	0.05	0.1	0.25	0.5	0.75	0.9	0.95	0.99	
#p.Tcut2	M01869	EpiUwRmapDNaseFetal.Lung.SRX062368	14.78	16.44	17.18	18.28	19.38	20.48	21.58	22.32	23.98	
#p.Tcut2b	M01869	EpiUwRmapDNaseFetal.Lung.SRX062368	12.6	14.25	14.99	16.09	17.19	18.29	19.39	20.14	21.79	
A	C	G	T
0.29314361	0.18296638	0.2515074	0.27238261
0.01893445	0.14931472	0.82594048	0.00581034
0.65749763	0.00111786	0.33906366	0.00232085
1e-06	0.01888424	1e-06	0.98111376
1e-06	0.00593456	0.02702177	0.96704267
0.16178711	1e-06	0.83096711	0.00724478
0.00958353	0.40294372	0.5635555	0.02391726
0.23982765	0.00829026	0.75188109	1e-06
0.81422954	0.17990613	0.00586333	1e-06
0.99649079	0.00117168	0.00233653	1e-06
0.99402366	0.0023529	0.00242032	0.00120311
0.00117016	0.01766396	0.02949735	0.95166853
0.02151729	0.41570103	0.55082436	0.01195732
0.29314361	0.18296638	0.2515074	0.27238261
