#M01826	PITX1
#p.cut	M01826	UwDgfTh1wb33676984	0.01	0.05	0.1	0.25	0.5	0.75	0.9	0.95	0.99	
#p.Tcut2	M01826	UwDgfTh1wb33676984	14.99	16.64	17.39	18.49	19.59	20.69	21.78	22.53	24.18	
#p.Tcut2b	M01826	UwDgfTh1wb33676984	13.07	14.72	15.47	16.57	17.67	18.77	19.87	20.61	22.26	
A	C	G	T
0.2972549	0.24360784	0.19505882	0.26407843
0.38959376	0.05225549	0.23983636	0.31831438
0.03558491	0.00405991	0.95629534	0.00405984
0.7199766	0.25574328	0.01210245	0.01217767
0.3638784	0.58823141	0.01217774	0.03571245
0.73947301	0.18447882	0.06811537	0.00793281
0.09850276	0.87350158	0.00795856	0.0200371
0.01191013	0.03152403	0.00780565	0.94876019
0.96753572	0.01216772	0.01623665	0.00405991
0.9721589	0.00785438	0.01592681	0.00405991
1e-06	0.0480441	0.00405991	0.94789499
0.0081044	0.97590143	1e-06	0.01599317
0.01597299	0.40752134	0.00405991	0.57244575
0.2972549	0.24360784	0.19505882	0.26407843
