#M01818	CPRF-1
#p.cut	M01818	OpenChromDnaseHsmmemb	0.01	0.05	0.1	0.25	0.5	0.75	0.9	0.95	0.99	
#p.Tcut2	M01818	OpenChromDnaseHsmmemb	9.95	11.6	12.35	13.45	14.55	15.65	16.74	17.49	19.14	
#p.Tcut2b	M01818	OpenChromDnaseHsmmemb	10.43	12.08	12.82	13.92	15.02	16.12	17.22	17.97	19.62	
A	C	G	T
0.18212361	0.31787639	0.33156894	0.16843106
1e-06	0.61922833	0.37444653	0.00632414
0.97766389	0.0063258	0.01600931	1e-06
0.00610341	0.95634895	0.00786321	0.02968444
0.02663508	0.00803441	0.95743577	0.00789474
0.00480589	0.01739461	0.00477913	0.97302037
0.00780023	0.00468824	0.98590385	0.00160768
0.00781906	0.00160768	0.98896558	0.00160768
0.09229736	0.8559297	0.00158838	0.05018456
0.5600286	0.2661562	0.16899415	0.00482104
0.00927142	0.63199447	0.26906378	0.08967033
0.18212361	0.31787639	0.33156894	0.16843106
