#M01843	DEC2
#p.cut	M01843	UwDnaseCaco2	0.01	0.05	0.1	0.25	0.5	0.75	0.9	0.95	0.99	
#p.Tcut2	M01843	UwDnaseCaco2	8.13	9.78	10.53	11.63	12.73	13.82	14.92	15.67	17.32	
#p.Tcut2b	M01843	UwDnaseCaco2	9.99	11.64	12.39	13.49	14.59	15.68	16.78	17.53	19.18	
A	C	G	T
0.17422053	0.31520913	0.31178707	0.19878327
0.0112042	0.18947904	0.79552663	0.00379013
0.11746077	0.18831248	0.35730704	0.33691972
0.00388407	0.00386991	0.03757637	0.95466966
0.00363747	0.98507896	0.00382319	0.00746038
0.9700095	1e-06	0.02254104	0.00744846
0.00744904	0.94035171	0.01160521	0.04059405
0.04090168	0.00386991	0.94756777	0.00766064
0.00363834	0.02315149	0.00388407	0.96932609
0.00384915	1e-06	0.98468828	0.01146157
0.01153812	0.72759264	0.23093325	0.02993599
0.17422053	0.31520913	0.31178707	0.19878327
