#M01844	HSF1
#p.cut	M01844	UwDnaseRpmi7951	0.01	0.05	0.1	0.25	0.5	0.75	0.9	0.95	0.99	
#p.Tcut2	M01844	UwDnaseRpmi7951	22.2	23.85	24.59	25.69	26.79	27.89	28.99	29.74	31.39	
#p.Tcut2b	M01844	UwDnaseRpmi7951	13.44	15.09	15.84	16.94	18.03	19.13	20.23	20.98	22.63	
A	C	G	T
0.27734581	0.16503946	0.1497223	0.40789243
0.29887743	0.07970409	0.01609434	0.60532414
0.02882173	0.01272238	0.01948107	0.93897482
0.21847812	0.04447471	0.0128738	0.72417337
0.00976959	0.0129588	0.0032572	0.9740144
0.00323905	0.0063614	0.00302837	0.98737117
0.00643351	0.02210415	0.00650561	0.96495673
1e-06	0.00317245	0.00320065	0.9936259
1e-06	1e-06	0.0032572	0.9967408
0.0032572	0.96454169	0.01295026	0.01925085
1e-06	0.0259066	0.00310521	0.9709872
0.22500457	0.01296925	0.21202036	0.55000583
0.01551544	0.00648981	0.54267121	0.43532354
0.93571562	0.01302579	0.03547817	0.01578042
0.96802732	0.0065134	0.02252712	0.00293217
0.733426	0.05095749	0.11230928	0.10330722
0.27734581	0.16503946	0.1497223	0.40789243
