#M01840	E2L1
#p.cut	M01840	EpiUwRmapDNaseH1.BMP4.Derived.Trophoblast.Cultured.Cells.SRX121240	0.01	0.05	0.1	0.25	0.5	0.75	0.9	0.95	0.99	
#p.Tcut2	M01840	EpiUwRmapDNaseH1.BMP4.Derived.Trophoblast.Cultured.Cells.SRX121240	9.58	11.23	11.98	13.08	14.17	15.27	16.37	17.12	18.77	
#p.Tcut2b	M01840	EpiUwRmapDNaseH1.BMP4.Derived.Trophoblast.Cultured.Cells.SRX121240	8.84	10.49	11.24	12.34	13.43	14.53	15.63	16.38	18.03	
A	C	G	T
0.1812115	0.25422524	0.26796715	0.29659611
0.01428476	0.02882377	0.11729495	0.83959652
0.02445921	0.03919875	0.01030731	0.92603473
0.01017329	0.03531659	0.01647648	0.93803365
0.00831534	0.02262777	0.02455757	0.94449933
0.01030326	0.19205594	0.78111227	0.01652852
0.02017788	0.28356982	0.6797415	0.0165108
0.04897946	0.8322668	0.03719264	0.0815611
0.10838962	0.03231117	0.81627914	0.04302007
0.02873246	0.41387998	0.53082208	0.02656549
0.01863209	0.61812072	0.32444692	0.03880027
0.19335688	0.02053135	0.03687072	0.74924105
0.16488984	0.12789532	0.07955701	0.62765783
0.1812115	0.25422524	0.26796715	0.29659611
