#M01848	TCP15
#p.cut	M01848	EpiUwRmapDNaseMobilized.CD3.Primary.Cells.SRX089240	0.01	0.05	0.1	0.25	0.5	0.75	0.9	0.95	0.99	
#p.Tcut2	M01848	EpiUwRmapDNaseMobilized.CD3.Primary.Cells.SRX089240	13.2	14.85	15.6	16.7	17.8	18.89	19.99	20.74	22.39	
#p.Tcut2b	M01848	EpiUwRmapDNaseMobilized.CD3.Primary.Cells.SRX089240	12.69	14.34	15.08	16.18	17.28	18.38	19.48	20.23	21.88	
A	C	G	T
0.19464151	0.28649057	0.33879245	0.18007547
0.03364541	0.02631262	0.93624749	0.00379448
0.00383287	0.0454127	0.00742824	0.9433262
0.01516343	0.00365419	0.9736596	0.00752278
0.02642422	1e-06	0.96974192	0.00383287
0.01115745	0.01145763	0.97738392	1e-06
0.48002495	0.43359048	0.04497761	0.04140697
0.00742021	0.96240649	0.01112581	0.01904749
0.00762966	0.97333225	0.00763118	0.01140691
0.00742363	0.93298842	0.02670083	0.03288712
0.70858977	0.02575189	0.25800319	0.00765515
0.19464151	0.28649057	0.33879245	0.18007547
