#M01854	AML2
#p.cut	M01854	UwDnaseHpaec	0.01	0.05	0.1	0.25	0.5	0.75	0.9	0.95	0.99	
#p.Tcut2	M01854	UwDnaseHpaec	13.14	14.79	15.54	16.64	17.74	18.83	19.93	20.68	22.33	
#p.Tcut2b	M01854	UwDnaseHpaec	12.31	13.96	14.71	15.8	16.9	18	19.1	19.85	21.5	
A	C	G	T
0.24875622	0.33413813	0.21473515	0.2023705
1e-06	0.98923011	0.00378135	0.00698754
1e-06	0.98145172	1e-06	0.01854628
0.97386982	1e-06	0.02612818	1e-06
1e-06	0.97367185	0.00378299	0.02254416
0.94752054	0.01125863	0.03755469	0.00366613
0.00756498	0.95521984	0.02234178	0.0148734
0.01079559	0.95221913	0.00720966	0.02977563
0.91102832	0.02247394	0.05922636	0.00727138
0.01490301	0.5778944	0.01134697	0.39585561
0.39888867	0.02636636	0.27520284	0.29954212
0.01127042	0.03711786	0.83249755	0.11911418
0.24875622	0.33413813	0.21473515	0.2023705
