#M01888	Smad3
#p.cut	M01888	EpiUwRmapDNaseFetal.Thymus.SRX100968	0.01	0.05	0.1	0.25	0.5	0.75	0.9	0.95	0.99	
#p.Tcut2	M01888	EpiUwRmapDNaseFetal.Thymus.SRX100968	13.93	15.58	16.33	17.43	18.53	19.62	20.72	21.47	23.12	
#p.Tcut2b	M01888	EpiUwRmapDNaseFetal.Thymus.SRX100968	13.42	15.07	15.81	16.91	18.01	19.11	20.21	20.96	22.61	
A	C	G	T
0.27843459	0.27327124	0.29488974	0.15340443
0.46335341	0.02315333	0.49332322	0.02017004
0.0230829	0.02295462	0.93859384	0.01536864
0.8434006	0.1082963	0.0306165	0.0176866
0.0181621	0.94626369	0.0229167	0.0126575
0.99511709	1e-06	0.00488091	1e-06
0.00260187	0.00520248	0.99219465	1e-06
0.98228822	0.00504613	0.00761342	0.00505223
0.01509595	0.92868048	0.0485505	0.00767307
0.92364668	0.02278982	0.03049832	0.02306519
0.01017312	0.26514152	0.71465668	0.01002867
0.70062247	0.25823859	0.03593633	0.00520261
0.15091812	0.48140572	0.31633002	0.05134613
0.07705561	0.4191534	0.13795015	0.36584085
0.27843459	0.27327124	0.29488974	0.15340443
