#M01868	CEBPE
#p.cut	M01868	EpiUwRmapDNaseFetal.Intestine.Large.SRX055195	0.01	0.05	0.1	0.25	0.5	0.75	0.9	0.95	0.99	
#p.Tcut2	M01868	EpiUwRmapDNaseFetal.Intestine.Large.SRX055195	17.22	18.87	19.61	20.71	21.81	22.91	24.01	24.75	26.41	
#p.Tcut2b	M01868	EpiUwRmapDNaseFetal.Intestine.Large.SRX055195	11.92	13.57	14.32	15.42	16.52	17.62	18.72	19.46	21.11	
A	C	G	T
0.33770779	0.20428696	0.16535433	0.29265092
0.20809716	0.33577799	1e-06	0.45612385
0.93766335	0.00757345	0.05076733	0.00399587
0.95262144	0.02394103	0.01571299	0.00772454
0.55037217	0.0114985	0.43812834	1e-06
0.74382913	0.22085153	0.03132345	0.00399589
0.00391878	0.01571328	0.00399555	0.97637239
0.00391878	0.00398089	0.0078563	0.98424403
0.00766335	0.00374971	0.45662895	0.53195799
1e-06	0.97236065	0.00366846	0.02396989
0.57452139	0.17638631	0.03544747	0.21364483
0.36579943	0.00798459	0.00776675	0.61844922
0.81495327	0.17321333	0.01183239	1e-06
0.99201357	1e-06	0.00798443	1e-06
0.00797501	0.87478705	0.03161313	0.08562482
0.33770779	0.20428696	0.16535433	0.29265092
