#M01876	GABP-beta
#p.cut	M01876	UwDnaseCaco2	0.01	0.05	0.1	0.25	0.5	0.75	0.9	0.95	0.99	
#p.Tcut2	M01876	UwDnaseCaco2	10.5	12.15	12.9	14	15.1	16.19	17.29	18.04	19.69	
#p.Tcut2b	M01876	UwDnaseCaco2	11.65	13.3	14.05	15.15	16.25	17.34	18.44	19.19	20.84	
A	C	G	T
0.2266989	0.26148268	0.35233683	0.1594816
0.93830647	0.01025693	0.05143559	1e-06
0.00319078	0.57163506	0.41162147	0.01355268
0.37299775	0.60390459	0.01318438	0.00991328
0.00993716	1e-06	0.9867702	0.00329164
0.0066506	0.00329164	0.98670187	0.00335589
0.98675137	1e-06	0.0100841	0.00316354
0.97285033	0.00347638	0.01694952	0.00672377
0.0171957	0.01038116	0.97242214	1e-06
1e-06	0.01348472	0.14324822	0.84326606
0.01706358	0.01358358	0.96587327	0.00347956
0.3248399	0.53396558	0.12742256	0.01377196
0.2266989	0.26148268	0.35233683	0.1594816
