#M01871	COE1
#p.cut	M01871	UwDgfHpdlf	0.01	0.05	0.1	0.25	0.5	0.75	0.9	0.95	0.99	
#p.Tcut2	M01871	UwDgfHpdlf	14.33	15.98	16.73	17.82	18.92	20.02	21.12	21.87	23.52	
#p.Tcut2b	M01871	UwDgfHpdlf	14.17	15.82	16.57	17.67	18.77	19.86	20.96	21.71	23.36	
A	C	G	T
0.25981269	0.22811835	0.24165602	0.27041294
0.04706753	0.17615259	0.01162332	0.76515656
0.00116778	0.99075607	0.00116768	0.00690848
0.0034258	0.73749732	1e-06	0.25907588
0.00106977	0.99543939	0.00116778	0.00232307
0.68813723	0.02666278	0.01037125	0.27482874
0.2397327	0.00576187	0.71074393	0.0437615
0.00915663	0.00116757	0.98734156	0.00233424
0.00228853	1e-06	0.99770947	1e-06
0.0033895	0.00224941	0.99436009	1e-06
0.94271536	0.00116777	0.05280668	0.00331019
0.73424552	0.11989014	0.04142079	0.10444355
0.01150929	0.17390551	0.03560917	0.77897603
0.13556862	0.14709973	0.0091743	0.70815735
0.06805436	0.1901671	0.40224323	0.33953531
0.25981269	0.22811835	0.24165602	0.27041294
