#M01819	CCA1
#p.cut	M01819	UwDgfCd4naivewb11970640	0.01	0.05	0.1	0.25	0.5	0.75	0.9	0.95	0.99	
#p.Tcut2	M01819	UwDgfCd4naivewb11970640	20.6	22.25	23	24.1	25.2	26.3	27.39	28.14	29.79	
#p.Tcut2b	M01819	UwDgfCd4naivewb11970640	11.67	13.33	14.07	15.17	16.27	17.37	18.47	19.21	20.87	
A	C	G	T
0.41910812	0.16208625	0.1438078	0.27499784
0.16905016	0.46828147	0.30839714	0.05427123
0.64745877	0.23443403	0.06130179	0.05680541
0.59424209	0.13511008	0.05188054	0.2187673
0.57825615	0.08326045	0.15791275	0.18057064
0.65748544	0.01235711	0.18517639	0.14498106
0.97265894	0.00994011	0.01495653	0.00244442
0.97786689	0.00251552	0.01460639	0.00501119
0.98026373	0.00499633	0.00984877	0.00489117
0.98032116	1e-06	0.00752558	0.01215225
0.59117819	0.01722614	0.01253532	0.37906035
0.95806521	0.00490105	0.01971787	0.01731586
0.0221951	0.02980489	0.00487696	0.94312305
0.00740218	0.97306294	0.00728785	0.01224703
0.1362979	0.01253312	0.00735651	0.84381247
0.86691847	0.00741653	0.01474486	0.11092013
0.57179256	0.14689334	0.10686946	0.17444463
0.47864822	0.11519076	0.24839918	0.15776183
0.41910812	0.16208625	0.1438078	0.27499784
