#M01812	TGA2
#p.cut	M01812	EpiUwRmapDNaseFetal.Heart.SRX089242	0.01	0.05	0.1	0.25	0.5	0.75	0.9	0.95	0.99	
#p.Tcut2	M01812	EpiUwRmapDNaseFetal.Heart.SRX089242	8.46	10.11	10.85	11.95	13.05	14.15	15.25	16	17.65	
#p.Tcut2b	M01812	EpiUwRmapDNaseFetal.Heart.SRX089242	9.3	10.95	11.7	12.8	13.9	15	16.1	16.84	18.49	
A	C	G	T
0.20433684	0.32875789	0.25014737	0.21675789
0.17854621	0.27382399	0.15799263	0.38963718
0.14698155	0.22883821	0.38536309	0.23881714
0.63143277	0.00413387	0.362454	0.00197935
0.00838225	0.9603958	0.0020629	0.02915904
0.02498448	0.00622473	0.96452727	0.00426352
0.00639478	0.01260259	1e-06	0.98100163
0.00605297	0.98548692	0.00213225	0.00632785
0.97707373	0.00623044	0.01456357	0.00213226
0.00426352	0.0377116	0.00633295	0.95169193
0.11752595	0.85919999	0.00426352	0.01901054
0.21228844	0.37623657	0.26224127	0.14923373
0.19305225	0.76947113	0.01677254	0.02070407
0.20433684	0.32875789	0.25014737	0.21675789
