#M01803	ApiAP2
#p.cut	M01803	UwDnaseCaco2	0.01	0.05	0.1	0.25	0.5	0.75	0.9	0.95	0.99	
#p.Tcut2	M01803	UwDnaseCaco2	9.25	10.9	11.65	12.75	13.85	14.94	16.04	16.79	18.44	
#p.Tcut2b	M01803	UwDnaseCaco2	11.16	12.81	13.56	14.66	15.75	16.85	17.95	18.7	20.35	
A	C	G	T
0.17817818	0.30914248	0.29362696	0.21905239
0.1614637	0.13529355	0.4784275	0.22481525
0.34266468	0.19609598	0.22581542	0.23542392
0.13355194	0.17981291	0.56095747	0.12567769
0.09964527	0.01775981	0.78205879	0.10053614
1e-06	0.01743899	0.98255901	1e-06
0.00919389	0.03652171	1e-06	0.9542834
0.00921039	0.01789362	0.97289499	1e-06
1e-06	0.97287086	1e-06	0.02712714
0.91111401	0.0090445	0.07984049	1e-06
1e-06	0.94555693	0.02708306	0.02735901
0.02685665	0.85681427	0.00921018	0.1071189
0.03659934	0.70914846	0.00921039	0.2450418
0.29631669	0.33274198	0.03624675	0.33469458
0.05439205	0.0536163	0.12634968	0.76564196
0.17817818	0.30914248	0.29362696	0.21905239
