#M01850	TCP11
#p.cut	M01850	EpiUwRmapDNaseFetal.Intestine.Small.SRX055168	0.01	0.05	0.1	0.25	0.5	0.75	0.9	0.95	0.99	
#p.Tcut2	M01850	EpiUwRmapDNaseFetal.Intestine.Small.SRX055168	12.91	14.56	15.31	16.41	17.5	18.6	19.7	20.45	22.1	
#p.Tcut2b	M01850	EpiUwRmapDNaseFetal.Intestine.Small.SRX055168	12.25	13.9	14.65	15.75	16.85	17.94	19.04	19.79	21.44	
A	C	G	T
0.16601917	0.32064232	0.33145558	0.18188293
0.01367972	0.03379447	0.46098571	0.4915401
0.01698768	0.01016246	0.97284886	1e-06
1e-06	0.03405607	0.01020578	0.95573715
0.01364583	0.00311603	0.98323714	1e-06
0.0098836	0.00336464	0.98333979	0.00341197
0.02015631	0.02721783	0.95262486	1e-06
0.00660283	0.95659466	0.01336571	0.02343679
0.01367742	0.95582654	0.00340096	0.02709507
0.07789115	0.84141081	0.05090613	0.0297919
0.05021914	0.84831632	0.09133834	0.01012621
0.42068281	0.44397432	0.03391726	0.1014256
0.36086272	0.16708372	0.34122001	0.13083355
0.16601917	0.32064232	0.33145558	0.18188293
