#M01841	ERR1
#p.cut	M01841	EpiUwRmapDNaseCD4.Primary.Cells.SRX204404	0.01	0.05	0.1	0.25	0.5	0.75	0.9	0.95	0.99	
#p.Tcut2	M01841	EpiUwRmapDNaseCD4.Primary.Cells.SRX204404	15	16.65	17.39	18.49	19.59	20.69	21.79	22.54	24.19	
#p.Tcut2b	M01841	EpiUwRmapDNaseCD4.Primary.Cells.SRX204404	15.09	16.74	17.49	18.59	19.69	20.78	21.88	22.63	24.28	
A	C	G	T
0.24040404	0.25319865	0.25171717	0.25468013
0.27958687	0.57851462	0.12670112	0.01519739
0.19261973	0.72640137	0.02972035	0.05125855
0.34595204	0.05974801	0.34969806	0.24460189
1e-06	0.0141517	0.0075992	0.9782481
0.02155186	1e-06	0.97844614	1e-06
0.9707261	0.0075992	0.0216737	1e-06
1e-06	0.98547015	0.0075992	0.00692965
1e-06	0.9923988	1e-06	0.0075992
0.00747587	0.00699095	1e-06	0.98553218
0.04422801	0.02223785	0.08929686	0.84423727
0.0075992	0.02239612	0.80106558	0.16893911
0.39393671	0.01508007	0.56867577	0.02230744
0.60018751	1e-06	0.39981049	1e-06
0.34118828	0.08009123	0.45878936	0.11993113
0.47679832	0.11009175	0.24295649	0.17015344
0.24040404	0.25319865	0.25171717	0.25468013
