#M01828	RAP1
#p.cut	M01828	UwDgfHmvecf	0.01	0.05	0.1	0.25	0.5	0.75	0.9	0.95	0.99	
#p.Tcut2	M01828	UwDgfHmvecf	15.65	17.3	18.05	19.15	20.25	21.35	22.44	23.19	24.84	
#p.Tcut2b	M01828	UwDgfHmvecf	13.66	15.31	16.06	17.16	18.26	19.36	20.46	21.2	22.85	
A	C	G	T
0.22028897	0.17592593	0.2956858	0.30809931
0.11574994	0.37918368	0.2899841	0.21508229
0.27030455	0.04977616	0.07705869	0.6028606
0.26483907	0.0055725	0.69677193	0.0328165
0.58291693	0.0110313	0.34697933	0.05907244
1e-06	0.01078283	0.02215689	0.96705929
0.0111442	1e-06	0.96731208	0.02154272
0.00551027	0.04919673	0.02715496	0.91813804
0.33594308	0.2239172	0.08810096	0.35203876
0.01644578	0.01601766	0.05484689	0.91268967
0.01084383	1e-06	0.98915417	1e-06
0.01114397	0.0055726	0.9728241	0.01045934
0.02199272	1e-06	0.97243369	0.00557259
1e-06	0.0111442	0.0160325	0.97282231
0.22028897	0.17592593	0.2956858	0.30809931
