#M01875	ER-beta
#p.cut	M01875	UwDgfT47d	0.01	0.05	0.1	0.25	0.5	0.75	0.9	0.95	0.99	
#p.Tcut2	M01875	UwDgfT47d	13.56	15.21	15.96	17.06	18.15	19.25	20.35	21.1	22.75	
#p.Tcut2b	M01875	UwDgfT47d	13.61	15.26	16	17.1	18.2	19.3	20.4	21.15	22.8	
A	C	G	T
0.24560358	0.25935704	0.26787311	0.22716628
0.39225378	0.1535198	0.30449569	0.14973073
0.26553707	0.06582408	0.42109838	0.24754046
0.04160661	0.02992532	0.87020482	0.05826325
0.0423547	0.09128763	0.01614981	0.85020787
0.0023761	0.90878979	0.03983107	0.04900304
0.87336935	0.00475102	0.02607947	0.09580016
0.20825775	0.24147242	0.50337235	0.04689747
0.66931606	0.05440827	0.20807565	0.06820003
0.04933426	0.37566864	0.53262507	0.04237204
0.00446903	0.00215235	0.00931069	0.98406793
0.00451645	0.0023761	0.98858248	0.00452497
0.81792148	0.00674497	0.17076864	0.0045649
0.00710778	0.97916978	0.00218151	0.01154093
0.00475092	0.98362454	0.00475119	0.00687335
0.00676609	0.53454327	0.00465962	0.45403101
0.44361543	0.14933419	0.33698993	0.07006045
0.23420364	0.06301058	0.66290242	0.03988337
0.24560358	0.25935704	0.26787311	0.22716628
