#M01874	EKLF
#p.cut	M01874	UwDnasePrec	0.01	0.05	0.1	0.25	0.5	0.75	0.9	0.95	0.99	
#p.Tcut2	M01874	UwDnasePrec	15.58	17.23	17.98	19.07	20.17	21.27	22.37	23.12	24.77	
#p.Tcut2b	M01874	UwDnasePrec	13.75	15.4	16.15	17.25	18.35	19.45	20.54	21.29	22.94	
A	C	G	T
0.2230563	0.34646113	0.21343164	0.21705094
0.00808506	0.97721154	0.00398031	0.01072309
0.00405179	0.97855377	0.00537545	0.01201898
0.95991944	0.01987691	0.01617968	0.00402396
0.00514397	0.97609474	0.0080846	0.01067669
0.95050148	0.00135128	0.04147234	0.0066749
0.00270156	0.97181242	0.00675221	0.01873381
0.00135128	0.98524264	0.00399766	0.00940842
0.00403921	0.98267004	1e-06	0.01328974
0.00806338	0.03226245	0.00538088	0.95429329
0.01862381	0.02294708	0.95032726	0.00810186
0.2230563	0.34646113	0.21343164	0.21705094
