#M01892	RIN
#p.cut	M01892	EpiUwRmapDNaseIMR90.Cell.Line.SRX018823	0.01	0.05	0.1	0.25	0.5	0.75	0.9	0.95	0.99	
#p.Tcut2	M01892	EpiUwRmapDNaseIMR90.Cell.Line.SRX018823	17.04	18.69	19.43	20.53	21.63	22.73	23.83	24.58	26.23	
#p.Tcut2b	M01892	EpiUwRmapDNaseIMR90.Cell.Line.SRX018823	12.42	14.07	14.82	15.92	17.02	18.12	19.21	19.96	21.61	
A	C	G	T
0.30635713	0.17539154	0.17862868	0.33962264
0.00948933	0.93730222	0.01074927	0.04245919
0.01891386	0.4438579	0.00637706	0.53085118
0.47812995	0.01263128	0.00946318	0.49977559
0.01272748	0.01573218	0.00637588	0.96516446
1e-06	0.0124674	0.00318912	0.98434248
0.00472481	0.0063325	0.00943939	0.9795033
0.0189453	0.00159518	0.00637772	0.9730818
0.95749802	0.00153439	0.01568361	0.02528398
0.97787845	0.00310008	0.0078819	0.01113957
0.01589931	0.00477843	0.97462161	0.00470065
0.95901535	0.00630342	0.02830351	0.00637772
0.39625305	0.16061251	0.26073279	0.18240164
0.30635713	0.17539154	0.17862868	0.33962264
