#M01849	TCP20
#p.cut	M01849	OpenChromDnaseHsmmemb	0.01	0.05	0.1	0.25	0.5	0.75	0.9	0.95	0.99	
#p.Tcut2	M01849	OpenChromDnaseHsmmemb	15.87	17.52	18.26	19.36	20.46	21.56	22.66	23.4	25.06	
#p.Tcut2b	M01849	OpenChromDnaseHsmmemb	10.17	11.82	12.57	13.67	14.77	15.87	16.97	17.71	19.36	
A	C	G	T
0.14444444	0.27514867	0.41345853	0.16694836
0.02498069	0.01716708	0.95150552	0.00634671
0.00932696	0.06312335	0.00784857	0.91970112
0.00776839	0.00928487	0.97983029	0.00311646
0.01087485	0.00159837	0.97959421	0.00793257
0.01891852	0.01094789	0.9637453	0.00638829
0.10816431	0.0109085	0.86988917	0.01103803
0.00778779	0.96537222	0.01264674	0.01419325
0.02029464	0.90533642	0.0186317	0.05573724
0.05129638	0.20146523	0.73170464	0.01553375
0.02518319	0.22249932	0.62365178	0.12866571
0.14444444	0.27514867	0.41345853	0.16694836
