#M01827	GT-1
#p.cut	M01827	EpiUwRmapDNaseMobilized.CD3.Primary.Cells.SRX089240	0.01	0.05	0.1	0.25	0.5	0.75	0.9	0.95	0.99	
#p.Tcut2	M01827	EpiUwRmapDNaseMobilized.CD3.Primary.Cells.SRX089240	22.5	24.15	24.9	25.99	27.09	28.19	29.29	30.04	31.69	
#p.Tcut2b	M01827	EpiUwRmapDNaseMobilized.CD3.Primary.Cells.SRX089240	12.93	14.58	15.32	16.42	17.52	18.62	19.72	20.47	22.12	
A	C	G	T
0.24631947	0.15669856	0.14492087	0.4520611
0.12861302	0.1141424	0.08611706	0.67112752
0.01878493	0.00970064	0.00953658	0.96197785
0.01911201	0.01447613	0.01423798	0.95217388
1e-06	0.0095343	0.01455046	0.97591424
1e-06	1e-06	0.13389003	0.86610797
1e-06	0.00485081	1e-06	0.99514719
0.0096359	0.00928005	0.01445492	0.96662913
0.00970003	1e-06	0.00969633	0.98060264
0.02396737	0.00462328	1e-06	0.97140834
0.03369775	0.01939957	1e-06	0.94690167
0.99082779	1e-06	0.00917021	1e-06
0.88989719	0.09561178	0.00485082	0.00964021
0.05744464	0.87644511	0.00970003	0.05641022
0.27757525	0.2628324	0.06224269	0.39734966
0.23969088	0.19006026	0.17291577	0.39733308
0.32048147	0.21137556	0.17713144	0.29101154
0.29267037	0.17765691	0.25935442	0.2703183
0.29168593	0.22591273	0.16719183	0.31520951
0.34781508	0.22066919	0.22640698	0.20510875
0.24631947	0.15669856	0.14492087	0.4520611
