#M01957	YRR1
#p.cut	M01957	EpiUwRmapDNaseMobilized.CD3.Primary.Cells.SRX089240	0.01	0.05	0.1	0.25	0.5	0.75	0.9	0.95	0.99	
#p.Tcut2	M01957	EpiUwRmapDNaseMobilized.CD3.Primary.Cells.SRX089240	10.21	11.86	12.61	13.7	14.8	15.9	17	17.75	19.4	
#p.Tcut2b	M01957	EpiUwRmapDNaseMobilized.CD3.Primary.Cells.SRX089240	8.91	10.56	11.31	12.41	13.51	14.61	15.71	16.45	18.1	
A	C	G	T
0.21920563	0.28439752	0.20160885	0.294788
0.12714149	0.52701745	0.11965457	0.22618648
0.03870762	0.07257401	0.01259467	0.8761237
0.09390768	0.02158478	0.01295127	0.87155627
0.948475	0.01294748	0.03425976	0.00431776
0.06413434	0.03017339	1e-06	0.90569128
0.12356011	0.40647092	0.00431559	0.46565338
0.00431659	0.12906114	0.01726802	0.84935424
0.00431731	0.99568069	1e-06	1e-06
0.01691997	0.93230531	1e-06	0.05077372
0.07647779	0.0215662	0.85918369	0.04277232
0.00862359	0.49162993	0.1027954	0.39695108
0.21920563	0.28439752	0.20160885	0.294788
