#M01941	PHD1
#p.cut	M01941	OpenChromDnaseImr90	0.01	0.05	0.1	0.25	0.5	0.75	0.9	0.95	0.99	
#p.Tcut2	M01941	OpenChromDnaseImr90	15.92	17.57	18.32	19.42	20.52	21.62	22.71	23.46	25.11	
#p.Tcut2b	M01941	OpenChromDnaseImr90	15.67	17.32	18.07	19.17	20.27	21.36	22.46	23.21	24.86	
A	C	G	T
0.27477573	0.26844327	0.21941953	0.23736148
0.91600371	0.02098699	0.03974388	0.02326542
0.01836116	0.92952705	0.02075055	0.03136123
0.03129358	0.93691906	0.00779872	0.02398864
0.00778618	0.01863209	0.00251991	0.97106181
0.01071347	0.01311133	0.97084117	0.00533403
0.00266496	0.97135114	1e-06	0.0259829
0.96305779	0.0026822	0.03425901	1e-06
0.03915224	0.01063809	0.73293946	0.21727022
0.02887514	0.92068754	0.01323382	0.03720351
0.9445671	0.01053085	0.03463416	0.01026788
0.27477573	0.26844327	0.21941953	0.23736148
