#M01925	RPN4
#p.cut	M01925	EpiUwRmapDNaseMobilized.CD34.Primary.Cells.SRX089247	0.01	0.05	0.1	0.25	0.5	0.75	0.9	0.95	0.99	
#p.Tcut2	M01925	EpiUwRmapDNaseMobilized.CD34.Primary.Cells.SRX089247	6.83	8.48	9.23	10.33	11.43	12.53	13.62	14.37	16.02	
#p.Tcut2b	M01925	EpiUwRmapDNaseMobilized.CD34.Primary.Cells.SRX089247	4.54	6.19	6.94	8.04	9.14	10.24	11.34	12.08	13.73	
A	C	G	T
0.18815746	0.27997525	0.31967252	0.21219477
0.19188391	0.1626301	0.23456892	0.41091707
0.19078821	0.23676093	0.29913557	0.27331529
0.17294577	0.42065766	0.17364572	0.23275086
0.18082669	0.35278544	0.20983557	0.2565523
0.22154325	0.31389883	0.25170479	0.21285313
0.25802467	0.26877354	0.26129697	0.21190483
0.21715799	0.29807836	0.2408725	0.24389115
0.23019059	0.24408473	0.23713948	0.2885852
0.2223008	0.26094976	0.30253465	0.2142148
0.13164536	0.30806214	0.20252758	0.35776492
0.1588276	0.19939258	0.39449426	0.24728556
0.22814404	0.14729392	0.42411181	0.20045023
0.11559013	0.66544195	0.13255867	0.08640925
0.06533928	0.78527312	0.07730032	0.07208727
0.55576523	0.10555963	0.20820374	0.1304714
0.09960607	0.53109976	0.28787236	0.08142181
0.19194749	0.38833788	0.17097561	0.24873902
0.68068937	0.08887045	0.12612099	0.10431919
0.00432474	1e-06	0.98909681	0.00657745
0.00452069	1e-06	0.99547731	1e-06
1e-06	0.00226084	0.00414988	0.99358827
1e-06	1e-06	0.999997	1e-06
1e-06	1e-06	0.999997	1e-06
0.00635161	0.97845486	1e-06	0.01519253
0.01978493	0.00220178	0.97146477	0.00654851
0.14703667	0.61404696	0.16186811	0.07704826
0.09668575	0.3199065	0.10803981	0.47536794
0.25545804	0.25112191	0.38276289	0.11065716
0.16036481	0.24360014	0.25970287	0.33633218
0.25164896	0.2568066	0.24790585	0.24363859
0.19266566	0.16772397	0.46192248	0.17768788
0.20185576	0.3337555	0.2621356	0.20225313
0.21787991	0.33457937	0.23046227	0.21707846
0.17652251	0.43562485	0.16862735	0.21922529
0.18815746	0.27997525	0.31967252	0.21219477
