#M01903	Gsm1
#p.cut	M01903	EpiUwRmapDNaseMobilized.CD3.Primary.Cells.SRX089240	0.01	0.05	0.1	0.25	0.5	0.75	0.9	0.95	0.99	
#p.Tcut2	M01903	EpiUwRmapDNaseMobilized.CD3.Primary.Cells.SRX089240	10.21	11.86	12.61	13.71	14.81	15.91	17.01	17.75	19.4	
#p.Tcut2b	M01903	EpiUwRmapDNaseMobilized.CD3.Primary.Cells.SRX089240	10.15	11.8	12.55	13.65	14.75	15.84	16.94	17.69	19.34	
A	C	G	T
0.21768126	0.30813953	0.29753762	0.17664159
0.69154024	0.14247414	0.06128025	0.10470537
0.238536	0.2905128	0.40390649	0.06704471
0.01462719	0.84590471	0.01456222	0.12490588
0.01163835	0.15973442	0.01170372	0.81692351
0.01170167	0.9707413	0.00877853	0.0087785
0.01742683	0.91883545	1e-06	0.06373672
0.04356881	0.02633239	0.9125649	0.0175339
0.03191913	0.00585195	0.95930208	0.00292684
0.94459694	0.00585269	0.04954937	1e-06
0.12532388	0.02013809	0.85161119	0.00292684
0.60784574	0.19505196	0.13922434	0.05787796
0.21768126	0.30813953	0.29753762	0.17664159
