#M01970	XBP1
#p.cut	M01970	EpiUwRmapDNaseMobilized.CD3.Primary.Cells.SRX089240	0.01	0.05	0.1	0.25	0.5	0.75	0.9	0.95	0.99	
#p.Tcut2	M01970	EpiUwRmapDNaseMobilized.CD3.Primary.Cells.SRX089240	10.84	12.49	13.24	14.34	15.44	16.54	17.63	18.38	20.03	
#p.Tcut2b	M01970	EpiUwRmapDNaseMobilized.CD3.Primary.Cells.SRX089240	10.33	11.98	12.73	13.83	14.93	16.03	17.12	17.87	19.52	
A	C	G	T
0.19532934	0.29317365	0.3354491	0.1760479
0.03004787	0.01181361	0.94303808	0.01510044
0.09290565	0.4871636	0.32365996	0.0962708
0.00904481	0.96090919	0.01208056	0.01796545
1e-06	0.01812025	0.02113514	0.9607436
0.01484161	0.85749445	0.0478201	0.07984384
0.0539028	0.01202002	0.92525358	0.0088236
0.92795145	0.02112161	0.0479062	0.00302074
0.30569212	0.00582542	0.68244169	0.00604078
0.01504507	0.03305959	0.94887445	0.00302089
0.30717252	0.68103421	0.00302089	0.00877238
0.19532934	0.29317365	0.3354491	0.1760479
