#M01945	GAT4
#p.cut	M01945	UwDgfTh1wb33676984	0.01	0.05	0.1	0.25	0.5	0.75	0.9	0.95	0.99	
#p.Tcut2	M01945	UwDgfTh1wb33676984	18.66	20.31	21.06	22.16	23.26	24.35	25.45	26.2	27.85	
#p.Tcut2b	M01945	UwDgfTh1wb33676984	12.9	14.56	15.3	16.4	17.5	18.6	19.7	20.44	22.09	
A	C	G	T
0.37938206	0.18620024	0.17104872	0.26336898
0.97311926	0.01152578	0.00767242	0.00768253
0.55288023	0.2613528	0.01132614	0.17444084
0.9693313	0.00385244	0.02296383	0.00385244
0.01540654	0.01112848	0.97346398	1e-06
0.96945443	0.00769918	0.01899395	0.00385244
1e-06	0.03342355	0.00756149	0.95901396
0.00376508	0.97710261	0.00757841	0.0115539
0.01540418	0.02289135	0.00385236	0.95785211
0.9505427	0.01540444	0.02649137	0.00756149
0.8076945	0.16963776	0.00761567	0.01505207
0.96972531	0.00765851	0.01514206	0.00747413
0.37938206	0.18620024	0.17104872	0.26336898
