#M01967	Pbx
#p.cut	M01967	EpiUwRmapDNaseH1.Derived.Neuronal.Progenitor.Cultured.Cells.SRX121241	0.01	0.05	0.1	0.25	0.5	0.75	0.9	0.95	0.99	
#p.Tcut2	M01967	EpiUwRmapDNaseH1.Derived.Neuronal.Progenitor.Cultured.Cells.SRX121241	12.29	13.94	14.69	15.79	16.89	17.99	19.09	19.83	21.48	
#p.Tcut2b	M01967	EpiUwRmapDNaseH1.Derived.Neuronal.Progenitor.Cultured.Cells.SRX121241	12.79	14.44	15.19	16.29	17.39	18.48	19.58	20.33	21.98	
A	C	G	T
0.23241709	0.22880372	0.30752355	0.23125565
0.0381932	0.01739461	0.46653368	0.47787851
0.00703338	0.00351804	0.00334741	0.98610117
0.0069808	1e-06	0.9930172	1e-06
0.98978292	1e-06	0.00672017	0.00349591
1e-06	0.04196317	0.35757163	0.6004642
0.00345759	0.00348241	0.00688045	0.98617955
0.0069922	0.00703314	0.98597366	1e-06
0.86070859	1e-06	0.13928941	1e-06
0.00703507	0.96192517	0.01392477	0.01711499
0.83567171	0.01374432	0.14706811	0.00351586
0.00670184	0.02076813	0.7606154	0.21191463
0.02084736	0.25158047	0.64061762	0.08695455
0.23241709	0.22880372	0.30752355	0.23125565
