#M01938	PHO4
#p.cut	M01938	EpiUwRmapDNaseFetal.Muscle.Arm.SRX121245	0.01	0.05	0.1	0.25	0.5	0.75	0.9	0.95	0.99	
#p.Tcut2	M01938	EpiUwRmapDNaseFetal.Muscle.Arm.SRX121245	15.1	16.75	17.5	18.6	19.7	20.79	21.89	22.64	24.29	
#p.Tcut2b	M01938	EpiUwRmapDNaseFetal.Muscle.Arm.SRX121245	8.75	10.4	11.14	12.24	13.34	14.44	15.54	16.29	17.94	
A	C	G	T
0.12694439	0.31460244	0.39812521	0.16032796
0.10959554	0.29302068	0.26205929	0.33532448
0.00728499	0.00122194	0.9903289	0.00116417
0.00243973	0.98559744	0.00595528	0.00600755
0.00962679	0.00480462	0.98201102	0.00355758
0.00122139	0.97854514	0.0012019	0.01903157
0.01919052	0.00122197	0.97837813	0.00120938
0.00120993	0.02765316	0.00829507	0.96284184
1e-06	1e-06	0.99405349	0.00594451
0.09093867	0.59086697	0.21355175	0.10464261
0.08914321	0.19772931	0.60921192	0.10391556
0.07722522	0.5482289	0.22744747	0.14709842
0.25920636	0.21638755	0.39550024	0.12890585
0.12694439	0.31460244	0.39812521	0.16032796
