#M02016	HNF-4alpha
#p.cut	M02016	OpenChromDnaseHuh7	0.01	0.05	0.1	0.25	0.5	0.75	0.9	0.95	0.99	
#p.Tcut2	M02016	OpenChromDnaseHuh7	14.11	15.76	16.51	17.61	18.71	19.8	20.9	21.65	23.3	
#p.Tcut2b	M02016	OpenChromDnaseHuh7	13.8	15.46	16.2	17.3	18.4	19.5	20.6	21.34	23	
A	C	G	T
0.2789185	0.23675549	0.27114028	0.21318574
0.39871857	0.04755054	0.29975379	0.25397709
0.00946604	0.0010309	0.98536894	0.00413412
0.12202168	0.00104888	0.66882548	0.20810396
0.08099545	0.35972677	0.32508045	0.23419733
0.00217052	0.99135432	1e-06	0.00647416
0.99037046	1e-06	0.00861462	0.00101392
0.98728859	0.00100277	0.01170764	1e-06
0.98299047	0.00104981	0.0138549	0.00210482
0.00214752	1e-06	0.99677318	0.0010783
0.00655317	0.00208801	0.42735729	0.56400154
0.00104241	0.41286494	0.00216914	0.5839235
0.00741509	0.98731469	0.00210752	0.00316271
0.97447283	0.00526121	0.01924427	0.00102169
0.27970992	0.25341193	0.37596668	0.09091147
0.28169935	0.15985198	0.28687673	0.27157194
0.14978097	0.21416139	0.29564063	0.34041701
0.2789185	0.23675549	0.27114028	0.21318574
