#M02036	WT1
#p.cut	M02036	EpiUwRmapDNaseFetal.Stomach.SRX055162	0.01	0.05	0.1	0.25	0.5	0.75	0.9	0.95	0.99	
#p.Tcut2	M02036	EpiUwRmapDNaseFetal.Stomach.SRX055162	17.62	19.28	20.02	21.12	22.22	23.32	24.42	25.16	26.81	
#p.Tcut2b	M02036	EpiUwRmapDNaseFetal.Stomach.SRX055162	5.83	7.48	8.23	9.33	10.42	11.52	12.62	13.37	15.02	
A	C	G	T
0.11019518	0.50291619	0.27487945	0.11200918
0.12779589	0.31850239	0.40994123	0.1437605
0.07897422	0.58465989	0.2242931	0.11207278
0.10703601	0.5717124	0.20552858	0.11572301
0.08386636	0.60769716	0.25256813	0.05586835
0.00346723	0.98656177	0.00111302	0.00885798
0.02170644	0.00452879	0.94403554	0.02972924
1e-06	0.98498722	0.00801204	0.00699974
0.00230195	0.9965241	1e-06	0.00117295
0.00234246	0.98259455	0.0092441	0.00581889
0.01374203	0.95734473	0.01605298	0.01286026
0.01357063	0.94396552	0.0286514	0.01381245
0.03558899	0.11953057	0.82642665	0.01845379
0.01161087	0.93336908	0.03439678	0.02062328
0.11019518	0.50291619	0.27487945	0.11200918
