#M02010	Gfi1
#p.cut	M02010	EpiUwRmapDNaseMobilized.CD3.Primary.Cells.SRX089240	0.01	0.05	0.1	0.25	0.5	0.75	0.9	0.95	0.99	
#p.Tcut2	M02010	EpiUwRmapDNaseMobilized.CD3.Primary.Cells.SRX089240	16.49	18.14	18.89	19.98	21.08	22.18	23.28	24.03	25.68	
#p.Tcut2b	M02010	EpiUwRmapDNaseMobilized.CD3.Primary.Cells.SRX089240	14.23	15.89	16.63	17.73	18.83	19.93	21.03	21.77	23.42	
A	C	G	T
0.22893617	0.21560284	0.20680851	0.34865248
0.01428481	0.95750349	0.00651756	0.02169414
0.0072324	0.0144637	1e-06	0.9783029
0.03410099	0.00665174	0.95201534	0.00723193
0.01388314	0.02141033	0.01421211	0.95049441
1e-06	1e-06	0.99276607	0.00723193
0.95090782	1e-06	0.04243943	0.00665174
1e-06	0.02783546	1e-06	0.97216254
1e-06	0.02070363	1e-06	0.97929437
1e-06	0.02169373	1e-06	0.97830427
1e-06	0.97830704	0.0072324	0.01445956
0.22893617	0.21560284	0.20680851	0.34865248
