#M02011	HES1
#p.cut	M02011	UwDnaseGm06990	0.01	0.05	0.1	0.25	0.5	0.75	0.9	0.95	0.99	
#p.Tcut2	M02011	UwDnaseGm06990	8.29	9.94	10.69	11.79	12.88	13.98	15.08	15.83	17.48	
#p.Tcut2b	M02011	UwDnaseGm06990	7.72	9.37	10.12	11.22	12.31	13.41	14.51	15.26	16.91	
A	C	G	T
0.15831776	0.38247664	0.33126168	0.12794393
0.16052276	0.2199049	0.48726451	0.13230783
0.01160088	0.33350349	0.64071187	0.01418376
0.01640584	0.30998196	0.66179189	0.01182031
1e-06	0.98817498	0.00709421	0.00472981
0.93976552	0.01817331	0.0396958	0.00236537
0.01154241	0.93746626	0.0232106	0.02778074
0.0252084	0.01622911	0.95415243	0.00441005
0.31168919	0.6767663	0.00937799	0.00216653
0.01386892	0.01156138	0.96984001	0.0047297
0.09725987	0.7558866	0.12586506	0.02098848
0.01415845	0.8831042	0.02097067	0.08176668
0.15831776	0.38247664	0.33126168	0.12794393
