#MA0066.1	PPARG
#p.cut	MA0066.1	UwDgfT47d	0.01	0.05	0.1	0.25	0.5	0.75	0.9	0.95	0.99	
#p.Tcut2	MA0066.1	UwDgfT47d	13.13	14.78	15.53	16.63	17.73	18.83	19.92	20.67	22.32	
#p.Tcut2b	MA0066.1	UwDgfT47d	13.12	14.77	15.52	16.61	17.71	18.81	19.91	20.66	22.31	
A	C	G	T
0.24946728	0.25418569	0.2446347	0.25171233
0.11199504	0.42753747	0.34615751	0.11430997
0.25294871	0.08032482	0.03447363	0.63225285
0.55937199	0.00664771	0.42472057	0.00925972
0.01142891	0.00668734	0.94754408	0.03433966
0.02507704	0.00675591	0.9407899	0.02737715
0.01614917	0.05485115	0.13387048	0.7951292
0.0295948	0.88611222	0.07755688	0.0067361
0.90685071	0.03833465	0.02738063	0.02743401
0.16632891	0.451976	0.21258635	0.16910873
0.25788107	0.18170594	0.28867637	0.27173661
0.16860839	0.12987927	0.57853594	0.12297641
0.03902025	0.02713029	0.04100996	0.8928395
0.03387357	0.12251838	0.82747745	0.01613059
0.81088081	0.14577083	0.0090046	0.03434375
0.02053116	0.96143716	0.01123554	0.00679613
0.03217176	0.83847912	0.00463028	0.12471883
0.09393592	0.41391596	0.01147079	0.48067733
0.51366557	0.28933628	0.085561	0.11143715
0.19193386	0.37787091	0.23624181	0.19395342
0.33776691	0.02736692	0.04367898	0.59118719
0.24946728	0.25418569	0.2446347	0.25171233
