#MA0065.2	PPARG::RXRA
#p.cut	MA0065.2	EpiUwRmapDNaseFetal.Placenta.SRX214046	0.01	0.05	0.1	0.25	0.5	0.75	0.9	0.95	0.99	
#p.Tcut2	MA0065.2	EpiUwRmapDNaseFetal.Placenta.SRX214046	15.32	16.97	17.72	18.82	19.92	21.02	22.11	22.86	24.51	
#p.Tcut2b	MA0065.2	EpiUwRmapDNaseFetal.Placenta.SRX214046	13.91	15.56	16.31	17.41	18.51	19.61	20.71	21.45	23.1	
A	C	G	T
0.27485211	0.21006882	0.31643124	0.19864783
0.05578456	0.45630264	0.41770384	0.07020896
0.09688339	0.13961736	0.10718969	0.65630956
0.47007489	0.0077858	0.49681322	0.02532609
0.03036118	0.0013536	0.94959776	0.01868746
0.06634647	1e-06	0.93365153	1e-06
0.10586067	0.08702124	0.55536131	0.25175679
0.02655908	0.80845475	0.15567304	0.00931313
0.989496	0.00134496	0.00790925	0.00124979
0.65620474	0.00390827	0.33853649	0.0013505
0.94012203	1e-06	0.05853656	0.00134041
0.0129849	0.00405879	0.98160272	0.0013536
0.00650074	0.00251498	0.96047424	0.03051003
0.00394831	0.05792846	0.30605711	0.63206611
0.00384437	0.84680758	0.10680705	0.04254101
0.96272496	0.00644881	0.01214639	0.01867983
0.27485211	0.21006882	0.31643124	0.19864783
