#MA0060.1	NFYA
#p.cut	MA0060.1	OpenChromDnaseIshikawaEst10nm30m	0.01	0.05	0.1	0.25	0.5	0.75	0.9	0.95	0.99	
#p.Tcut2	MA0060.1	OpenChromDnaseIshikawaEst10nm30m	12.5	14.15	14.9	16	17.1	18.19	19.29	20.04	21.69	
#p.Tcut2b	MA0060.1	OpenChromDnaseIshikawaEst10nm30m	12.67	14.32	15.07	16.16	17.26	18.36	19.46	20.21	21.86	
A	C	G	T
0.2553627	0.28902234	0.26089992	0.19471505
0.06247278	0.35248157	0.15854523	0.42650042
0.00625664	0.54310394	0.16913583	0.28150359
0.64664139	0.0138615	0.33817859	0.00131852
0.28097788	0.00132417	0.71594039	0.00175755
0.00044244	0.99656149	0.00084715	0.00214892
0.0008787	0.99695402	0.00044971	0.00171757
0.9964442	0.00043188	0.001343	0.00178093
0.99075298	0.00131107	0.00748624	0.00044971
0.00173431	0.00132135	0.00044964	0.99649469
0.00487623	0.85724168	0.13478571	0.00309638
0.9034426	0.0026563	0.09345139	0.00044971
0.0159249	0.03576481	0.94609771	0.00221258
0.60601391	0.25780521	0.11094328	0.0252376
0.37079542	0.0079946	0.49416532	0.12704466
0.2553627	0.28902234	0.26089992	0.19471505
