#MA0039.2	Klf4
#p.cut	MA0039.2	UwDnaseSknshra	0.01	0.05	0.1	0.25	0.5	0.75	0.9	0.95	0.99	
#p.Tcut2	MA0039.2	UwDnaseSknshra	15.2	16.85	17.6	18.7	19.8	20.9	22	22.74	24.39	
#p.Tcut2b	MA0039.2	UwDnaseSknshra	12.42	14.07	14.82	15.92	17.02	18.11	19.21	19.96	21.61	
A	C	G	T
0.13700831	0.24914127	0.44409972	0.16975069
0.0168372	0.04977377	0.03310771	0.90028132
0.01117251	1e-06	0.98362068	0.00520581
0.00561424	0.00280772	0.99157704	1e-06
0.01347424	0.00561444	0.97532093	0.00559039
0.01098223	0.08063888	1e-06	0.90837788
0.00832154	1e-06	0.98606302	0.00561444
0.00561429	0.00280772	0.98613886	0.00543913
0.01947988	0.01098456	0.96672784	0.00280772
0.00833003	0.00259792	0.98346873	0.00560332
0.01121676	0.94721739	0.01918794	0.02237791
0.15439253	0.35280197	0.19080964	0.30199585
0.13700831	0.24914127	0.44409972	0.16975069
