#MA0027.1	En1
#p.cut	MA0027.1	UwDnaseA549	0.01	0.05	0.1	0.25	0.5	0.75	0.9	0.95	0.99	
#p.Tcut2	MA0027.1	UwDnaseA549	12.46	14.11	14.86	15.95	17.05	18.15	19.25	20	21.65	
#p.Tcut2b	MA0027.1	UwDnaseA549	11.8	13.45	14.2	15.3	16.4	17.49	18.59	19.34	20.99	
A	C	G	T
0.25145904	0.2178276	0.25964647	0.27106688
0.880219	0.00634247	0.0193257	0.09411283
0.98298315	0.00435993	0.01047462	0.0021823
0.01708083	1e-06	0.98291717	1e-06
1e-06	0.0259377	0.00855419	0.96550711
0.51391412	0.00218192	0.2270872	0.25681676
0.02361451	0.00214402	0.96990489	0.00433658
0.00646113	0.01286861	0.00644163	0.97422863
0.01088845	0.00857997	0.68680372	0.29372786
0.00423885	0.29627723	0.32716075	0.37232317
0.00420435	0.50375794	0.00209853	0.48993917
0.00872467	0.95477101	0.0043636	0.03214072
0.25145904	0.2178276	0.25964647	0.27106688
