#MA0059.1	MYC::MAX
#p.cut	MA0059.1	UwDnaseCaco2	0.01	0.05	0.1	0.25	0.5	0.75	0.9	0.95	0.99	
#p.Tcut2	MA0059.1	UwDnaseCaco2	9.1	10.75	11.49	12.59	13.69	14.79	15.89	16.63	18.29	
#p.Tcut2b	MA0059.1	UwDnaseCaco2	10.83	12.48	13.23	14.32	15.42	16.52	17.62	18.37	20.02	
A	C	G	T
0.1884935	0.30121843	0.34963286	0.16065521
0.30113388	0.0124994	0.66535952	0.02100721
0.74196344	0.0042043	0.24962809	0.00420418
0.06236892	0.42806019	0.50146665	0.00810423
0.0042043	0.98782489	0.00796981	1e-06
0.98360827	0.0084076	0.00415091	0.00383321
0.0042043	0.95867911	0.00406206	0.03305453
0.03598631	0.00805827	0.94765829	0.00829713
1e-06	0.03169475	0.01626309	0.95204116
0.00829609	0.00379284	0.98791007	1e-06
0.00764351	1e-06	0.98819189	0.0041636
0.16149565	0.35395846	0.0084076	0.47613829
0.1884935	0.30121843	0.34963286	0.16065521
