#MA0038.1	Gfi
#p.cut	MA0038.1	UwDgfK562Znfa41c6	0.01	0.05	0.1	0.25	0.5	0.75	0.9	0.95	0.99	
#p.Tcut2	MA0038.1	UwDgfK562Znfa41c6	17.94	19.59	20.33	21.43	22.53	23.63	24.73	25.48	27.13	
#p.Tcut2b	MA0038.1	UwDgfK562Znfa41c6	15.53	17.18	17.93	19.03	20.12	21.22	22.32	23.07	24.72	
A	C	G	T
0.31881944	0.23013889	0.18208333	0.26895833
0.02103369	0.94440811	0.01054354	0.02401466
0.95853434	0.02089188	0.01371406	0.00685972
0.97863685	0.00349474	0.01431792	0.00355049
0.97577426	0.00358284	0.0206419	1e-06
1e-06	0.01064864	0.00352314	0.98582722
0.00687183	0.98259886	1e-06	0.01052832
0.9586937	0.00358284	0.02075629	0.01696716
0.01045997	0.93773916	0.01061231	0.04118856
0.01372402	0.03501411	0.00716486	0.94409701
0.04511602	0.02112843	0.93375455	1e-06
0.31881944	0.23013889	0.18208333	0.26895833
