#MA0079.2	SP1
#p.cut	MA0079.2	EpiUwRmapDNaseFetal.Muscle.Arm.SRX201193	0.01	0.05	0.1	0.25	0.5	0.75	0.9	0.95	0.99	
#p.Tcut2	MA0079.2	EpiUwRmapDNaseFetal.Muscle.Arm.SRX201193	17.61	19.26	20	21.1	22.2	23.3	24.4	25.15	26.8	
#p.Tcut2b	MA0079.2	EpiUwRmapDNaseFetal.Muscle.Arm.SRX201193	7.75	9.4	10.15	11.25	12.34	13.44	14.54	15.29	16.94	
A	C	G	T
0.1174537	0.49524691	0.25421296	0.13308642
0.26138242	0.35467467	0.19267023	0.19127268
0.1734015	0.27867569	0.43078771	0.1171351
0.08706795	0.12782114	0.64298827	0.14212265
0.00078484	0.98855543	0.0052923	0.00536743
0.00310609	0.98066814	0.00234461	0.01388116
0.00076936	0.99850239	1e-06	0.00072726
0.00152457	0.99470277	1e-06	0.00377167
0.00916628	0.00301369	0.97479167	0.01302836
0.0007097	0.99258207	0.00295206	0.00375617
0.00077945	0.99474876	0.00074028	0.00373151
0.00078482	0.98617078	0.00078482	0.01225958
0.00751564	0.98092407	0.00076814	0.01079216
0.00907137	0.96408058	0.01458193	0.01226612
0.2234028	0.18262899	0.30881035	0.28515786
0.1174537	0.49524691	0.25421296	0.13308642
