#MA0042.1	FOXI1
#p.cut	MA0042.1	EpiUwRmapDNaseFetal.Lung.SRX027084	0.01	0.05	0.1	0.25	0.5	0.75	0.9	0.95	0.99	
#p.Tcut2	MA0042.1	EpiUwRmapDNaseFetal.Lung.SRX027084	16.47	18.12	18.87	19.97	21.07	22.17	23.26	24.01	25.66	
#p.Tcut2b	MA0042.1	EpiUwRmapDNaseFetal.Lung.SRX027084	10.74	12.39	13.13	14.23	15.33	16.43	17.53	18.28	19.93	
A	C	G	T
0.23644772	0.15648051	0.22108067	0.3859911
0.03059002	0.00892267	0.70443844	0.25604887
0.02577971	0.08489793	0.85911893	0.03020343
0.60633374	0.012007	0.16627473	0.21538453
0.00304579	0.01832016	0.00603342	0.97260063
0.15774915	0.00309828	0.82699176	0.01216082
1e-06	0.00921577	0.00768252	0.98310071
0.00306938	0.00140163	0.00154223	0.99398676
0.00300368	0.00145096	0.00307995	0.99246541
0.44376724	0.00773498	0.53785838	0.01063939
0.00456917	0.01817829	0.01077235	0.96648018
0.01375371	0.00451182	0.00455586	0.97717861
0.00915875	0.00907803	0.00759618	0.97416705
0.23644772	0.15648051	0.22108067	0.3859911
