#MA0048.1	NHLH1
#p.cut	MA0048.1	EpiUwRmapDNaseFetal.Muscle.Back.SRX055200	0.01	0.05	0.1	0.25	0.5	0.75	0.9	0.95	0.99	
#p.Tcut2	MA0048.1	EpiUwRmapDNaseFetal.Muscle.Back.SRX055200	11.86	13.51	14.26	15.36	16.46	17.55	18.65	19.4	21.05	
#p.Tcut2b	MA0048.1	EpiUwRmapDNaseFetal.Muscle.Back.SRX055200	10.91	12.56	13.31	14.41	15.5	16.6	17.7	18.45	20.1	
A	C	G	T
0.17854402	0.3246691	0.30697295	0.18981393
0.19436129	0.77148689	0.02943647	0.00471535
0.01987767	0.0370521	0.79081096	0.15225926
1e-06	0.98000073	0.00994819	0.01005008
0.9925061	0.00495406	0.00253884	1e-06
0.01239203	0.00253884	0.98506813	1e-06
0.00249321	0.98758053	0.00738742	0.00253884
0.00750038	0.04509687	0.00996336	0.93743939
0.00253884	0.00495451	0.98489214	0.00761451
0.00253884	0.77140787	0.1345906	0.09146268
0.0619937	1e-06	0.51182667	0.42617864
0.01728601	0.3768838	0.27227032	0.33355987
0.17854402	0.3246691	0.30697295	0.18981393
