#MA0028.1	ELK1
#p.cut	MA0028.1	OpenChromDnaseGm19239	0.01	0.05	0.1	0.25	0.5	0.75	0.9	0.95	0.99	
#p.Tcut2	MA0028.1	OpenChromDnaseGm19239	9.73	11.38	12.13	13.22	14.32	15.42	16.52	17.27	18.92	
#p.Tcut2b	MA0028.1	OpenChromDnaseGm19239	9.93	11.58	12.33	13.43	14.53	15.62	16.72	17.47	19.12	
A	C	G	T
0.23858942	0.27972292	0.34377834	0.13790932
0.19779454	0.28268328	0.50308849	0.01643368
0.91926102	0.02526247	0.04544278	0.01003373
0.24073835	0.01002661	0.74052674	0.0087083
0.01472981	0.96778975	0.01002622	0.00745422
0.0236733	0.94291027	0.01241598	0.02100046
0.03468276	0.00605189	0.94797948	0.01128587
0.00635451	0.00127723	0.99236727	1e-06
0.98486676	0.00253756	0.01259468	1e-06
0.98376528	0.00375972	0.00873271	0.00374229
0.29001269	0.00127702	0.7049584	0.00375189
0.23858942	0.27972292	0.34377834	0.13790932
