#MA0035.2	Gata1
#p.cut	MA0035.2	UwDgfK562Znfa41c6	0.01	0.05	0.1	0.25	0.5	0.75	0.9	0.95	0.99	
#p.Tcut2	MA0035.2	UwDgfK562Znfa41c6	21.85	23.5	24.25	25.34	26.44	27.54	28.64	29.39	31.04	
#p.Tcut2b	MA0035.2	UwDgfK562Znfa41c6	19.38	21.03	21.77	22.87	23.97	25.07	26.17	26.92	28.57	
A	C	G	T
0.34517482	0.19241673	0.24037326	0.2220352
0.23181769	0.33080756	0.17829168	0.25908307
0.19290349	0.32939185	0.18230805	0.29539661
0.16366578	0.31014877	0.24752896	0.27865649
0.18289321	0.35945429	0.20267727	0.25497523
0.39663775	0.19421389	0.20890475	0.20024361
0.2079839	0.19744682	0.18521562	0.40935366
0.20372085	0.18549905	0.21471119	0.39606892
0.22540622	0.13843517	0.16799627	0.46816234
0.18574776	0.25565025	0.19443586	0.36416612
0.9606435	0.00903738	0.02878462	0.0015345
0.0134458	0.93695496	0.01669713	0.03290211
0.98787846	0.00151846	0.00602746	0.00457561
0.00727683	0.007493	0.98522917	1e-06
0.9895353	1e-06	0.00900229	0.00146141
0.0015345	0.00743059	1e-06	0.99103391
0.98627007	0.0030119	0.00765057	0.00306746
0.98970354	0.00138984	0.00444337	0.00446325
0.00899313	0.00601834	0.98346845	0.00152007
0.46478197	0.01196593	0.52018515	0.00306695
0.96518807	0.01368996	0.01506979	0.00605218
0.49335685	0.16069445	0.22749792	0.11845078
0.45431234	0.1810616	0.22406616	0.1405599
0.23903161	0.33981689	0.16525123	0.25590027
0.34517482	0.19241673	0.24037326	0.2220352
