#MA0090.1	TEAD1
#p.cut	MA0090.1	UwDnaseCaco2	0.01	0.05	0.1	0.25	0.5	0.75	0.9	0.95	0.99	
#p.Tcut2	MA0090.1	UwDnaseCaco2	13.1	14.75	15.5	16.59	17.69	18.79	19.89	20.64	22.29	
#p.Tcut2b	MA0090.1	UwDnaseCaco2	13.75	15.4	16.15	17.25	18.35	19.44	20.54	21.29	22.94	
A	C	G	T
0.20746915	0.31543712	0.24186138	0.23523234
1e-06	0.85979737	0.01018625	0.13001538
0.93635338	0.00328038	0.06036524	1e-06
0.00347711	0.98957814	0.00694376	1e-06
0.97290701	1e-06	0.02709099	1e-06
1e-06	0.00316516	1e-06	0.99683284
1e-06	0.00348014	1e-06	0.99651786
1e-06	0.99004528	1e-06	0.00995272
1e-06	0.98628115	1e-06	0.01371685
0.37586281	0.02342021	0.01336682	0.58735016
0.01043887	0.51762761	0.45813562	0.01379791
0.27293831	0.16486645	0.30725027	0.25494497
0.02700939	0.02362933	0.93918431	0.01017697
0.20746915	0.31543712	0.24186138	0.23523234
