#MA0019.1	Ddit3::Cebpa
#p.cut	MA0019.1	UwDnaseHpaec	0.01	0.05	0.1	0.25	0.5	0.75	0.9	0.95	0.99	
#p.Tcut2	MA0019.1	UwDnaseHpaec	13.09	14.74	15.49	16.59	17.69	18.79	19.88	20.63	22.28	
#p.Tcut2b	MA0019.1	UwDnaseHpaec	12.2	13.85	14.6	15.7	16.8	17.9	18.99	19.74	21.39	
A	C	G	T
0.28173077	0.25564904	0.21658654	0.24603365
0.48095391	0.09409848	0.23609359	0.18885403
0.36740348	0.10033545	0.40213182	0.13012925
0.5888947	0.01218459	0.39315129	0.00576942
1e-06	0.03710492	0.00636125	0.95653283
0.04905653	0.00608619	0.93849603	0.00636125
0.0181577	0.95697746	1e-06	0.02486384
0.98789351	0.00576942	0.00633607	1e-06
0.95665605	0.00636125	0.0369817	1e-06
1e-06	0.0437491	1e-06	0.9562489
0.37376632	0.58213025	0.03180078	0.01230264
0.02517058	0.86812737	0.09398333	0.01271872
0.0127215	0.95002915	1e-06	0.03724836
0.36244551	0.21986173	0.08763825	0.33005451
0.28173077	0.25564904	0.21658654	0.24603365
