#MA0083.1	SRF
#p.cut	MA0083.1	EpiUwRmapDNaseiPS.DF.1911.Cell.Line.SRX135563	0.01	0.05	0.1	0.25	0.5	0.75	0.9	0.95	0.99	
#p.Tcut2	MA0083.1	EpiUwRmapDNaseiPS.DF.1911.Cell.Line.SRX135563	12.86	14.51	15.26	16.36	17.46	18.56	19.65	20.4	22.05	
#p.Tcut2b	MA0083.1	EpiUwRmapDNaseiPS.DF.1911.Cell.Line.SRX135563	12.55	14.2	14.94	16.04	17.14	18.24	19.34	20.08	21.74	
A	C	G	T
0.2598031	0.24474387	0.24303354	0.25241949
0.25326772	0.08877014	0.15790731	0.50005482
0.03892554	0.03261209	0.7769737	0.15148867
0.14523426	0.69668991	0.06276412	0.09531171
0.00210412	0.98487863	0.00653959	0.00647766
0.00416468	0.98923825	1e-06	0.00659606
0.60754124	0.0236087	0.00659562	0.36225444
0.16315636	0.03846143	0.00872209	0.78966011
0.97188609	0.00416542	0.01960671	0.00434179
0.03050507	0.015253	0.00659124	0.94765069
0.86301777	0.00439768	0.02163017	0.11095438
0.46106275	0.01292451	0.01513839	0.51087435
0.03482864	0.00218221	0.95232515	0.010664
0.01528619	0.01963999	0.96067647	0.00439735
0.2598031	0.24474387	0.24303354	0.25241949
