#MA0073.1	RREB1
#p.cut	MA0073.1	OpenChromDnaseHek293t	0.01	0.05	0.1	0.25	0.5	0.75	0.9	0.95	0.99	
#p.Tcut2	MA0073.1	OpenChromDnaseHek293t	25.51	27.16	27.91	29.01	30.11	31.21	32.3	33.05	34.7	
#p.Tcut2b	MA0073.1	OpenChromDnaseHek293t	14.23	15.88	16.63	17.73	18.83	19.92	21.02	21.77	23.42	
A	C	G	T
0.22268519	0.4712963	0.13472222	0.1712963
0.19261698	0.22372117	0.2786984	0.30496345
0.27913057	0.25102361	0.27597459	0.19387122
0.21820889	0.27902652	0.1955551	0.30720949
0.33160579	0.30776546	0.16788277	0.19274597
0.13811711	0.30539498	0.30740423	0.24908368
0.27733921	0.27906506	0.22165841	0.22193732
0.11132008	0.38840524	0.22280434	0.27747035
0.25107721	0.22038493	0.25218379	0.27635407
0.30431672	0.33570092	0.16666028	0.19332207
0.27770212	0.36282142	0.16395549	0.19552097
0.16497894	0.44527569	0.2801337	0.10961168
0.19125242	0.41944693	0.08376166	0.30553899
0.19366191	0.3046828	0.1959904	0.30566489
0.16567895	0.61275254	0.05604469	0.16552382
0.13746184	0.44543513	0.22205191	0.19505112
0.16768547	0.36047409	0.16776815	0.30407228
0.08377549	0.63934101	0.16804015	0.10884334
0.08231043	0.66681023	0.14002646	0.11085288
0.10877049	0.36178032	0.14009642	0.38935277
0.139847	0.52687589	0.08377548	0.24950162
0.02725452	0.94694896	1e-06	0.02579552
0.05580191	0.94419609	1e-06	1e-06
0.13947105	0.86052695	1e-06	1e-06
1e-06	0.97197515	0.02802285	1e-06
0.58327765	0.41672035	1e-06	1e-06
0.44458265	0.50052434	1e-06	0.05489202
0.1671144	0.80490206	0.02798254	1e-06
0.22141408	0.75056207	1e-06	0.02802285
1e-06	0.999997	1e-06	1e-06
0.88911664	0.08406655	1e-06	0.02681581
0.19393333	0.80606467	1e-06	1e-06
0.08183922	0.91815878	1e-06	1e-06
0.22228832	0.74968783	1e-06	0.02802285
0.24851235	0.7234638	1e-06	0.02802285
0.1961023	0.77610281	1e-06	0.02779389
0.19557129	0.55452751	0.0277105	0.2221907
0.30348396	0.58524632	0.02743215	0.08383756
0.24876875	0.66741454	1e-06	0.0838157
0.05588118	0.77848432	0.1656335	1e-06
0.4138905	0.55810754	0.02800096	1e-06
0.1654837	0.50059042	0.05602281	0.27790306
0.19536554	0.36025503	0.30535977	0.13901967
0.27723574	0.39060514	0.11176162	0.22039749
0.33105912	0.25103513	0.16811023	0.24979552
0.24945031	0.39027102	0.1103058	0.24997286
0.25041196	0.38852375	0.11208838	0.24897591
0.16810362	0.33290388	0.11034607	0.38864642
0.33334752	0.33201339	0.22377154	0.11086754
0.19247471	0.30737154	0.25182927	0.24832448
0.25134372	0.30286816	0.27980308	0.16598504
0.30733746	0.27994204	0.16617598	0.24654452
0.22407172	0.25043292	0.25191256	0.2735828
0.22393777	0.22020509	0.3632577	0.19259945
0.30769927	0.16808866	0.1950666	0.32914546
0.1679251	0.21911561	0.36394357	0.24901573
0.2238444	0.19302929	0.16810361	0.4150227
0.22388612	0.41883847	0.11100867	0.24626673
0.44508718	0.19412335	0.19609172	0.16469774
0.10984073	0.30577125	0.27984497	0.30454305
0.22268519	0.4712963	0.13472222	0.1712963
