#MA0041.1	Foxd3
#p.cut	MA0041.1	UwDnaseH1hesc	0.01	0.05	0.1	0.25	0.5	0.75	0.9	0.95	0.99	
#p.Tcut2	MA0041.1	UwDnaseH1hesc	16.47	18.12	18.86	19.96	21.06	22.16	23.26	24.01	25.66	
#p.Tcut2b	MA0041.1	UwDnaseH1hesc	10.27	11.92	12.66	13.76	14.86	15.96	17.06	17.81	19.46	
A	C	G	T
0.23795435	0.16071429	0.21629332	0.38503804
0.25884285	0.25727866	0.26445559	0.2194229
0.33958784	0.22127469	0.18710912	0.25202835
0.33035228	0.23614698	0.23968887	0.19381187
0.30694221	0.24315836	0.19219622	0.25770321
0.24684005	0.18184491	0.26482232	0.30649272
0.29616603	0.21482341	0.23649876	0.2525118
0.21831847	0.17522067	0.27110161	0.33535925
0.25778301	0.1757642	0.26341907	0.30303372
0.25284487	0.24127272	0.21031594	0.29556647
0.20298539	0.23217638	0.22109062	0.34374762
0.28044071	0.20378608	0.22498816	0.29078505
0.31910089	0.22473982	0.20436525	0.25179404
0.27537164	0.18693283	0.25983504	0.2778605
0.33493605	0.04333913	0.30783592	0.3138889
0.01077764	0.00560812	0.96131906	0.02229518
0.82014486	0.01637925	0.02725632	0.13621958
0.56642996	0.00561406	0.02199297	0.40596301
1e-06	0.01117476	1e-06	0.98882324
0.04418926	0.0108654	0.90666767	0.03827767
1e-06	0.00561406	0.00561391	0.98877103
0.00561391	0.0108923	1e-06	0.98349279
0.01121764	1e-06	0.01086504	0.97791632
0.31866833	0.00559322	0.40046831	0.27527015
0.0167846	0.02195165	0.01122476	0.95003899
0.00561386	0.0110187	0.01681919	0.96654825
0.01643429	0.02681631	0.00527149	0.95147791
0.23795435	0.16071429	0.21629332	0.38503804
