#MA0072.1	RORA_2
#p.cut	MA0072.1	EpiUwRmapDNaseFetal.Intestine.Large.SRX055178	0.01	0.05	0.1	0.25	0.5	0.75	0.9	0.95	0.99	
#p.Tcut2	MA0072.1	EpiUwRmapDNaseFetal.Intestine.Large.SRX055178	15.97	17.62	18.37	19.47	20.56	21.66	22.76	23.51	25.16	
#p.Tcut2b	MA0072.1	EpiUwRmapDNaseFetal.Intestine.Large.SRX055178	12.7	14.35	15.09	16.19	17.29	18.39	19.49	20.24	21.89	
A	C	G	T
0.3165692	0.18265107	0.22768031	0.27309942
0.20764864	0.33759901	0.26354345	0.19120891
0.26232295	0.23155578	0.2223936	0.28372768
0.28286442	0.2011212	0.27385251	0.24216187
0.28275115	0.1488708	0.22088039	0.34749766
0.29647372	0.20070109	0.26147282	0.24135237
0.35829188	0.20006662	0.24121264	0.20042886
0.27641635	0.26230185	0.20858079	0.252701
0.28283811	0.26255703	0.16928882	0.28531604
0.28496756	0.17647999	0.15843632	0.38011613
0.30392914	0.14894046	0.27560951	0.27152089
0.25243957	0.2092831	0.28395455	0.25432277
0.28475296	0.1372531	0.25189378	0.32610016
0.32558453	0.17894593	0.21217807	0.28329147
0.31648452	0.13531339	0.27375871	0.27444337
0.2618032	0.25233498	0.24374297	0.24211886
0.29559789	0.20015567	0.1911578	0.31308864
0.26363395	0.14747435	0.25266051	0.33623118
0.3054555	0.18826822	0.27509183	0.23118444
0.27431921	0.13800723	0.19902857	0.38864499
0.50505667	0.03139522	0.15823444	0.30531367
0.56979071	0.04269827	0.00984388	0.37766715
0.98932253	0.01067547	1e-06	1e-06
0.70477021	1e-06	0.02097174	0.27425705
1e-06	0.29573296	0.43161079	0.27265525
1e-06	0.02086289	0.02097174	0.95816437
0.97864808	1e-06	0.02134992	1e-06
0.01000259	1e-06	0.98999541	1e-06
1e-06	0.01067547	0.98932253	1e-06
1e-06	0.02091972	1e-06	0.97907828
0.01064663	0.98935137	1e-06	1e-06
0.97864939	0.01067547	1e-06	0.01067414
0.43275912	0.17915651	0.27230894	0.11577544
0.3165692	0.18265107	0.22768031	0.27309942
