#MA0069.1	Pax6
#p.cut	MA0069.1	EpiUwRmapDNaseFetal.Renal.Pelvis.SRX089275	0.01	0.05	0.1	0.25	0.5	0.75	0.9	0.95	0.99	
#p.Tcut2	MA0069.1	EpiUwRmapDNaseFetal.Renal.Pelvis.SRX089275	12.39	14.04	14.79	15.88	16.98	18.08	19.18	19.93	21.58	
#p.Tcut2b	MA0069.1	EpiUwRmapDNaseFetal.Renal.Pelvis.SRX089275	10.86	12.52	13.26	14.36	15.46	16.56	17.66	18.4	20.05	
A	C	G	T
0.22783207	0.24665219	0.22107612	0.30443962
0.01611458	0.03897537	0.05263997	0.89227008
0.00994251	0.03222623	0.00969331	0.94813795
0.01991801	0.75826458	0.00946288	0.21235453
0.94493003	0.0392831	0.01578587	1e-06
0.11332965	0.57822515	0.03599362	0.27245159
0.0582732	0.01934961	0.90297078	0.01940641
0.00332148	0.92785371	0.05585297	0.01297184
0.41105124	0.04553536	0.01638328	0.52703012
0.00952087	0.06205613	0.01630435	0.91211865
0.01968581	0.38507443	0.56911888	0.02612088
0.90237989	0.00331559	0.07150314	0.02280138
0.17579772	0.33463532	0.31623723	0.17332973
0.00987748	0.03273127	0.03270735	0.92468391
0.01609753	1e-06	0.43130438	0.55259709
0.22783207	0.24665219	0.22107612	0.30443962
