#MA0058.1	MAX
#p.cut	MA0058.1	EpiUwRmapDNaseMobilized.CD3.Primary.Cells.SRX089240	0.01	0.05	0.1	0.25	0.5	0.75	0.9	0.95	0.99	
#p.Tcut2	MA0058.1	EpiUwRmapDNaseMobilized.CD3.Primary.Cells.SRX089240	11.45	13.1	13.84	14.94	16.04	17.14	18.24	18.99	20.64	
#p.Tcut2b	MA0058.1	EpiUwRmapDNaseMobilized.CD3.Primary.Cells.SRX089240	11.61	13.26	14.01	15.1	16.2	17.3	18.4	19.15	20.8	
A	C	G	T
0.26116618	0.27189504	0.26746356	0.19947522
0.50134533	0.00295122	0.48685186	0.00885159
0.95315752	0.00875274	0.03532715	0.00276259
0.24166847	0.72306004	0.02061866	0.01465283
0.00294953	0.98524863	0.00590135	0.00590049
0.98255796	0.00563915	0.00885167	0.00295122
0.00291577	0.95637329	1e-06	0.04070994
0.07233542	0.01456732	0.90741205	0.00568521
0.00590144	1e-06	0.00584912	0.98824843
0.00590145	0.00294953	0.99114802	1e-06
0.60946039	0.00295122	0.37595157	0.01163682
0.26116618	0.27189504	0.26746356	0.19947522
