#MA0088.1	znf143
#p.cut	MA0088.1	OpenChromDnaseEcc1Dm002p1h	0.01	0.05	0.1	0.25	0.5	0.75	0.9	0.95	0.99	
#p.Tcut2	MA0088.1	OpenChromDnaseEcc1Dm002p1h	15.65	17.3	18.05	19.15	20.25	21.35	22.44	23.19	24.84	
#p.Tcut2b	MA0088.1	OpenChromDnaseEcc1Dm002p1h	15.48	17.13	17.88	18.98	20.07	21.17	22.27	23.02	24.67	
A	C	G	T
0.22218225	0.3152518	0.2328777	0.22968825
0.44039174	0.11142869	0.35344947	0.09473009
0.33253865	0.12182983	0.43758868	0.10804284
0.72315255	0.09573288	0.09290359	0.08821097
0.0696759	0.76114793	0.07584936	0.09332681
0.05955286	0.15747603	0.06699833	0.71597279
0.66722734	0.14698512	0.09651093	0.08927662
0.01445365	0.76485191	0.10250921	0.11818523
0.79850105	0.10186138	0.05726504	0.04237253
0.20949439	0.14524544	0.0492798	0.59598037
0.0072589	0.19998759	0.07753497	0.71521854
0.04129628	0.04164685	0.00581507	0.9112418
0.00422233	0.94042845	0.00138452	0.0539647
0.004256	0.99004884	0.00145452	0.00424064
1e-06	0.99299836	0.00135732	0.00564332
0.97113354	0.00855648	0.01594842	0.00436156
0.01307058	0.05036318	0.79632556	0.14024068
0.33686574	0.47304449	0.1726798	0.01740997
0.56442161	0.29765458	0.10210534	0.03581847
0.01588398	0.03444782	0.08234812	0.86732008
0.01865508	0.31208398	0.49990326	0.16935767
1e-06	0.99145276	0.00280117	0.00574506
0.20416744	0.63527777	0.00563792	0.15491687
0.11207393	0.19717827	0.0853563	0.6053915
0.05049752	0.21866615	0.02164112	0.70919521
0.03734842	0.03281601	0.86821001	0.06162556
0.087365	0.8250974	0.05612879	0.03140881
0.40230795	0.13212775	0.2832967	0.1822676
0.18284153	0.24787185	0.44052297	0.12876366
0.14717727	0.43590076	0.20175475	0.21516723
0.14380675	0.28137342	0.22124884	0.35357099
0.36663211	0.19631664	0.24937775	0.18767351
0.18633392	0.2165268	0.46349354	0.13364575
0.17101138	0.24161903	0.40960876	0.17776083
0.22218225	0.3152518	0.2328777	0.22968825
