#MA0051.1	IRF2
#p.cut	MA0051.1	UwDgfHmvecb	0.01	0.05	0.1	0.25	0.5	0.75	0.9	0.95	0.99	
#p.Tcut2	MA0051.1	UwDgfHmvecb	17.49	19.14	19.89	20.99	22.09	23.18	24.28	25.03	26.68	
#p.Tcut2b	MA0051.1	UwDgfHmvecb	12.83	14.48	15.23	16.33	17.43	18.53	19.63	20.37	22.02	
A	C	G	T
0.36837038	0.17740242	0.23770348	0.21652372
0.07471347	0.14447381	0.5205521	0.26026062
0.18781668	0.03239958	0.77138512	0.00839861
0.97128621	0.00341721	0.02199358	0.003303
0.98149547	0.00338742	0.00828188	0.00683523
0.98831463	0.00332083	0.00325204	0.00511249
0.18615902	0.01845874	0.78685382	0.00852842
0.0337898	0.1271238	0.02370758	0.81537882
0.02023607	0.00170987	0.9763442	0.00170987
0.99841387	1e-06	0.00158413	1e-06
0.99507911	0.00154492	1e-06	0.00337497
0.9914918	0.00168184	0.00511649	0.00170987
0.00854316	0.43257558	0.55204642	0.00683485
0.02045731	0.48695829	0.08767053	0.40491387
0.5652058	0.09977895	0.23900217	0.09601308
0.62548731	0.02684138	0.15599352	0.1916778
0.55218216	0.09161697	0.11285606	0.2433448
0.48952316	0.13485859	0.1098266	0.26579165
0.30589065	0.36767072	0.1357644	0.19067422
0.36837038	0.17740242	0.23770348	0.21652372
