#MA0071.1	RORA_1
#p.cut	MA0071.1	UwDnaseHpaec	0.01	0.05	0.1	0.25	0.5	0.75	0.9	0.95	0.99	
#p.Tcut2	MA0071.1	UwDnaseHpaec	14.27	15.92	16.67	17.76	18.86	19.96	21.06	21.81	23.46	
#p.Tcut2b	MA0071.1	UwDnaseHpaec	13.35	15	15.75	16.85	17.95	19.05	20.15	20.89	22.54	
A	C	G	T
0.27900709	0.22340426	0.23929078	0.25829787
0.92970509	0.02108041	0.0492135	1e-06
0.00714693	0.02875187	0.00718879	0.9569124
1e-06	0.96488416	0.01417036	0.02094448
0.64337353	0.01437036	0.04307706	0.29917905
0.95754231	0.00700716	0.0283036	0.00714693
0.00692509	1e-06	0.99307291	1e-06
0.01417216	1e-06	0.98582584	1e-06
0.00718783	0.01405926	0.0071882	0.97156471
0.00684321	0.98630651	1e-06	0.00684929
0.98624146	0.01375654	1e-06	1e-06
0.27900709	0.22340426	0.23929078	0.25829787
