#MA0074.1	RXRA::VDR
#p.cut	MA0074.1	EpiUwRmapDNaseMobilized.CD3.Primary.Cells.SRX089240	0.01	0.05	0.1	0.25	0.5	0.75	0.9	0.95	0.99	
#p.Tcut2	MA0074.1	EpiUwRmapDNaseMobilized.CD3.Primary.Cells.SRX089240	12.44	14.09	14.84	15.94	17.03	18.13	19.23	19.98	21.63	
#p.Tcut2b	MA0074.1	EpiUwRmapDNaseMobilized.CD3.Primary.Cells.SRX089240	11.99	13.64	14.38	15.48	16.58	17.68	18.78	19.53	21.18	
A	C	G	T
0.25798526	0.21441441	0.28042588	0.24717445
0.2340568	0.40541212	0.20715476	0.15337631
0.30531787	0.12738994	0.25205166	0.31524053
0.39574751	0.01827582	0.57683598	0.00914069
0.07230232	0.01828035	0.89114152	0.01827582
0.04569944	0.02742007	0.78344428	0.14343621
0.026745	0.05400257	0.02726788	0.89198455
0.03650988	0.84641853	0.04483192	0.07223967
0.89182693	0.01828034	0.06397426	0.02591847
0.31387204	0.27983363	0.0448773	0.36141702
0.27980054	0.17891083	0.30767427	0.23361436
0.21486195	0.00914069	0.7485773	0.02742007
0.59470687	0.01828038	0.38701175	1e-06
0.02669905	0.01828037	0.92765039	0.02737019
0.01808996	0.07175901	0.0631417	0.84700933
0.06287845	0.09939034	1e-06	0.83773021
0.00914069	0.91014957	0.00913472	0.07157503
0.87429488	0.05391187	0.04437346	0.02741978
0.25798526	0.21441441	0.28042588	0.24717445
