#MA0007.1	Ar
#p.cut	MA0007.1	UwDnaseHconf	0.01	0.05	0.1	0.25	0.5	0.75	0.9	0.95	0.99	
#p.Tcut2	MA0007.1	UwDnaseHconf	13.82	15.47	16.21	17.31	18.41	19.51	20.61	21.35	23.01	
#p.Tcut2b	MA0007.1	UwDnaseHconf	12.76	14.41	15.16	16.26	17.36	18.46	19.56	20.3	21.95	
A	C	G	T
0.28633337	0.25516588	0.21277695	0.2457238
0.40696729	0.31560375	0.08387324	0.19355571
0.42509755	0.08543466	0.11234816	0.37711964
0.5215575	0.14014421	0.15451125	0.18378704
0.72223761	0.0053938	0.26697453	0.00539406
0.01437519	0.00359572	0.94135291	0.04067618
0.58900109	0.21914441	0.04083687	0.15101763
0.95387625	0.02665009	0.00539222	0.01408144
0.00709033	0.97561775	0.0017957	0.01549622
0.86513632	0.00710028	0.09061134	0.03715206
0.17221397	0.32192141	0.11590027	0.38996435
0.26911624	0.34670755	0.10443063	0.27974557
0.25480185	0.41446177	0.32004374	0.01069264
0.12078585	0.06030443	0.01921398	0.79969574
0.00866521	0.01434823	0.97518788	0.00179869
0.0941097	0.0107744	0.00345102	0.89166488
0.34263075	0.21935863	0.04997368	0.38803694
0.02107622	0.94522283	0.01759895	0.01610199
0.10330494	0.63502783	0.0071768	0.25449044
0.25818366	0.27934911	0.14263217	0.31983506
0.2683787	0.20632244	0.35992075	0.16537812
0.41630286	0.43099934	0.01795158	0.13474622
0.24399543	0.43522371	0.20495259	0.11582826
0.28633337	0.25516588	0.21277695	0.2457238
