#MA0002.2	RUNX1
#p.cut	MA0002.2	UwDgfTh2wb54553204	0.01	0.05	0.1	0.25	0.5	0.75	0.9	0.95	0.99	
#p.Tcut2	MA0002.2	UwDgfTh2wb54553204	17.75	19.4	20.15	21.25	22.35	23.45	24.54	25.29	26.94	
#p.Tcut2b	MA0002.2	UwDgfTh2wb54553204	14.62	16.27	17.01	18.11	19.21	20.31	21.41	22.15	23.81	
A	C	G	T
0.19394938	0.19937502	0.24013598	0.36653961
0.01233754	0.01736967	0.34021996	0.63007284
0.00329835	0.01846056	0.01234398	0.96589712
1e-06	0.95321977	0.00686385	0.03991538
0.00166213	0.00889826	0.00166153	0.98777808
0.0051645	1e-06	0.99127263	0.00356187
0.00856398	0.00514723	0.00348176	0.98280703
1e-06	1e-06	0.999997	1e-06
0.00162978	0.00162883	0.99157718	0.00516422
1e-06	0.0192747	0.00355696	0.97716735
0.00506977	0.01057389	0.00176264	0.9825937
0.00175342	0.00864106	0.00529017	0.98431534
0.19394938	0.19937502	0.24013598	0.36653961
