#MA0070.1	PBX1
#p.cut	MA0070.1	UwDnaseHmvecdad	0.01	0.05	0.1	0.25	0.5	0.75	0.9	0.95	0.99	
#p.Tcut2	MA0070.1	UwDnaseHmvecdad	16.71	18.36	19.1	20.2	21.3	22.4	23.5	24.24	25.9	
#p.Tcut2b	MA0070.1	UwDnaseHmvecdad	11.57	13.22	13.97	15.07	16.17	17.26	18.36	19.11	20.76	
A	C	G	T
0.35408004	0.2368763	0.14695946	0.2620842
0.29192521	0.38406009	0.02054415	0.30347055
0.29605593	0.50036415	0.05338378	0.15019614
0.93873162	0.00684067	0.0475144	0.00691332
0.00691569	0.00681624	0.00677314	0.97949493
0.01925237	0.960678	0.00691569	0.01315395
0.98627298	0.00681534	1e-06	0.00691068
0.97298019	1e-06	0.0205109	0.00650791
1e-06	1e-06	1e-06	0.999997
0.00691569	0.99308231	1e-06	1e-06
0.98718803	1e-06	0.00640301	0.00640797
0.83835415	0.00691384	0.00635731	0.1483747
0.71346209	0.00643508	0.03292658	0.24717625
0.35408004	0.2368763	0.14695946	0.2620842
