#MA0142.1	Pou5f1
#p.cut	MA0142.1	EpiUwRmapDNaseH1.Derived.Neuronal.Progenitor.Cultured.Cells.SRX121241	0.01	0.05	0.1	0.25	0.5	0.75	0.9	0.95	0.99	
#p.Tcut2	MA0142.1	EpiUwRmapDNaseH1.Derived.Neuronal.Progenitor.Cultured.Cells.SRX121241	15.55	17.2	17.95	19.04	20.14	21.24	22.34	23.09	24.74	
#p.Tcut2b	MA0142.1	EpiUwRmapDNaseH1.Derived.Neuronal.Progenitor.Cultured.Cells.SRX121241	12.63	14.28	15.03	16.13	17.23	18.33	19.43	20.17	21.82	
A	C	G	T
0.27109808	0.21446725	0.21785598	0.29657869
0.17106034	0.39636542	0.15781225	0.27476199
0.02841185	0.67920253	0.01071241	0.28167321
0.40901986	0.01433848	0.00334684	0.57329482
1e-06	0.01408622	0.00364399	0.98226879
0.00675765	1e-06	0.00728653	0.98595482
0.03218139	0.29630465	0.64270404	0.02880992
0.30657254	0.00364399	0.00364124	0.68614223
0.13286154	0.24419176	0.1176365	0.5053102
0.9499089	0.00364399	0.01748533	0.02896178
1e-06	0.00728411	0.00364399	0.9890709
1e-06	1e-06	0.999997	1e-06
0.00364399	0.86297024	0.05037129	0.08301448
0.84530466	1e-06	1e-06	0.15469334
0.79333673	1e-06	0.185248	0.02141427
0.98922164	1e-06	0.00713897	0.00363838
0.07965187	0.03959193	0.08930107	0.79145512
0.27109808	0.21446725	0.21785598	0.29657869
