#MA0141.1	Esrrb
#p.cut	MA0141.1	EpiUwRmapDNaseH1.Derived.Neuronal.Progenitor.Cultured.Cells.SRX121241	0.01	0.05	0.1	0.25	0.5	0.75	0.9	0.95	0.99	
#p.Tcut2	MA0141.1	EpiUwRmapDNaseH1.Derived.Neuronal.Progenitor.Cultured.Cells.SRX121241	16.88	18.53	19.28	20.38	21.48	22.57	23.67	24.42	26.07	
#p.Tcut2b	MA0141.1	EpiUwRmapDNaseH1.Derived.Neuronal.Progenitor.Cultured.Cells.SRX121241	16.74	18.39	19.14	20.24	21.34	22.44	23.54	24.28	25.93	
A	C	G	T
0.26431127	0.2539356	0.30017889	0.18157424
0.43216767	0.19626828	0.19812809	0.17343596
0.23541679	0.12562663	0.4979979	0.14095869
0.19107329	0.23266491	0.29316943	0.28309237
0.2284119	0.29274609	0.31537525	0.16346676
0.44865621	0.1919552	0.19578761	0.16360098
0.2188354	0.39425239	0.20474962	0.18216258
0.20929743	0.2287512	0.23892307	0.32302829
0.44786472	0.06543708	0.16818092	0.31851728
0.02335306	0.00474802	0.95298753	0.01891139
1e-06	0.66954182	0.31188351	0.01857367
1e-06	0.29985623	0.01342143	0.68672134
0.00474855	0.97689049	0.00930531	0.00905564
0.98134648	0.00474802	0.0139045	1e-06
0.9766032	1e-06	0.0233948	1e-06
1e-06	1e-06	0.999997	1e-06
0.00942778	1e-06	0.99057022	1e-06
1e-06	0.01827909	0.00911455	0.97260536
1e-06	0.98174673	0.00438751	0.01386476
0.97276082	0.01344922	0.00938132	0.00440863
0.13046177	0.48862578	0.24201095	0.1389015
0.35728062	0.22837156	0.28461882	0.12972901
0.13379469	0.43301734	0.25654375	0.17664422
0.35788572	0.23881162	0.20870565	0.19459702
0.11512313	0.25154184	0.49308604	0.14024899
0.26431127	0.2539356	0.30017889	0.18157424
