#MA0146.1	Zfx
#p.cut	MA0146.1	EpiUwRmapDNaseFetal.Kidney.Left.SRX100977	0.01	0.05	0.1	0.25	0.5	0.75	0.9	0.95	0.99	
#p.Tcut2	MA0146.1	EpiUwRmapDNaseFetal.Kidney.Left.SRX100977	14.96	16.61	17.36	18.45	19.55	20.65	21.75	22.5	24.15	
#p.Tcut2b	MA0146.1	EpiUwRmapDNaseFetal.Kidney.Left.SRX100977	9.83	11.48	12.23	13.33	14.42	15.52	16.62	17.37	19.02	
A	C	G	T
0.11419264	0.34008335	0.41923461	0.12648941
0.0237822	0.40246423	0.53221794	0.04153563
0.02677757	0.37333316	0.54584363	0.05404564
0.08368378	0.22640312	0.6818469	0.0080662
0.01269465	0.01759986	0.96033922	0.00936626
0.00322494	0.58571798	0.40485066	0.00620642
0.00318684	0.95839824	0.00806764	0.03034728
0.00952487	0.24638341	0.58871133	0.1553804
0.2197875	0.27121765	0.50261989	0.00637496
0.00470015	0.00483296	0.98885072	0.00161617
0.0063808	0.00484396	0.98568221	0.00309304
0.00484818	0.98080221	0.00321827	0.01113134
0.00159422	0.98104096	0.0062671	0.01109773
0.00484503	0.02529261	0.00627528	0.96358708
0.02406871	0.18948601	0.77219188	0.0142534
0.11419264	0.34008335	0.41923461	0.12648941
