#MA0163.1	PLAG1
#p.cut	MA0163.1	OpenChromDnaseHsmmemb	0.01	0.05	0.1	0.25	0.5	0.75	0.9	0.95	0.99	
#p.Tcut2	MA0163.1	OpenChromDnaseHsmmemb	15.58	17.23	17.97	19.07	20.17	21.27	22.37	23.12	24.77	
#p.Tcut2b	MA0163.1	OpenChromDnaseHsmmemb	10.79	12.44	13.18	14.28	15.38	16.48	17.58	18.32	19.98	
A	C	G	T
0.16652847	0.25271789	0.43619864	0.144555
0.19812949	0.24569712	0.27846036	0.27771304
0.02174394	0.01266363	0.94823671	0.01735572
0.1188256	0.01013108	0.84159052	0.0294528
0.02997958	0.00759859	0.95267697	0.00974486
0.0221496	0.01498181	0.93293251	0.02993609
0.03462867	0.75356124	0.19425753	0.01755256
0.01714168	0.80788744	0.06008704	0.11488383
0.14405731	0.64904733	0.08533588	0.12155947
0.53211832	0.06030597	0.06758616	0.33998954
0.43744177	0.29189721	0.2385782	0.03208283
0.1236422	0.01008098	0.76749977	0.09877705
0.03934923	0.02007785	0.92811722	0.01245569
0.01501512	0.02250253	0.94992705	0.01255531
0.03652959	0.02246239	0.88893329	0.05207473
0.10417864	0.03528851	0.84041946	0.02011339
0.25750418	0.3367668	0.27157381	0.13415521
0.16652847	0.25271789	0.43619864	0.144555
