#PBM0027	/GR09/Rpn4
#p.cut	PBM0027	OpenChromDnaseNhek	0.01	0.05	0.1	0.25	0.5	0.75	0.9	0.95	0.99	
#p.Tcut2	PBM0027	OpenChromDnaseNhek	11.44	13.09	13.84	14.94	16.04	17.13	18.23	18.98	20.63	
#p.Tcut2b	PBM0027	OpenChromDnaseNhek	9.1	10.75	11.5	12.6	13.7	14.79	15.89	16.64	18.29	
A	C	G	T
0.19174959	0.38486733	0.25555556	0.16782753
0.45605673	0.185034	0.25193961	0.10696965
0.00992133	0.89117957	0.01729035	0.08160876
0.07443806	0.02474492	0.883554	0.01726302
0.00492637	0.98534272	0.00229222	0.00743869
0.00748398	0.97248697	0.00759178	0.01243727
0.84247734	0.09439766	0.05555345	0.00757156
0.00475919	0.9730545	0.00505387	0.01713243
0.01251733	0.96499744	0.00505746	0.01742777
0.02246689	0.8481463	0.08488779	0.04449901
0.18611062	0.17399325	0.24233205	0.39756408
0.30456722	0.20956167	0.38874565	0.09712547
0.28092906	0.30341832	0.28375303	0.13189959
0.25115764	0.37577914	0.13422811	0.2388351
0.11435659	0.54847108	0.15430142	0.18287092
0.19174959	0.38486733	0.25555556	0.16782753
