#PBM0164	/Cell09/HLH-2_HLH-15
#p.cut	PBM0164	UwDnaseLhcnm2Diff4d	0.01	0.05	0.1	0.25	0.5	0.75	0.9	0.95	0.99	
#p.Tcut2	PBM0164	UwDnaseLhcnm2Diff4d	13.85	15.5	16.25	17.35	18.44	19.54	20.64	21.39	23.04	
#p.Tcut2b	PBM0164	UwDnaseLhcnm2Diff4d	12.98	14.63	15.38	16.48	17.58	18.68	19.77	20.52	22.17	
A	C	G	T
0.20955326	0.29183493	0.29180338	0.20680843
0.33413885	0.0829474	0.49089791	0.09201584
0.18403615	0.26430856	0.45943163	0.09222366
0.63230185	0.33213057	0.03020024	0.00536733
0.27384459	0.34157159	0.37588852	0.00869529
0.00179121	0.99283901	1e-06	0.00536878
0.98589558	0.00179111	0.01231231	1e-06
0.00504794	0.07019142	0.91585699	0.00890365
0.00358142	0.98244652	0.00344902	0.01052304
0.00356559	0.01581251	0.00533553	0.97528637
0.00523312	0.00358132	0.98954897	0.00163659
0.01392729	0.0813245	0.54068372	0.36406449
0.02993403	0.01070346	0.8903047	0.0690578
0.06526797	0.59397431	0.22231638	0.11844134
0.07456033	0.80883877	0.02662483	0.08997607
0.22265446	0.73825994	0.01782845	0.02125715
0.00883004	0.05274308	0.0969436	0.84148328
0.20955326	0.29183493	0.29180338	0.20680843
