#PBM0162	/Cell09/HLH-2_HLH-10
#p.cut	PBM0162	UwDnaseCaco2	0.01	0.05	0.1	0.25	0.5	0.75	0.9	0.95	0.99	
#p.Tcut2	PBM0162	UwDnaseCaco2	10.74	12.39	13.14	14.24	15.34	16.43	17.53	18.28	19.93	
#p.Tcut2b	PBM0162	UwDnaseCaco2	12.13	13.78	14.53	15.63	16.73	17.83	18.92	19.67	21.32	
A	C	G	T
0.1981312	0.33552632	0.24389779	0.2224447
0.12012247	0.41756069	0.38649761	0.07581924
0.58666679	0.25947816	0.13166028	0.02219477
0.36649481	0.42139427	0.20157412	0.01053679
0.00552316	0.98892675	1e-06	0.0055491
0.98336398	1e-06	0.01663402	1e-06
0.01109801	0.98337783	0.00552316	1e-06
0.01634801	0.96274883	1e-06	0.02090216
0.00502868	0.0104094	1e-06	0.98456091
0.01057719	0.01612568	0.96774763	0.00554951
1e-06	0.07571676	0.00528635	0.91899589
0.01088088	0.05480366	0.02170559	0.91260987
0.18433565	0.44504561	0.27361155	0.09700719
0.18978327	0.6311539	0.05449651	0.12456632
0.2706815	0.15747865	0.22308254	0.34875731
0.17850121	0.20524955	0.47368653	0.14256271
0.1981312	0.33552632	0.24389779	0.2224447
