#PBM0015	/GR09/Mig2
#p.cut	PBM0015	UwDnaseTh1	0.01	0.05	0.1	0.25	0.5	0.75	0.9	0.95	0.99	
#p.Tcut2	PBM0015	UwDnaseTh1	13.44	15.09	15.84	16.94	18.04	19.13	20.23	20.98	22.63	
#p.Tcut2b	PBM0015	UwDnaseTh1	11.87	13.52	14.27	15.37	16.47	17.56	18.66	19.41	21.06	
A	C	G	T
0.26395338	0.29247607	0.18933005	0.2542405
0.10459554	0.43519334	0.10706229	0.35314884
0.40469119	0.13543485	0.26665032	0.19322364
0.23764158	0.22073789	0.20023521	0.34138532
0.35592427	0.16882225	0.31333314	0.16192033
0.1807952	0.39283947	0.06574913	0.3606162
0.20165238	0.05778492	0.05199995	0.68856274
0.61164233	0.06989606	0.27200897	0.04645265
0.01705804	0.94860281	0.00274266	0.03159648
0.01138603	0.93975216	0.0059027	0.0429591
0.01159522	0.96500905	0.00295185	0.02044388
0.03124745	0.93082259	0.00588863	0.03204132
0.60842722	0.02304192	0.36557901	0.00295185
0.01994888	0.94267021	0.02025296	0.01712795
0.91916284	0.01451889	0.05190873	0.01440953
0.32838347	0.2128851	0.0579524	0.40077903
0.20187481	0.05561923	0.0117957	0.73071026
0.18589904	0.24665213	0.12458284	0.442866
0.35986693	0.17493219	0.13092233	0.33427855
0.31072684	0.23180487	0.29013072	0.16733757
0.09493924	0.21098175	0.28186783	0.41221118
0.26395338	0.29247607	0.18933005	0.2542405
