#PBM0056	/GR09/Rds1
#p.cut	PBM0056	EpiUwRmapDNaseFetal.Muscle.Arm.SRX121245	0.01	0.05	0.1	0.25	0.5	0.75	0.9	0.95	0.99	
#p.Tcut2	PBM0056	EpiUwRmapDNaseFetal.Muscle.Arm.SRX121245	14.98	16.63	17.38	18.48	19.58	20.68	21.77	22.52	24.17	
#p.Tcut2b	PBM0056	EpiUwRmapDNaseFetal.Muscle.Arm.SRX121245	7.69	9.34	10.09	11.19	12.29	13.39	14.49	15.23	16.88	
A	C	G	T
0.13821053	0.33080702	0.37677193	0.15421053
0.12030654	0.55549507	0.11561452	0.20858387
0.15935815	0.13081322	0.53161708	0.17821155
0.10166339	0.19685879	0.4973734	0.20410442
0.21886478	0.46310664	0.16851865	0.14950993
0.04653984	0.43483733	0.29210881	0.22651402
0.10325597	0.35948749	0.23874424	0.29851231
0.00854184	0.02312055	0.53498137	0.43335623
0.01257266	0.94524103	0.01681094	0.02537538
0.0372653	0.08236594	0.85332965	0.02703911
0.01908434	0.01281719	0.96606102	0.00203745
0.00214045	0.9449101	0.03586068	0.01708877
0.01711201	0.82328506	0.11374589	0.04585704
0.01698096	0.02298035	0.9516089	0.00842979
0.44204798	0.53257167	0.01485696	0.01052339
0.15589385	0.39062195	0.38629987	0.06718433
0.17489369	0.21304475	0.50295261	0.10910894
0.0968176	0.16833373	0.53704104	0.19780763
0.11542273	0.13080725	0.63579641	0.1179736
0.14292396	0.23572346	0.49560536	0.12574721
0.25727087	0.34597902	0.191454	0.20529611
0.13821053	0.33080702	0.37677193	0.15421053
