#PBM0009	/GR09/Aro80
#p.cut	PBM0009	EpiUwRmapDNaseMobilized.CD3.Primary.Cells.SRX089240	0.01	0.05	0.1	0.25	0.5	0.75	0.9	0.95	0.99	
#p.Tcut2	PBM0009	EpiUwRmapDNaseMobilized.CD3.Primary.Cells.SRX089240	9.36	11.01	11.76	12.86	13.95	15.05	16.15	16.9	18.55	
#p.Tcut2b	PBM0009	EpiUwRmapDNaseMobilized.CD3.Primary.Cells.SRX089240	9.48	11.13	11.88	12.98	14.08	15.18	16.28	17.02	18.67	
A	C	G	T
0.24490051	0.23814291	0.27637342	0.24058316
0.07972299	0.09592675	0.6298927	0.19445756
0.35098859	0.15679432	0.32162798	0.17058911
0.11116559	0.19807168	0.41214449	0.27861823
0.45714071	0.21466692	0.24845793	0.07973443
0.4085963	0.20173746	0.27540553	0.11426071
0.2888311	0.17623363	0.09611087	0.4388244
0.03418648	0.11064514	0.34047668	0.5146917
0.00372914	0.90882013	0.00385772	0.08359301
1e-06	0.16484167	0.00771444	0.82744289
0.01492177	0.8975178	0.01152116	0.07603927
0.07911582	0.02280252	0.87527482	0.02280684
0.01909793	0.00771434	0.96238131	0.01080642
0.00751719	0.30523907	0.37518794	0.3120558
0.81829244	0.00748402	0.03053425	0.14368929
0.82882426	0.01542788	0.06811516	0.0876327
0.09531396	0.18321565	0.48450863	0.23696176
0.30177554	0.08071206	0.15322623	0.46428617
0.35035493	0.21013343	0.22951037	0.21000128
0.27817601	0.18721768	0.14532826	0.38927806
0.24490051	0.23814291	0.27637342	0.24058316
