#PBM0115	/EMBO10/Elk4_RC
#p.cut	PBM0115	OpenChromDnaseHelas3	0.01	0.05	0.1	0.25	0.5	0.75	0.9	0.95	0.99	
#p.Tcut2	PBM0115	OpenChromDnaseHelas3	11.55	13.2	13.95	15.05	16.14	17.24	18.34	19.09	20.74	
#p.Tcut2b	PBM0115	OpenChromDnaseHelas3	11.79	13.44	14.19	15.29	16.38	17.48	18.58	19.33	20.98	
A	C	G	T
0.20610968	0.31937186	0.30860017	0.16591829
0.15774717	0.56136478	0.06754251	0.21334554
0.19401939	0.29329273	0.18236946	0.33031842
0.52235744	0.03112841	0.3415553	0.10495884
0.00532522	0.98392968	0.00803507	0.00271003
0.02010304	0.95706231	0.0040638	0.01877085
0.0306591	0.0066493	0.9599821	0.0027095
0.00135591	0.00270717	0.99458102	0.00135591
0.99053068	0.00135518	0.00540638	0.00270776
0.98782882	0.00269392	0.00541518	0.00406208
0.20077511	0.00532521	0.79118886	0.00271082
0.00270998	0.36833987	0.00541331	0.62353684
0.20182901	0.1779415	0.36670192	0.25352757
0.16334906	0.5327451	0.23937338	0.06453246
0.30596917	0.35658112	0.22713935	0.11031036
0.06596945	0.27637982	0.41341596	0.24423476
0.20610968	0.31937186	0.30860017	0.16591829
