#PBM0138	/Cell09/HLH-1_RC
#p.cut	PBM0138	UwDnaseLhcnm2Diff4d	0.01	0.05	0.1	0.25	0.5	0.75	0.9	0.95	0.99	
#p.Tcut2	PBM0138	UwDnaseLhcnm2Diff4d	12.51	14.16	14.9	16	17.1	18.2	19.3	20.05	21.7	
#p.Tcut2b	PBM0138	UwDnaseLhcnm2Diff4d	12.47	14.12	14.86	15.96	17.06	18.16	19.26	20.01	21.66	
A	C	G	T
0.22443628	0.28667761	0.23628158	0.25260454
0.04686744	0.43649877	0.16557284	0.35106095
0.05510053	0.46388807	0.14392531	0.33708609
0.28040091	0.24372026	0.13230269	0.34357614
0.07883174	0.32701686	0.11669152	0.47745988
0.27303719	0.05893617	0.65893637	0.00909027
0.89018966	0.00685601	0.04701888	0.05593545
0.00101145	0.9879681	0.00697765	0.0040428
0.99110776	0.00101145	0.00586089	0.0020199
0.01199046	0.01681964	0.9702061	0.0009838
1e-06	0.96700834	0.02091509	0.01207557
0.00202133	0.0069469	0.0010108	0.99002097
0.00502627	0.00101061	0.99301595	0.00094716
0.01207526	0.09276361	0.0138845	0.88127663
0.00303235	0.66153664	0.0288034	0.30662761
0.08792617	0.52238507	0.14599967	0.24368909
0.3124289	0.4836392	0.0430562	0.1608757
0.22443628	0.28667761	0.23628158	0.25260454
