#PBM0018	/GR09/Oaf1
#p.cut	PBM0018	EpiUwRmapDNaseMobilized.CD3.Primary.Cells.SRX089240	0.01	0.05	0.1	0.25	0.5	0.75	0.9	0.95	0.99	
#p.Tcut2	PBM0018	EpiUwRmapDNaseMobilized.CD3.Primary.Cells.SRX089240	10.64	12.29	13.03	14.13	15.23	16.33	17.43	18.18	19.83	
#p.Tcut2b	PBM0018	EpiUwRmapDNaseMobilized.CD3.Primary.Cells.SRX089240	8.47	10.12	10.87	11.97	13.07	14.16	15.26	16.01	17.66	
A	C	G	T
0.27082981	0.22984621	0.21091769	0.28840629
0.06158328	0.18117187	0.11847499	0.63876986
0.13951532	0.26277814	0.07222022	0.52548632
0.12908333	0.19658503	0.22803307	0.44629857
0.24698167	0.23796214	0.26392146	0.25113473
0.14953083	0.39114794	0.18636727	0.27295396
0.25098031	0.07701619	0.07255661	0.59944689
0.07169615	0.01561378	0.01019474	0.90249533
0.89610413	0.01565432	0.01043317	0.07780838
0.62329015	0.00521877	0.01041396	0.36107711
0.44865648	0.17041736	0.14269366	0.2382325
0.00521466	0.11383033	0.01565425	0.86530075
0.0151752	0.96916948	0.00521877	0.01043654
0.03046436	0.87202509	0.00995743	0.08755312
0.09718311	0.01966363	0.87280631	0.01034695
0.68485629	0.00521844	0.24347141	0.06645386
0.55497979	0.07180232	0.23863939	0.1345785
0.4506432	0.24885526	0.22794053	0.07256101
0.12892322	0.19576492	0.16445654	0.51085532
0.27082981	0.22984621	0.21091769	0.28840629
