#PBM0060	/GR09/Cep3
#p.cut	PBM0060	OpenChromDnaseHsmmfshd	0.01	0.05	0.1	0.25	0.5	0.75	0.9	0.95	0.99	
#p.Tcut2	PBM0060	OpenChromDnaseHsmmfshd	10.9	12.55	13.3	14.4	15.5	16.59	17.69	18.44	20.09	
#p.Tcut2b	PBM0060	OpenChromDnaseHsmmfshd	10.87	12.52	13.26	14.36	15.46	16.56	17.66	18.4	20.06	
A	C	G	T
0.25062189	0.23855721	0.27447139	0.2363495
0.07182416	0.1331022	0.63741425	0.15765939
0.20425855	0.15139712	0.51750161	0.12684272
0.26637072	0.38420832	0.07841431	0.27100665
0.13931736	0.294681	0.47535304	0.09064859
0.41117009	0.14275738	0.20215291	0.24391962
0.05765195	0.68444161	0.11308865	0.14481779
0.00929671	0.45908216	0.03419185	0.49742928
0.00566466	0.0093915	0.01330477	0.97163906
0.00744779	0.88297222	0.03893967	0.07064032
0.09425208	0.16550292	0.70541766	0.03482734
0.0294735	0.01319084	0.95196634	0.00536932
0.79049716	0.0316012	0.16870187	0.00919977
0.9495699	0.01091531	0.02658777	0.01292702
0.74073273	0.08446778	0.1093151	0.06548439
0.23377399	0.35813983	0.14914941	0.25893677
0.29845599	0.35839601	0.1588205	0.1843275
0.11713811	0.14303428	0.20430782	0.53551978
0.20745768	0.13616825	0.50746947	0.1489046
0.46117467	0.06060457	0.30685907	0.17136169
0.17475659	0.0934532	0.62268285	0.10910736
0.25062189	0.23855721	0.27447139	0.2363495
