#PBM0023	/GR09/Mbp1
#p.cut	PBM0023	EpiUwRmapDNaseMobilized.CD3.Primary.Cells.SRX089240	0.01	0.05	0.1	0.25	0.5	0.75	0.9	0.95	0.99	
#p.Tcut2	PBM0023	EpiUwRmapDNaseMobilized.CD3.Primary.Cells.SRX089240	7.52	9.17	9.92	11.02	12.12	13.22	14.32	15.06	16.71	
#p.Tcut2b	PBM0023	EpiUwRmapDNaseMobilized.CD3.Primary.Cells.SRX089240	8.37	10.02	10.77	11.87	12.97	14.06	15.16	15.91	17.56	
A	C	G	T
0.23252212	0.2754056	0.31356932	0.17850295
0.21409214	0.19707107	0.50266819	0.08616859
0.21903224	0.22145796	0.43609715	0.12341265
0.32228248	0.10106448	0.47050153	0.10615152
0.29844224	0.25212495	0.27028671	0.1791461
0.24298795	0.10374243	0.5647024	0.08856721
0.88070948	0.01325667	0.04612996	0.05990389
0.00223017	0.92024841	0.01995219	0.05756923
0.13843569	0.00430095	0.85503322	0.00223014
0.01316844	0.79114657	0.01296614	0.18271885
0.03963039	0.0155526	0.94035762	0.00445938
0.03551759	0.02875523	0.01096906	0.92475812
0.0706101	0.56660653	0.32724357	0.03553981
0.69413528	0.02871189	0.21966822	0.05748462
0.19900115	0.26587147	0.40904003	0.12608736
0.31367645	0.25015382	0.33647228	0.09969744
0.26561714	0.22601019	0.21261458	0.29575809
0.24735463	0.21715164	0.49543888	0.04005486
0.3058413	0.44571241	0.16170884	0.08673745
0.47692111	0.23477392	0.19109165	0.09721331
0.23252212	0.2754056	0.31356932	0.17850295
