#PBM0041	/GR09/Stp2
#p.cut	PBM0041	EpiUwRmapDNaseFetal.Stomach.SRX055162	0.01	0.05	0.1	0.25	0.5	0.75	0.9	0.95	0.99	
#p.Tcut2	PBM0041	EpiUwRmapDNaseFetal.Stomach.SRX055162	14.1	15.75	16.49	17.59	18.69	19.79	20.89	21.64	23.29	
#p.Tcut2b	PBM0041	EpiUwRmapDNaseFetal.Stomach.SRX055162	7.21	8.86	9.6	10.7	11.8	12.9	14	14.75	16.4	
A	C	G	T
0.13795732	0.3945376	0.33915142	0.12835366
0.09887202	0.40065949	0.24095756	0.25951094
0.19211658	0.34706534	0.37847973	0.08233834
0.24302968	0.34304569	0.33461072	0.07931391
0.13495304	0.34057107	0.33115744	0.19331845
0.07626574	0.59224345	0.16106013	0.17043068
0.19702905	0.13463626	0.6251832	0.04315149
0.0289731	0.01220745	0.94963066	0.0091888
0.01834808	0.90427971	0.01069555	0.06667666
0.00608242	0.00618273	0.98308369	0.00465116
0.0015508	0.91434469	0.07959529	0.00450923
0.00606584	0.91807711	0.05765142	0.01820562
0.01677188	0.00921369	0.96180635	0.01220808
0.01074084	0.82826064	0.00922749	0.15177104
0.35512031	0.00770387	0.62646137	0.01071446
0.04558212	0.6015675	0.22641808	0.12643229
0.13727144	0.42973495	0.37074184	0.06225177
0.17990009	0.39447889	0.3068013	0.11881972
0.15010038	0.57832445	0.17859346	0.09298171
0.07021443	0.36351627	0.40939265	0.15687665
0.2212739	0.43132154	0.15219451	0.19521005
0.13795732	0.3945376	0.33915142	0.12835366
