#PBM0062	/GR09/Met32
#p.cut	PBM0062	EpiUwRmapDNaseMobilized.CD3.Primary.Cells.SRX089240	0.01	0.05	0.1	0.25	0.5	0.75	0.9	0.95	0.99	
#p.Tcut2	PBM0062	EpiUwRmapDNaseMobilized.CD3.Primary.Cells.SRX089240	10.98	12.63	13.38	14.47	15.57	16.67	17.77	18.52	20.17	
#p.Tcut2b	PBM0062	EpiUwRmapDNaseMobilized.CD3.Primary.Cells.SRX089240	11.55	13.2	13.94	15.04	16.14	17.24	18.34	19.09	20.74	
A	C	G	T
0.18487137	0.27340824	0.30423037	0.23749002
0.0817097	0.40472441	0.24855645	0.26500944
0.09013458	0.2888759	0.27355932	0.3474302
0.14961865	0.39359035	0.22085039	0.23594061
0.24274685	0.24020549	0.32991178	0.18713588
0.41250889	0.14614762	0.19092482	0.25041867
0.72241575	0.00751454	0.2174828	0.05258692
0.05260025	0.47562137	0.44587598	0.0259024
0.01102304	0.0301214	0.00756887	0.95128669
0.02544352	0.00377795	0.97077753	1e-06
1e-06	0.0260952	0.00756766	0.96633614
0.01861101	0.00756165	0.9700424	0.00378494
0.02239017	0.01135281	0.95180501	0.01445202
0.01071587	0.94463724	0.02246199	0.02218491
0.04123843	0.01128086	0.64128834	0.30619237
1e-06	0.66732802	0.03402736	0.29864363
0.05601839	0.51005224	0.22461929	0.20931009
0.18487137	0.27340824	0.30423037	0.23749002
