#PBM0091	/GR09/Pbf2
#p.cut	PBM0091	UwDnaseCaco2	0.01	0.05	0.1	0.25	0.5	0.75	0.9	0.95	0.99	
#p.Tcut2	PBM0091	UwDnaseCaco2	8.01	9.66	10.41	11.5	12.6	13.7	14.8	15.55	17.2	
#p.Tcut2b	PBM0091	UwDnaseCaco2	9.23	10.88	11.62	12.72	13.82	14.92	16.02	16.77	18.42	
A	C	G	T
0.16460355	0.35400636	0.260455	0.2209351
0.24060448	0.20277417	0.22918341	0.32743795
0.0913128	0.33220588	0.35695539	0.21952593
0.10447218	0.49975449	0.22500409	0.17076924
0.12322988	0.31052424	0.23775129	0.32849458
0.12966101	0.15544453	0.45251406	0.2623804
0.0510256	0.65657384	0.15205558	0.14034497
0.43629849	0.06658107	0.11264527	0.38447516
0.01791402	0.45347887	0.4590574	0.06954971
0.00241272	0.85453833	0.13021855	0.0128304
0.00241284	0.02528904	0.05366329	0.91863483
0.00757328	0.97975306	0.00770736	0.0049663
0.93167456	0.00766032	0.04268391	0.0179812
0.00773836	0.01752741	0.0306288	0.94410542
0.00260631	0.95170753	0.00260687	0.04307929
0.0358644	0.02258877	0.83972375	0.10182308
0.13283001	0.68260872	0.16704231	0.01751896
0.17376502	0.43838276	0.21452657	0.17332564
0.09613014	0.41104736	0.08414235	0.40868015
0.11658981	0.51028769	0.18150206	0.19162044
0.05887488	0.59764825	0.14324286	0.20023401
0.12720696	0.21772013	0.22412319	0.43094971
0.16460355	0.35400636	0.260455	0.2209351
