#PBM0104	/EMBO10/Etv5
#p.cut	PBM0104	OpenChromDnaseGm12891	0.01	0.05	0.1	0.25	0.5	0.75	0.9	0.95	0.99	
#p.Tcut2	PBM0104	OpenChromDnaseGm12891	7.18	8.83	9.58	10.68	11.77	12.87	13.97	14.72	16.37	
#p.Tcut2b	PBM0104	OpenChromDnaseGm12891	9.51	11.16	11.91	13.01	14.11	15.21	16.31	17.05	18.7	
A	C	G	T
0.1744709	0.33699295	0.27969577	0.20884039
0.14134505	0.5637597	0.21239568	0.08249957
0.23371295	0.16140442	0.36549718	0.23938545
0.15844173	0.51530276	0.16379132	0.1624642
0.35278538	0.44590021	0.0987864	0.10252801
0.7705464	0.00611791	0.22208611	0.00124959
1e-06	0.94856297	0.00849902	0.042937
0.09742283	0.00372896	0.00237707	0.89647114
0.0012478	0.00365505	0.00249818	0.99259897
1e-06	0.99639726	0.00122073	0.002381
0.00124862	0.97360731	0.00367646	0.02146761
0.01215943	0.00247628	0.93672506	0.04863923
0.00623495	0.00863115	0.98388431	0.00124959
0.11207371	0.2526665	0.01605731	0.61920249
0.16523156	0.29733161	0.25439928	0.28303754
0.13029507	0.38452887	0.21484947	0.27032659
0.09172555	0.536082	0.18944045	0.18275201
0.1744709	0.33699295	0.27969577	0.20884039
