#PBM0093	/GR09/Lys14
#p.cut	PBM0093	EpiUwRmapDNaseMobilized.CD3.Primary.Cells.SRX089240	0.01	0.05	0.1	0.25	0.5	0.75	0.9	0.95	0.99	
#p.Tcut2	PBM0093	EpiUwRmapDNaseMobilized.CD3.Primary.Cells.SRX089240	10.2	11.85	12.6	13.7	14.79	15.89	16.99	17.74	19.39	
#p.Tcut2b	PBM0093	EpiUwRmapDNaseMobilized.CD3.Primary.Cells.SRX089240	9.48	11.13	11.87	12.97	14.07	15.17	16.27	17.02	18.67	
A	C	G	T
0.25037879	0.25931818	0.22143939	0.26886364
0.10450864	0.3597106	0.24173755	0.29404321
0.28180251	0.39466718	0.1326022	0.19092812
0.35449335	0.21774992	0.22411103	0.20364571
0.79051362	0.00902947	0.07272459	0.12773233
0.95410983	0.00918216	0.01371651	0.0229915
0.88168204	0.02254765	0.03186563	0.06390468
0.0091972	0.02728828	0.01362166	0.94989286
0.0091972	0.0911013	0.0045991	0.8951024
0.01377298	0.97276466	1e-06	0.01346136
1e-06	0.8813368	0.0183934	0.1002688
0.05854845	0.01771805	0.88337559	0.04035791
0.03142886	0.22278519	0.37869123	0.36709473
0.20850526	0.10455479	0.40542483	0.28151512
0.18149459	0.31770418	0.22827073	0.2725305
0.14007581	0.20427722	0.32748253	0.32816443
0.21686156	0.30518188	0.18263675	0.29531981
0.19909108	0.28228895	0.10940625	0.40921372
0.25037879	0.25931818	0.22143939	0.26886364
