#PBM0114	/EMBO10/Fli1
#p.cut	PBM0114	OpenChromDnaseUrotsa	0.01	0.05	0.1	0.25	0.5	0.75	0.9	0.95	0.99	
#p.Tcut2	PBM0114	OpenChromDnaseUrotsa	8.1	9.75	10.5	11.6	12.7	13.79	14.89	15.64	17.29	
#p.Tcut2b	PBM0114	OpenChromDnaseUrotsa	9.92	11.57	12.32	13.42	14.52	15.61	16.71	17.46	19.11	
A	C	G	T
0.17473275	0.30648688	0.29023324	0.22854713
0.25787545	0.44426273	0.20254407	0.09531775
0.12515862	0.24671094	0.35426844	0.273862
0.06811325	0.34996111	0.37300354	0.20892209
0.25252089	0.40951972	0.20900845	0.12895094
0.80406541	0.00400156	0.18516132	0.00677171
0.00269238	0.74365632	0.0053767	0.2482746
0.00387402	0.00515004	0.00138011	0.98959583
0.00138011	0.00523261	1e-06	0.99338628
0.00138011	0.99209205	0.00263524	0.0038926
0.00814353	0.962895	1e-06	0.02896047
0.01932263	0.00540224	0.92297104	0.05230409
0.00527582	0.00413806	0.9825277	0.00805843
0.12589858	0.17927747	0.01476106	0.68006289
0.23640278	0.2133892	0.22879594	0.32141208
0.13820438	0.17882193	0.38291604	0.30005765
0.09625183	0.53989733	0.14932433	0.21452651
0.17473275	0.30648688	0.29023324	0.22854713
