#PBM0187	/Cell09/MDL-1_RC
#p.cut	PBM0187	UwDnaseTh1	0.01	0.05	0.1	0.25	0.5	0.75	0.9	0.95	0.99	
#p.Tcut2	PBM0187	UwDnaseTh1	22.94	24.59	25.34	26.44	27.53	28.63	29.73	30.48	32.13	
#p.Tcut2b	PBM0187	UwDnaseTh1	10.92	12.57	13.32	14.41	15.51	16.61	17.71	18.46	20.11	
A	C	G	T
0.29170706	0.12769052	0.12100058	0.45960184
0.03454675	0.02626408	0.01606715	0.92312202
0.09909823	0.00675046	0.01057351	0.88357781
0.44810602	0.01745569	0.02480149	0.50963679
0.00354903	0.00870616	0.00168837	0.98605644
0.00860866	0.01071913	0.00354863	0.97712358
0.00168837	0.0050631	0.0052364	0.98801214
0.01215895	0.00683302	0.00702239	0.97398565
0.20030862	0.01417933	0.00878443	0.77672761
0.92252878	0.01220465	0.00532094	0.05994562
0.95744661	0.0034366	0.01076627	0.02835051
0.04075641	0.01565913	0.01215745	0.93142702
0.52408804	0.35899175	0.08091796	0.03600225
0.28121395	0.01398095	0.00890893	0.69589617
0.00168837	0.0104576	1e-06	0.98785303
0.29170706	0.12769052	0.12100058	0.45960184
